1      404 0 1 90F  BROKEN BOW
100   15.24   1   0 0.25 0 2 0 17   34.01833300 -094.75861400    0.00    0.00 2  0 0 0 35   34.00944400 -094.75861400    0.00    0.00 2  0 0 0
21   34.01653315 -094.75829241  2 180.00   3.00 17  PAPI-4L
21   34.01124385 -094.75893557  2   0.00   3.00 35  PAPI-4L
110   1 0.30 180.00 Default taxiway for RWY 17
111  34.01833300 -094.75869402   3 102 
111  34.01833300 -094.75911040   3 102 
111  34.00944400 -094.75911035   3 102 
111  34.00944400 -094.75869401 
112  34.00958115 -094.75869401  34.00951257 -094.75869673   3 102 
111  34.00951257 -094.75879600   3 102 
112  34.00951257 -094.75892836  34.00951257 -094.75902763   3 102 
111  34.00958115 -094.75902763   3 102 
111  34.01385421 -094.75902765   3 102 
111  34.01385421 -094.75869402 
111  34.01392279 -094.75869402   3 102 
111  34.01392279 -094.75902765   3 102 
112  34.01819585 -094.75902767  34.01826443 -094.75902767   3 102 
111  34.01826443 -094.75892839   3 102 
112  34.01826443 -094.75879601  34.01826443 -094.75869673   3 102 
113  34.01819585 -094.75869402 
120 Default hold RWY 17 (near)
111  34.01833300 -094.75886220   4 
115  34.01826443 -094.75886220 
120 Default hold RWY 17 (centre)
111  34.01392279 -094.75886219   4 
115  34.01385421 -094.75886219 
120 Default hold RWY 17 (far)
111  34.00951257 -094.75886218   4 
115  34.00944400 -094.75886218 
18   34.01388937 -094.75803489 1 BCN
19   34.01847015 -094.75836580 1 WS
19   34.00930685 -094.75886217 1 WS
51 12290 CTAF/UNICOM
