1      832 0 1 91C  Sauk-Prairie
100    9.75   1   0 0.25 0 2 0 18   43.30096468 -089.75595639    0.00    0.00 2  0 0 0 36   43.29290032 -089.75595639    0.00    0.00 2  0 0 0
21   43.29916483 -089.75562405  2 180.00   3.00 18  PAPI-4L
21   43.29470017 -089.75628871  2   0.00   3.00 36  PAPI-4L
110   1 0.30 180.00 Default taxiway for RWY 18
111  43.30096468 -089.75601360   3 102 
111  43.30096468 -089.75631822   3 102 
111  43.29290032 -089.75631817   3 102 
111  43.29290032 -089.75601360 
112  43.29298810 -089.75601360  43.29294421 -089.75601669   3 102 
111  43.29294421 -089.75608904   3 102 
112  43.29294421 -089.75618552  43.29294421 -089.75625788   3 102 
111  43.29298810 -089.75625788   3 102 
111  43.29691056 -089.75625790   3 102 
111  43.29691056 -089.75601360 
111  43.29695444 -089.75601360   3 102 
111  43.29695444 -089.75625790   3 102 
112  43.30087690 -089.75625791  43.30092079 -089.75625792   3 102 
111  43.30092079 -089.75618555   3 102 
112  43.30092079 -089.75608906  43.30092079 -089.75601670   3 102 
113  43.30087690 -089.75601360 
120 Default hold RWY 18 (near)
111  43.30096468 -089.75613731   4 
115  43.30092079 -089.75613731 
120 Default hold RWY 18 (centre)
111  43.29695444 -089.75613729   4 
115  43.29691056 -089.75613729 
120 Default hold RWY 18 (far)
111  43.29294421 -089.75613728   4 
115  43.29290032 -089.75613728 
18   43.29693250 -089.75553428 1 BCN
19   43.30105246 -089.75577547 1 WS
19   43.29281254 -089.75613728 1 WS
