1      851 0 1 91F  ARROWHEAD
100   18.29   1   0 0.25 0 2 0 15   35.16089700 -095.62315300    0.00    0.00 2  0 0 0 33   35.15180300 -095.61935000    0.00    0.00 2  0 0 0
21   35.15927589 -095.62214759  1 161.12   3.00 15  VASI
21   35.15342414 -095.62035524  1 341.13   3.00 33  VASI
110   1 0.30 161.12 Default taxiway for RWY 15
111  35.16087110 -095.62324564   3 102 
111  35.16073726 -095.62372445   3 102 
111  35.15164332 -095.61992096   3 102 
111  35.15177716 -095.61944220 
112  35.15193289 -095.61950734  35.15185430 -095.61947737   3 102 
111  35.15182235 -095.61959165   3 102 
112  35.15177975 -095.61974402  35.15174780 -095.61985829   3 102 
111  35.15182567 -095.61989087   3 102 
111  35.15617798 -095.62171118   3 102 
111  35.15628520 -095.62132763 
111  35.15636306 -095.62136020   3 102 
111  35.15625584 -095.62174375   3 102 
112  35.16060815 -095.62356408  35.16068602 -095.62359664   3 102 
111  35.16071797 -095.62348235   3 102 
112  35.16076057 -095.62332996  35.16079252 -095.62321567   3 102 
113  35.16071537 -095.62318051 
120 Default hold RWY 15 (near)
111  35.16081713 -095.62343872   4 
115  35.16073927 -095.62340615 
120 Default hold RWY 15 (centre)
111  35.15630909 -095.62155328   4 
115  35.15623123 -095.62152071 
120 Default hold RWY 15 (far)
111  35.15180105 -095.61966783   4 
115  35.15172319 -095.61963526 
18   35.15653872 -095.62058561 1 BCN
19   35.16113260 -095.62293240 1 WS
19   35.15156741 -095.61957058 1 WS
51 12290 CTAF
