1       34 0 1 91TS SONGBIRD RANCH
100    9.14   2   0 0.25 0 1 0 15   29.37238300 -095.34244700    0.00    0.00 2  0 0 0 33   29.36476100 -095.33742500    0.00    0.00 2  0 0 0
110   2 0.30 150.13 Default taxiway for RWY 15
111  29.37236363 -095.34248570  53 102 
111  29.37226007 -095.34269266  53 102 
111  29.36463816 -095.33767026  53 102 
111  29.36474172 -095.33746332 
112  29.36481308 -095.33751035  29.36477628 -095.33748908  53 102 
111  29.36475169 -095.33753821  53 102 
112  29.36471891 -095.33760371  29.36469433 -095.33765284  53 102 
111  29.36473001 -095.33767635  53 102 
111  29.36845177 -095.34012877  53 102 
111  29.36853484 -095.33996276 
111  29.36857052 -095.33998627  53 102 
111  29.36848745 -095.34015228  53 102 
112  29.37220920 -095.34260470  29.37224488 -095.34262821  53 102 
111  29.37226946 -095.34257908  53 102 
112  29.37230224 -095.34251357  29.37232683 -095.34246443  53 102 
113  29.37229227 -095.34243868 
120 Default hold RWY 15 (near)
111  29.37232153 -095.34256983  54 
115  29.37228585 -095.34254632 
120 Default hold RWY 15 (centre)
111  29.36852842 -095.34007040  54 
115  29.36849274 -095.34004689 
120 Default hold RWY 15 (far)
111  29.36473530 -095.33757096  54 
115  29.36469962 -095.33754744 
18   29.36871575 -095.33964940 1 BCN
19   29.37251583 -095.34237119 1 WS
19   29.36462818 -095.33750080 1 WS
