1      235 0 1 91TX PAISANO RANCH
100   48.77   1   0 0.25 0 1 0 15   28.40140800 -098.36570600    0.00    0.00 2  0 0 0 33   28.39247500 -098.35987200    0.00    0.00 2  0 0 0
110   1 0.30 150.12 Default taxiway for RWY 15
111  28.40129980 -098.36592009   3 102 
111  28.40075210 -098.36700384   3 102 
111  28.39181922 -098.36116924   3 102 
111  28.39236692 -098.36008558 
112  28.39274747 -098.36033413  28.39255608 -098.36021207   3 102 
111  28.39242490 -098.36047161   3 102 
112  28.39225000 -098.36081768  28.39211882 -098.36107722   3 102 
111  28.39230909 -098.36120150   3 102 
111  28.39629985 -098.36380810   3 102 
111  28.39673823 -098.36294070 
111  28.39692850 -098.36306497   3 102 
111  28.39649012 -098.36393238   3 102 
112  28.40048088 -098.36653898  28.40067115 -098.36666325   3 102 
111  28.40080233 -098.36640368   3 102 
112  28.40097723 -098.36605759  28.40110841 -098.36579803   3 102 
113  28.40091926 -098.36567154 
120 Default hold RWY 15 (near)
111  28.40108005 -098.36635492   4 
115  28.40088978 -098.36623064 
120 Default hold RWY 15 (centre)
111  28.39670875 -098.36349978   4 
115  28.39651848 -098.36337551 
120 Default hold RWY 15 (far)
111  28.39233745 -098.36064465   4 
115  28.39214717 -098.36052037 
18   28.39770899 -098.36127611 1 BCN
19   28.40211649 -098.36530563 1 WS
19   28.39176653 -098.36027237 1 WS
