1      192 0 1 92CA WESTLAKE FARMS
100   15.24   1   0 0.25 0 2 0 14   36.12111400 -119.89333100    0.00    0.00 2  0 0 0 32   36.11194700 -119.88805000    0.00    0.00 2  0 0 0
110   1 0.30 155.04 Default taxiway for RWY 14
111  36.12108601 -119.89340544   3 102 
111  36.12094039 -119.89379280   3 102 
111  36.11177351 -119.88851112   3 102 
111  36.11191913 -119.88812381 
112  36.11204347 -119.88819545  36.11198036 -119.88816216   3 102 
111  36.11194563 -119.88825451   3 102 
112  36.11189934 -119.88837764  36.11186462 -119.88846999   3 102 
111  36.11192679 -119.88850581   3 102 
111  36.11635480 -119.89105709   3 102 
111  36.11647148 -119.89074672 
111  36.11653365 -119.89078254   3 102 
111  36.11641697 -119.89109291   3 102 
112  36.12084499 -119.89364419  36.12090716 -119.89368001   3 102 
111  36.12094188 -119.89358765   3 102 
112  36.12098817 -119.89346451  36.12102290 -119.89337215   3 102 
113  36.12096167 -119.89333380 
120 Default hold RWY 14 (near)
111  36.12102720 -119.89356190   4 
115  36.12096503 -119.89352608 
120 Default hold RWY 14 (centre)
111  36.11647484 -119.89093898   4 
115  36.11641267 -119.89090316 
120 Default hold RWY 14 (far)
111  36.11192249 -119.88831607   4 
115  36.11186032 -119.88828025 
18   36.11673329 -119.89015157 1 BCN
19   36.12132514 -119.89317174 1 WS
19   36.11173586 -119.88820926 1 WS
51 12290 CTAF
