1     1135 0 1 92F  CHATTANOOGA SKY HARBOR
100   18.29   1   0 0.25 0 2 0 17   34.37972200 -098.68777500    0.00   60.96 2  0 0 0 35   34.37027800 -098.68777500    0.00   60.96 2  0 0 0
110   1 0.30 180.00 Default taxiway for RWY 17
111  34.37972200 -098.68787198   3 102 
111  34.37972200 -098.68837324   3 102 
111  34.37027800 -098.68837317   3 102 
111  34.37027800 -098.68787197 
112  34.37044258 -098.68787197  34.37036029 -098.68787470   3 102 
111  34.37036029 -098.68799433   3 102 
112  34.37036029 -098.68815384  34.37036029 -098.68827348   3 102 
111  34.37044258 -098.68827348   3 102 
111  34.37495886 -098.68827351   3 102 
111  34.37495886 -098.68787198 
111  34.37504114 -098.68787198   3 102 
111  34.37504114 -098.68827351   3 102 
112  34.37955742 -098.68827353  34.37963971 -098.68827353   3 102 
111  34.37963971 -098.68815389   3 102 
112  34.37963971 -098.68799435  34.37963971 -098.68787471   3 102 
113  34.37955742 -098.68787198 
120 Default hold RWY 17 (near)
111  34.37972200 -098.68807412   4 
115  34.37963971 -098.68807412 
120 Default hold RWY 17 (centre)
111  34.37504114 -098.68807410   4 
115  34.37495886 -098.68807410 
120 Default hold RWY 17 (far)
111  34.37036029 -098.68807409   4 
115  34.37027800 -098.68807409 
18   34.37500133 -098.68707709 1 BCN
19   34.37988658 -098.68747588 1 WS
19   34.37011342 -098.68807409 1 WS
51 12290 CTAF
