1       24 0 1 92XS T R FUNK INC
100    6.10   1   0 0.25 0 0 0 14   26.48194400 -097.69027800    0.00    0.00 2  0 0 0 32   26.47583300 -097.68416700    0.00    0.00 2  0 0 0
110   1 0.30 138.17 Default taxiway for RWY 14
111  26.48192721 -097.69029896   3 
111  26.48183423 -097.69041500   3 
111  26.47572336 -097.68430367   3 
111  26.47581634 -097.68418764 
112  26.47585722 -097.68422851  26.47583528 -097.68420994   3 
111  26.47581332 -097.68423734   3 
112  26.47578405 -097.68427387  26.47576210 -097.68430127   3 
111  26.47578254 -097.68432171   3 
111  26.47878688 -097.68732628   3 
111  26.47886156 -097.68723308 
111  26.47888199 -097.68725352   3 
111  26.47880731 -097.68734672   3 
112  26.48181165 -097.69035129  26.48183209 -097.69037173   3 
111  26.48185404 -097.69034433   3 
112  26.48188331 -097.69030779  26.48190527 -097.69028039   3 
113  26.48188633 -097.69025808 
120 Default hold RWY 14 (near)
111  26.48188912 -097.69034650   4 
115  26.48186868 -097.69032606 
120 Default hold RWY 14 (centre)
111  26.47884390 -097.68730106   4 
115  26.47882347 -097.68728062 
120 Default hold RWY 14 (far)
111  26.47579869 -097.68425561   4 
115  26.47577825 -097.68423518 
19   26.48203976 -097.69025038 1 WS
19   26.47573724 -097.68419463 1 WS
