1     6126 0 1 94E  WHISKEY CREEK
100   15.24   1   0 0.25 0 1 0 17   32.76934400 -108.20762200    0.00    0.00 2  0 0 0 35   32.75455900 -108.20915300    0.00    0.00 2  0 0 1
110   1 0.30 184.98 Default taxiway for RWY 17
111  32.76934975 -108.20770058   3 102 
111  32.76937970 -108.20810947   3 102 
111  32.75459471 -108.20964064   3 102 
111  32.75456476 -108.20923182 
112  32.75470139 -108.20921767  32.75463328 -108.20922741   3 102 
111  32.75464042 -108.20932489   3 102 
112  32.75464994 -108.20945486  32.75465708 -108.20955234   3 102 
111  32.75472539 -108.20954526   3 102 
111  32.76194710 -108.20879735   3 102 
111  32.76192310 -108.20846973 
111  32.76199141 -108.20846266   3 102 
111  32.76201541 -108.20879028   3 102 
112  32.76923712 -108.20804238  32.76930543 -108.20803531   3 102 
111  32.76929829 -108.20793781   3 102 
112  32.76928877 -108.20780782  32.76928163 -108.20771033   3 102 
113  32.76921312 -108.20771473 
120 Default hold RWY 17 (near)
111  32.76936185 -108.20786574   4 
115  32.76929353 -108.20787282 
120 Default hold RWY 17 (centre)
111  32.76200351 -108.20862781   4 
115  32.76193520 -108.20863488 
120 Default hold RWY 17 (far)
111  32.75464518 -108.20938988   4 
115  32.75457686 -108.20939695 
18   32.76191056 -108.20781888 1 BCN
19   32.76946278 -108.20736411 1 WS
19   32.75444022 -108.20941085 1 WS
51 12280 CTAF/UNICOM
