1     1482 0 1 94K  CASSVILLE MUNI
100   18.29   1   0 0.25 0 2 0 09   36.69738900 -093.90666700    0.00    0.00 2  0 0 0 27   36.69743600 -093.89438600    0.00    0.00 2  0 0 0
110   1 0.30  89.72 Default taxiway for RWY 09
111  36.69730896 -093.90666652   3 102 
111  36.69689527 -093.90666402   3 102 
111  36.69694290 -093.89438303   3 102 
111  36.69735659 -093.89438553 
112  36.69735579 -093.89459079  36.69735394 -093.89448814   3 102 
111  36.69725520 -093.89448755   3 102 
112  36.69712353 -093.89448675  36.69702479 -093.89448616   3 102 
111  36.69702439 -093.89458879   3 102 
111  36.69700157 -093.90047271   3 102 
111  36.69733297 -093.90047471 
111  36.69733258 -093.90057734   3 102 
111  36.69700118 -093.90057534   3 102 
112  36.69697836 -093.90645926  36.69697796 -093.90656189   3 102 
111  36.69707670 -093.90656248   3 102 
112  36.69720837 -093.90656328  36.69730711 -093.90656387   3 102 
113  36.69730976 -093.90646126 
120 Default hold RWY 09 (near)
111  36.69714213 -093.90666551   4 
115  36.69714253 -093.90656288 
120 Default hold RWY 09 (centre)
111  36.69716575 -093.90057633   4 
115  36.69716614 -093.90047370 
120 Default hold RWY 09 (far)
111  36.69718936 -093.89448715   4 
115  36.69718976 -093.89438452 
18   36.69798882 -093.90053325 1 BCN
19   36.69763507 -093.90687375 1 WS
19   36.69718990 -093.89417929 1 WS
51 12300 CTAF
55 12495 SPRINGFIELD APP/DEP
