1     1791 0 1 95D  BEULAH
100   18.29   1   0 0.25 0 1 0 10   47.25305600 -101.82138900    0.00    0.00 2  0 0 0 28   47.24861100 -101.80694400    0.00    0.00 2  0 0 0
21   47.24912362 -101.80951288  1 294.39   3.00 28  VASI
110   1 0.30 114.38 Default taxiway for RWY 10
111  47.25298310 -101.82143768   3 102 
111  47.25260630 -101.82168928   3 102 
111  47.24816221 -101.80724304   3 102 
111  47.24853901 -101.80699146 
112  47.24860695 -101.80721230  47.24857093 -101.80710325   3 102 
111  47.24848099 -101.80716330   3 102 
112  47.24836107 -101.80724337  47.24827113 -101.80730342   3 102 
111  47.24830510 -101.80741384   3 102 
111  47.25044222 -101.81436090   3 102 
111  47.25074407 -101.81415936 
111  47.25077804 -101.81426979   3 102 
111  47.25047619 -101.81447133   3 102 
112  47.25261331 -101.82141838  47.25264728 -101.82152881   3 102 
111  47.25273722 -101.82146876   3 102 
112  47.25285714 -101.82138868  47.25294708 -101.82132863   3 102 
113  47.25291516 -101.82121683 
120 Default hold RWY 10 (near)
111  47.25283115 -101.82153914   4 
115  47.25279718 -101.82142872 
120 Default hold RWY 10 (centre)
111  47.25062609 -101.81437124   4 
115  47.25059212 -101.81426081 
120 Default hold RWY 10 (far)
111  47.24842103 -101.80720334   4 
115  47.24838706 -101.80709292 
18   47.25135906 -101.81381703 1 BCN
19   47.25334879 -101.82145971 1 WS
19   47.24831820 -101.80687338 1 WS
51 12290 CTAF
