1     4925 0 1 95E  STALLION AAF
100   30.48   1   0 0.25 0 2 0 14   33.81891700 -106.64890000    0.00  609.60 2  0 0 0 32   33.80988300 -106.64188100    0.00    0.00 2  0 0 0
110   1 0.30 147.16 Default taxiway for RWY 14
111  33.81884383 -106.64903642   3 102 
111  33.81847068 -106.64973214   3 102 
111  33.80943688 -106.64271231   3 102 
111  33.80981003 -106.64201666 
112  33.81004048 -106.64219573  33.80992403 -106.64210847   3 102 
111  33.80983477 -106.64227488   3 102 
112  33.80971575 -106.64249676  33.80962649 -106.64266317   3 102 
111  33.80974172 -106.64275271   3 102 
111  33.81397056 -106.64603877   3 102 
111  33.81426932 -106.64548177 
111  33.81438454 -106.64557131   3 102 
111  33.81408578 -106.64612832   3 102 
112  33.81831462 -106.64941438  33.81842985 -106.64950391   3 102 
111  33.81851911 -106.64933748   3 102 
112  33.81863813 -106.64911558  33.81872739 -106.64894915   3 102 
113  33.81861338 -106.64885734 
120 Default hold RWY 14 (near)
111  33.81869384 -106.64931607   4 
115  33.81857862 -106.64922653 
120 Default hold RWY 14 (centre)
111  33.81423455 -106.64585095   4 
115  33.81411933 -106.64576141 
120 Default hold RWY 14 (far)
111  33.80977526 -106.64238582   4 
115  33.80966004 -106.64229629 
18   33.81492092 -106.64441944 4 BCN
19   33.81937061 -106.64866300 1 WS
19   33.80942941 -106.64211801 1 WS
