1      953 0 1 96D  WALHALLA MUNI
100   18.29   1   0 0.25 0 2 0 15   48.94517500 -097.90388300    0.00    0.00 2  0 0 0 33   48.93597200 -097.90167200    0.00    0.00 2  0 0 0
21   48.94344084 -097.90303429  2 171.03   3.00 15  PAPI-4L
110   1 0.30 171.03 Default taxiway for RWY 15
111  48.94516252 -097.90400338   3 102 
111  48.94509803 -097.90462556   3 102 
111  48.93589505 -097.90241401   3 102 
111  48.93595954 -097.90179194 
112  48.93612211 -097.90183101  48.93604047 -097.90181486   3 102 
111  48.93602508 -097.90196334   3 102 
112  48.93600455 -097.90216132  48.93598916 -097.90230981   3 102 
111  48.93607045 -097.90232935   3 102 
111  48.94046873 -097.90338627   3 102 
111  48.94052039 -097.90288790 
111  48.94060167 -097.90290743   3 102 
111  48.94055001 -097.90340580   3 102 
112  48.94494829 -097.90446274  48.94502958 -097.90448227   3 102 
111  48.94504497 -097.90433376   3 102 
112  48.94506550 -097.90413574  48.94508089 -097.90398723   3 102 
113  48.94499995 -097.90396432 
120 Default hold RWY 15 (near)
111  48.94513652 -097.90425428   4 
115  48.94505524 -097.90423475 
120 Default hold RWY 15 (centre)
111  48.94057567 -097.90315831   4 
115  48.94049439 -097.90313878 
120 Default hold RWY 15 (far)
111  48.93601482 -097.90206233   4 
115  48.93593354 -097.90204280 
18   48.94066416 -097.90191126 1 BCN
19   48.94537605 -097.90355078 1 WS
19   48.93577095 -097.90200416 1 WS
51 12290 CTAF
