1     4060 0 1 96OR CABLE CREEK RANCH
100   27.43   1   0 0.25 0 0 0 12   45.10527800 -118.82333300    0.00    0.00 2  0 0 0 30   45.09583300 -118.81055600    0.00    0.00 2  0 0 0
110   1 0.30 136.32 Default taxiway for RWY 12
111  45.10519430 -118.82345717   3 
111  45.10476649 -118.82409184   3 
111  45.09532220 -118.81131260   3 
111  45.09575001 -118.81067804 
112  45.09592854 -118.81091961  45.09583773 -118.81080112   3 
111  45.09573543 -118.81095286   3 
112  45.09559903 -118.81115519  45.09549673 -118.81130693   3 
111  45.09558599 -118.81142772   3 
111  45.10008497 -118.81751536   3 
111  45.10042752 -118.81700721 
111  45.10051679 -118.81712800   3 
111  45.10017424 -118.81763615   3 
112  45.10467322 -118.82372379  45.10476248 -118.82384457   3 
111  45.10486478 -118.82369281   3 
112  45.10500118 -118.82349045  45.10510348 -118.82333868   3 
113  45.10501577 -118.82321560 
120 Default hold RWY 12 (near)
111  45.10502225 -118.82371242   4 
115  45.10493298 -118.82359163 
120 Default hold RWY 12 (centre)
111  45.10034474 -118.81738323   4 
115  45.10025547 -118.81726244 
120 Default hold RWY 12 (far)
111  45.09566723 -118.81105403   4 
115  45.09557796 -118.81093324 
19   45.10571228 -118.82319515 1 WS
19   45.09539873 -118.81069392 1 WS
