1     3503 0 1 97M  EKALAKA
100   22.86   1   0 0.25 0 2 0 13   45.88194400 -104.54250000    0.00    0.00 2  0 0 0 31   45.87388900 -104.53250000    0.00    0.00 2  0 0 0
21   45.88077909 -104.54048228  2 139.16   3.00 13  PAPI-4L
21   45.87505409 -104.53451723  2 319.17   3.00 31  PAPI-4L
110   1 0.30 139.16 Default taxiway for RWY 13
111  45.88187820 -104.54260934   3 102 
111  45.88154040 -104.54317072   3 102 
111  45.87348584 -104.53316917   3 102 
111  45.87382364 -104.53260788 
112  45.87397927 -104.53280114  45.87389998 -104.53270695   3 102 
111  45.87381926 -104.53284107   3 102 
112  45.87371164 -104.53301991  45.87363092 -104.53315403   3 102 
111  45.87370874 -104.53325066   3 102 
111  45.87754148 -104.53800985   3 102 
111  45.87781201 -104.53756029 
111  45.87788983 -104.53765692   3 102 
111  45.87761930 -104.53810648   3 102 
112  45.88145203 -104.54286567  45.88152985 -104.54296230   3 102 
111  45.88161057 -104.54282816   3 102 
112  45.88171819 -104.54264930  45.88179891 -104.54251516   3 102 
113  45.88172256 -104.54241608 
120 Default hold RWY 13 (near)
111  45.88174220 -104.54283536   4 
115  45.88166438 -104.54273873 
120 Default hold RWY 13 (centre)
111  45.87775383 -104.53788292   4 
115  45.87767601 -104.53778629 
120 Default hold RWY 13 (far)
111  45.87376545 -104.53293049   4 
115  45.87368764 -104.53283386 
18   45.87838816 -104.53672015 1 BCN
19   45.88230054 -104.54235939 1 WS
19   45.87353248 -104.53264065 1 WS
51 12290 CTAF
