1     3999 0 1 97MT CABIN CREEK LANDING
100   15.24   1   0 0.25 0 1 0 02   48.07108900 -114.68033600    0.00    0.00 2  0 0 0 20   48.07862800 -114.67216400    0.00    0.00 2  0 0 0
110   1 0.30  35.91 Default taxiway for RWY 02
111  48.07105010 -114.68025561   3 102 
111  48.07084767 -114.67983729   3 102 
111  48.07838696 -114.67166642   3 102 
111  48.07858939 -114.67208480 
112  48.07847831 -114.67220518  48.07853253 -114.67214226   3 102 
111  48.07848426 -114.67204250   3 102 
112  48.07841991 -114.67190949  48.07837164 -114.67180974   3 102 
111  48.07831610 -114.67186993   3 102 
111  48.07468530 -114.67580488   3 102 
111  48.07484751 -114.67614010 
111  48.07479197 -114.67620029   3 102 
111  48.07462976 -114.67586507   3 102 
112  48.07099897 -114.67980002  48.07094343 -114.67986022   3 102 
111  48.07099170 -114.67995996   3 102 
112  48.07105605 -114.68009295  48.07110432 -114.68019269   3 102 
113  48.07116118 -114.68013522 
120 Default hold RWY 02 (near)
111  48.07096834 -114.68008665   4 
115  48.07102388 -114.68002645 
120 Default hold RWY 02 (centre)
111  48.07471021 -114.67603132   4 
115  48.07476575 -114.67597113 
120 Default hold RWY 02 (far)
111  48.07845209 -114.67197600   4 
115  48.07850763 -114.67191581 
18   48.07513840 -114.67683441 1 BCN
19   48.07109858 -114.68070574 1 WS
19   48.07861839 -114.67179421 1 WS
