1     1874 0 1 98D  ONIDA MUNI
100   18.29   1   0 0.25 0 1 0 13   44.70458100 -100.10493900    0.00    0.00 2  0 0 0 31   44.69816100 -100.09711900    0.00    0.00 2  0 0 0
100   36.58   3   0 0.25 0 0 0 08   44.69992500 -100.10526900    0.00    0.00 1  0 0 0 26   44.69989200 -100.09709700    0.00    0.00 1  0 0 0
110   1 0.30 139.11 Default taxiway for RWY 13
111  44.70452861 -100.10502413   3 102 
111  44.70425781 -100.10546417   3 102 
111  44.69783808 -100.09764324   3 102 
111  44.69810888 -100.09720326 
112  44.69823330 -100.09735484  44.69816961 -100.09728144   3 102 
111  44.69810498 -100.09738646   3 102 
112  44.69801879 -100.09752649  44.69795415 -100.09763151   3 102 
111  44.69801636 -100.09770730   3 102 
111  44.70107070 -100.10142828   3 102 
111  44.70128764 -100.10107580 
111  44.70134985 -100.10115159   3 102 
111  44.70113291 -100.10150408   3 102 
112  44.70418725 -100.10522507  44.70424946 -100.10530085   3 102 
111  44.70431410 -100.10519582   3 102 
112  44.70440029 -100.10505577  44.70446492 -100.10495074   3 102 
113  44.70440419 -100.10487256 
120 Default hold RWY 13 (near)
111  44.70441940 -100.10520158   4 
115  44.70435719 -100.10512579 
120 Default hold RWY 13 (centre)
111  44.70124064 -100.10132903   4 
115  44.70117843 -100.10125324 
120 Default hold RWY 13 (far)
111  44.69806188 -100.09745647   4 
115  44.69799967 -100.09738068 
18   44.70175010 -100.10041824 1 BCN
19   44.70042058 -100.10572816 1 WS
19   44.70486702 -100.10482799 1 WS
19   44.69939638 -100.09663791 1 WS
19   44.69787499 -100.09723004 1 WS
51 12290 CTAF
