1      310 0 1 98M  Bell Ann Plantation
100   15.24   1   0 0.25 0 0 0 18   36.47083779 -090.28325701    0.00    0.00 2  0 0 0 36   36.46261387 -090.28361411    0.00    0.00 2  0 0 0
110   1 0.30 182.00 Default taxiway for RWY 18
111  36.47084010 -090.28333944   3 
111  36.47085215 -090.28376835   3 
111  36.46262823 -090.28412543   3 
111  36.46261618 -090.28369657 
112  36.46275325 -090.28369062  36.46268479 -090.28369638   3 
111  36.46268767 -090.28379864   3 
112  36.46269149 -090.28393498  36.46269437 -090.28403724   3 
111  36.46276291 -090.28403427   3 
111  36.46670353 -090.28386316   3 
111  36.46669387 -090.28351949 
111  36.46676241 -090.28351651   3 
111  36.46677207 -090.28386018   3 
112  36.47071269 -090.28368907  36.47078123 -090.28368610   3 
111  36.47077835 -090.28358384   3 
112  36.47077453 -090.28344748  36.47077165 -090.28334521   3 
113  36.47070303 -090.28334539 
120 Default hold RWY 18 (near)
111  36.47084497 -090.28351268   4 
115  36.47077644 -090.28351566 
120 Default hold RWY 18 (centre)
111  36.46676728 -090.28368974   4 
115  36.46669874 -090.28369272 
120 Default hold RWY 18 (far)
111  36.46268958 -090.28386681   4 
115  36.46262105 -090.28386979 
19   36.47096768 -090.28299539 1 WS
19   36.46248398 -090.28387570 1 WS
