1      430 0 1 98TS Trap Travelstead Field
100  243.84   3   0 0.25 0 0 0 17   32.42080336 -095.00043395    0.00    0.00 1  0 0 0 35   32.41560440 -095.00000329    0.00    0.00 1  0 0 0
100  182.88   3   0 0.25 0 0 0 06   32.41719978 -095.00289022    0.00    0.00 1  0 0 0 24   32.41920798 -094.99754702    0.00    0.00 1  0 0 0
100  304.80   3   0 0.25 0 0 0 18   32.41956786 -095.00004879    0.00    0.00 1  0 0 0 36   32.41683990 -095.00038845    0.00    0.00 1  0 0 0
19   32.41878557 -095.00586077 1 WS
19   32.42322201 -094.99672534 1 WS
19   32.42186571 -094.99486155 1 WS
19   32.41762206 -094.99457648 1 WS
19   32.41318576 -095.00371151 1 WS
19   32.41454203 -095.00557523 1 WS
