1     1311 0 1 9A0  LUMPKIN CO WIMPYS
100   15.24   1   0 0.25 0 1 0 15   34.58317800 -084.02295000  229.82    0.00 2  0 0 0 33   34.57548100 -084.01861700  211.84    0.00 2  0 0 0
110   1 0.30 155.13 Default taxiway for RWY 15
111  34.58315011 -084.02302309   3 102 
111  34.58300497 -084.02340341   3 102 
111  34.57530805 -084.01906997   3 102 
111  34.57545319 -084.01868968 
112  34.57557762 -084.01875973  34.57551445 -084.01872719   3 102 
111  34.57547985 -084.01881787   3 102 
112  34.57543370 -084.01893876  34.57539910 -084.01902944   3 102 
111  34.57546132 -084.01906446   3 102 
111  34.57915424 -084.02114362   3 102 
111  34.57927054 -084.02083888 
111  34.57933276 -084.02087390   3 102 
111  34.57921646 -084.02117864   3 102 
112  34.58290938 -084.02325778  34.58297159 -084.02329281   3 102 
111  34.58300619 -084.02320213   3 102 
112  34.58305234 -084.02308122  34.58308694 -084.02299054   3 102 
113  34.58302568 -084.02295303 
120 Default hold RWY 15 (near)
111  34.58309148 -084.02317671   4 
115  34.58302926 -084.02314168 
120 Default hold RWY 15 (centre)
111  34.57927413 -084.02102751   4 
115  34.57921191 -084.02099249 
120 Default hold RWY 15 (far)
111  34.57545677 -084.01887831   4 
115  34.57539456 -084.01884328 
18   34.57953244 -084.02025492 1 BCN
19   34.58338895 -084.02279335 1 WS
19   34.57527006 -084.01877365 1 WS
51 12290 CTAF
