1      795 0 1 9A1  COVINGTON MUNI
100   22.86   1   0 0.25 0 2 0 10   33.63303300 -083.85643100    0.00    0.00 2  0 0 0 28   33.63193100 -083.84268600    0.00    0.00 2  0 0 0
21   33.63316006 -083.85424461  2  95.50   3.00 10  PAPI-4L
21   33.63180417 -083.84487239  2 275.50   3.00 28  PAPI-4L
110   1 0.30  95.50 Default taxiway for RWY 10
111  33.63293285 -083.85644257   3 102 
111  33.63241867 -083.85650200   3 102 
111  33.63131743 -083.84275682   3 102 
111  33.63183161 -083.84269739 
112  33.63185132 -083.84294334  33.63183922 -083.84282063   3 102 
111  33.63171635 -083.84283483   3 102 
112  33.63155253 -083.84285377  33.63142967 -083.84286797   3 102 
111  33.63143953 -083.84299094   3 102 
111  33.63196551 -083.84955609   3 102 
111  33.63237730 -083.84950849 
111  33.63238716 -083.84963147   3 102 
111  33.63197537 -083.84967907   3 102 
112  33.63250135 -083.85624422  33.63251121 -083.85636720   3 102 
111  33.63263407 -083.85635300   3 102 
112  33.63279789 -083.85633406  33.63292076 -083.85631986   3 102 
113  33.63291314 -083.85619662 
120 Default hold RWY 10 (near)
111  33.63272583 -083.85646650   4 
115  33.63271598 -083.85634353 
120 Default hold RWY 10 (centre)
111  33.63218014 -083.84965540   4 
115  33.63217028 -083.84953242 
120 Default hold RWY 10 (far)
111  33.63163444 -083.84284430   4 
115  33.63162459 -083.84272132 
18   33.63319793 -083.84947814 1 BCN
19   33.63335851 -083.85664161 1 WS
19   33.63160547 -083.84247545 1 WS
51 12300 CTAF/UNICOM
52 11987 ATLANTA CLNC DEL
55 12697 ATLANTA APP/DEP
