1      777 0 1 9A5  BARWICK LAFAYETTE
100   15.24   1   0 0.25 0 2 0 02   34.68161100 -085.29363900    0.00    0.00 2  0 0 0 20   34.69551400 -085.28725600  137.16    0.00 2  0 0 0
21   34.68338901 -085.29316932  2  20.68   3.00 02  PAPI-4L
21   34.69258123 -085.28825617  2 200.68   3.00 20  PAPI-4L
110   1 0.30  20.68 Default taxiway for RWY 02
111  34.68158758 -085.29356354   3 102 
111  34.68146570 -085.29317089   3 102 
111  34.69536887 -085.28678888   3 102 
111  34.69549075 -085.28718160 
112  34.69536243 -085.28724050  34.69542579 -085.28720849   3 102 
111  34.69539673 -085.28711485   3 102 
112  34.69535799 -085.28699000  34.69532893 -085.28689637   3 102 
111  34.69526477 -085.28692582   3 102 
111  34.68847358 -085.29004319   3 102 
111  34.68857124 -085.29035785 
111  34.68850709 -085.29038730   3 102 
111  34.68840943 -085.29007264   3 102 
112  34.68161823 -085.29319001  34.68155408 -085.29321946   3 102 
111  34.68158314 -085.29331308   3 102 
112  34.68162188 -085.29343791  34.68165094 -085.29353153   3 102 
113  34.68171589 -085.29350464 
120 Default hold RWY 02 (near)
111  34.68153835 -085.29340495   4 
115  34.68160251 -085.29337550 
120 Default hold RWY 02 (centre)
111  34.68845786 -085.29022869   4 
115  34.68852201 -085.29019924 
120 Default hold RWY 02 (far)
111  34.69537736 -085.28705243   4 
115  34.69544152 -085.28702298 
18   34.68872991 -085.29099521 1 BCN
19   34.68155534 -085.29393195 1 WS
19   34.69556965 -085.28696299 1 WS
50 11977 ASOS
51 12280 UNICOM
55 12510 CHATTANOOGA APP/DEP
