1      920 0 1 9A7  South Expressway
100    9.14   1   0 0.25 0 2 0 06   33.50378031 -084.36380286    0.00    0.00 2  0 0 0 24   33.50811191 -084.35548938    0.00    0.00 2  0 0 0
110   1 0.30  58.00 Default taxiway for RWY 06
111  33.50374733 -084.36377814   3 102 
111  33.50357096 -084.36364596   3 102 
111  33.50790284 -084.35533290   3 102 
111  33.50807921 -084.35546508 
112  33.50803560 -084.35554876  33.50805549 -084.35550549   3 102 
111  33.50801362 -084.35547411   3 102 
112  33.50795779 -084.35543227  33.50791592 -084.35540089   3 102 
111  33.50789412 -084.35544273   3 102 
111  33.50578269 -084.35949466   3 102 
111  33.50592417 -084.35960069 
111  33.50590237 -084.35964253   3 102 
111  33.50576089 -084.35953650   3 102 
112  33.50364946 -084.36358842  33.50362765 -084.36363027   3 102 
111  33.50366952 -084.36366165   3 102 
112  33.50372535 -084.36370349  33.50376722 -084.36373487   3 102 
113  33.50379094 -084.36369445 
120 Default hold RWY 06 (near)
111  33.50367563 -084.36372441   4 
115  33.50369743 -084.36368257 
120 Default hold RWY 06 (centre)
111  33.50583067 -084.35958880   4 
115  33.50585247 -084.35954696 
120 Default hold RWY 06 (far)
111  33.50798570 -084.35545319   4 
115  33.50800751 -084.35541135 
18   33.50619036 -084.35982927 1 BCN
19   33.50384138 -084.36396500 1 WS
19   33.50805083 -084.35532724 1 WS
