1     1854 0 1 9D0  HIGHMORE MUNI
100   18.29   1   0 0.25 0 2 0 12   44.54428900 -099.45597800    0.00    0.00 2  0 0 0 30   44.53714200 -099.44590300    0.00    0.00 2  0 0 0
110   1 0.30 134.86 Default taxiway for RWY 12
111  44.54423227 -099.45605722   3 102 
111  44.54393903 -099.45646666   3 102 
111  44.53679247 -099.44639036   3 102 
111  44.53708571 -099.44598097 
112  44.53720180 -099.44614466  44.53714216 -099.44606503   3 102 
111  44.53707217 -099.44616275   3 102 
112  44.53697884 -099.44629305  44.53690885 -099.44639077   3 102 
111  44.53696689 -099.44647262   3 102 
111  44.54039506 -099.45130615   3 102 
111  44.54062997 -099.45097817 
111  44.54068801 -099.45106001   3 102 
111  44.54045310 -099.45138799   3 102 
112  44.54388127 -099.45622154  44.54393931 -099.45630338   3 102 
111  44.54400930 -099.45620565   3 102 
112  44.54410263 -099.45607534  44.54417262 -099.45597760   3 102 
113  44.54411618 -099.45589354 
120 Default hold RWY 12 (near)
111  44.54411401 -099.45622233   4 
115  44.54405596 -099.45614049 
120 Default hold RWY 12 (centre)
111  44.54056975 -099.45122512   4 
115  44.54051171 -099.45114328 
120 Default hold RWY 12 (far)
111  44.53702550 -099.44622790   4 
115  44.53696745 -099.44614606 
18   44.54112556 -099.45037198 1 BCN
19   44.54458008 -099.45589735 1 WS
19   44.53685093 -099.44598369 1 WS
51 12290 CTAF
