1     2168 0 1 9D1  GREGORY MUNI FLYNN FLD
100   18.29   1   0 0.25 0 2 0 13   43.22527800 -099.40833300    0.00    0.00 2  0 0 0 31   43.21805600 -099.39805600    0.00    0.00 2  0 0 0
110   1 0.30 133.96 Default taxiway for RWY 13
111  43.22522038 -099.40840924   3 102 
111  43.22492258 -099.40880333   3 102 
111  43.21770104 -099.39852505   3 102 
111  43.21799884 -099.39813102 
112  43.21811308 -099.39829361  43.21805434 -099.39821446   3 102 
111  43.21798326 -099.39830851   3 102 
112  43.21788848 -099.39843392  43.21781739 -099.39852797   3 102 
111  43.21787451 -099.39860926   3 102 
111  43.22134248 -099.40354515   3 102 
111  43.22158105 -099.40322948 
111  43.22163817 -099.40331078   3 102 
111  43.22139960 -099.40362646   3 102 
112  43.22486757 -099.40856235  43.22492469 -099.40864364   3 102 
111  43.22499578 -099.40854957   3 102 
112  43.22509056 -099.40842415  43.22516164 -099.40833009   3 102 
113  43.22510614 -099.40824665 
120 Default hold RWY 13 (near)
111  43.22510029 -099.40856816   4 
115  43.22504317 -099.40848686 
120 Default hold RWY 13 (centre)
111  43.22151808 -099.40346969   4 
115  43.22146096 -099.40338839 
120 Default hold RWY 13 (far)
111  43.21793587 -099.39837122   4 
115  43.21787875 -099.39828992 
18   43.22208277 -099.40264647 1 BCN
19   43.22556995 -099.40826043 1 WS
19   43.21776406 -099.39812861 1 WS
51 12280 CTAF/UNICOM
