1     2889 0 1 9D2  HARDING COUNTY
100   18.29   1   0 0.25 0 1 0 12   45.58416700 -103.53528100    0.00    0.00 2  0 0 0 30   45.57694700 -103.52416900    0.00    0.00 2  0 0 0
100   30.48   3   0 0.25 0 0 0 08   45.58083300 -103.53528100    0.00    0.00 1  0 0 0 26   45.58027500 -103.52638900    0.00    0.00 1  0 0 0
110   1 0.30 132.87 Default taxiway for RWY 12
111  45.58410834 -103.53535880   3 102 
111  45.58380513 -103.53576094   3 102 
111  45.57658567 -103.52464745   3 102 
111  45.57688888 -103.52424536 
112  45.57700084 -103.52441772  45.57694321 -103.52433373   3 102 
111  45.57687083 -103.52442971   3 102 
112  45.57677433 -103.52455767  45.57670196 -103.52465365   3 102 
111  45.57675794 -103.52473983   3 102 
111  45.58022772 -103.53008113   3 102 
111  45.58047062 -103.52975900 
111  45.58052660 -103.52984517   3 102 
111  45.58028370 -103.53016730   3 102 
112  45.58375348 -103.53550860  45.58380946 -103.53559477   3 102 
111  45.58388183 -103.53549878   3 102 
112  45.58397833 -103.53537080  45.58405071 -103.53527481   3 102 
113  45.58399638 -103.53518645 
120 Default hold RWY 12 (near)
111  45.58398606 -103.53552097   4 
115  45.58393008 -103.53543479 
120 Default hold RWY 12 (centre)
111  45.58040432 -103.53000733   4 
115  45.58034834 -103.52992116 
120 Default hold RWY 12 (far)
111  45.57682258 -103.52449369   4 
115  45.57676660 -103.52440751 
18   45.58098020 -103.52916554 1 BCN
19   45.58126729 -103.53561889 1 WS
19   45.58445990 -103.53521338 1 WS
19   45.57984069 -103.52605119 1 WS
19   45.57665411 -103.52423667 1 WS
51 12290 CTAF
