1      522 0 1 9D4  DECK
100   15.24   1   0 0.25 0 2 0 01   40.34743900 -076.32971100    0.00    0.00 2  0 0 1 19   40.35729700 -076.33032200   57.00    0.00 2  0 0 1
110   1 0.30 357.30 Default taxiway for RWY 01
111  40.34744213 -076.32962407   3 102 
111  40.34745841 -076.32917174   3 102 
111  40.35731641 -076.32978257   3 102 
111  40.35730013 -076.33023497 
112  40.35716314 -076.33022648  40.35723174 -076.33022778   3 102 
111  40.35723562 -076.33011991   3 102 
112  40.35724079 -076.32997609  40.35724468 -076.32986822   3 102 
111  40.35717619 -076.32986397   3 102 
111  40.35241843 -076.32956916   3 102 
111  40.35240538 -076.32993165 
111  40.35233688 -076.32992740   3 102 
111  40.35234993 -076.32956491   3 102 
112  40.34759218 -076.32927010  40.34752368 -076.32926585   3 102 
111  40.34751979 -076.32937371   3 102 
112  40.34751462 -076.32951751  40.34751074 -076.32962536   3 102 
113  40.34757913 -076.32963256 
120 Default hold RWY 01 (near)
111  40.34744871 -076.32944137   4 
115  40.34751721 -076.32944561 
120 Default hold RWY 01 (centre)
111  40.35234346 -076.32974468   4 
115  40.35241196 -076.32974893 
120 Default hold RWY 01 (far)
111  40.35723821 -076.33004800   4 
115  40.35730671 -076.33005224 
18   40.35234274 -076.33064547 1 BCN
19   40.34729229 -076.32997214 1 WS
19   40.35744371 -076.33006082 1 WS
51 12280 UNICOM
55 11825 HARRISBURG APP/DEP
