1      801 0 1 9D9  HASTINGS
100   22.86   1   0 0.25 0 2 0 12   42.66573100 -085.35176900    0.00  123.44 2  0 0 1 30   42.65995600 -085.33957500    0.00   60.96 2  0 0 1
100   60.96   3   0 0.25 0 0 0 18   42.66642200 -085.34528900  182.88    0.00 1  0 0 0 36   42.65938300 -085.34562200    0.00    0.00 1  0 0 0
100   51.82   3   0 0.25 0 0 0 09   42.66558900 -085.35251100   56.39    0.00 1  0 0 0 27   42.66558900 -085.34358600  119.79    0.00 1  0 0 0
21   42.66498680 -085.34950942  1 122.78   3.00 12  VASI
110   1 0.30 122.78 Default taxiway for RWY 12
111  42.66564641 -085.35184308   3 102 
111  42.66521210 -085.35222341   3 102 
111  42.65943775 -085.34002823   3 102 
111  42.65987206 -085.33964794 
112  42.65998343 -085.33988316  42.65992586 -085.33976721   3 102 
111  42.65982208 -085.33985808   3 102 
112  42.65968371 -085.33997924  42.65957993 -085.34007012   3 102 
111  42.65963561 -085.34018773   3 102 
111  42.66238357 -085.34599128   3 102 
111  42.66273139 -085.34568670 
111  42.66278708 -085.34580431   3 102 
111  42.66243926 -085.34610889   3 102 
112  42.66518721 -085.35191245  42.66524290 -085.35203006   3 102 
111  42.66534668 -085.35193918   3 102 
112  42.66548505 -085.35181801  42.66558883 -085.35172712   3 102 
113  42.66553503 -085.35160786 
120 Default hold RWY 12 (near)
111  42.66547155 -085.35199620   4 
115  42.66541586 -085.35187859 
120 Default hold RWY 12 (centre)
111  42.66261222 -085.34595743   4 
115  42.66255653 -085.34583982 
120 Default hold RWY 12 (far)
111  42.65975289 -085.33991866   4 
115  42.65969720 -085.33980105 
19   42.66628844 -085.35314520 1 WS
19   42.66610068 -085.35177803 1 WS
19   42.66694165 -085.34414462 1 WS
19   42.66488952 -085.34295190 1 WS
19   42.65958633 -085.33956604 1 WS
19   42.65886335 -085.34676623 1 WS
51 12307 CTAF/UNICOM
55 12840 GRAND RAPIDS APP/DEP
