1     1495 0 1 9F0  DUBLIN MUNI
100   18.29   1   0 0.25 0 2 0 15   32.07250000 -098.32666700    0.00    0.00 2  0 0 0 33   32.06388900 -098.32361100    0.00    0.00 2  0 0 0
110   1 0.30 163.26 Default taxiway for RWY 15
111  32.07247695 -098.32675745   3 102 
111  32.07235780 -098.32722497   3 102 
111  32.06374684 -098.32416863   3 102 
111  32.06386599 -098.32370115 
112  32.06402359 -098.32375709  32.06394414 -098.32373167   3 102 
111  32.06391570 -098.32384325   3 102 
112  32.06387778 -098.32399203  32.06384934 -098.32410362   3 102 
111  32.06392814 -098.32413159   3 102 
111  32.06803662 -098.32558983   3 102 
111  32.06813207 -098.32521532 
111  32.06821087 -098.32524329   3 102 
111  32.06811542 -098.32561780   3 102 
112  32.07222390 -098.32707604  32.07230270 -098.32710401   3 102 
111  32.07233114 -098.32699241   3 102 
112  32.07236906 -098.32684362  32.07239750 -098.32673203   3 102 
113  32.07231935 -098.32670151 
120 Default hold RWY 15 (near)
111  32.07242890 -098.32694599   4 
115  32.07235010 -098.32691802 
120 Default hold RWY 15 (centre)
111  32.06816282 -098.32543181   4 
115  32.06808402 -098.32540384 
120 Default hold RWY 15 (far)
111  32.06389674 -098.32391764   4 
115  32.06381794 -098.32388967 
18   32.06836066 -098.32448800 1 BCN
19   32.07272870 -098.32644395 1 WS
19   32.06366029 -098.32383403 1 WS
51 12290 CTAF
