1     1884 0 1 9F8  HOVEN MUNI
100   18.29   1   0 0.25 0 1 0 13   45.26152500 -099.80232200    0.00    0.00 2  0 0 0 31   45.25358900 -099.79335800    0.00    0.00 2  0 0 0
110   1 0.30 141.51 Default taxiway for RWY 13
111  45.26147518 -099.80241100   3 102 
111  45.26121770 -099.80287103   3 102 
111  45.25328205 -099.79390570   3 102 
111  45.25353953 -099.79344574 
112  45.25366835 -099.79359127  45.25360254 -099.79352100   3 102 
111  45.25354108 -099.79363079   3 102 
112  45.25345914 -099.79377718  45.25339768 -099.79388697   3 102 
111  45.25346209 -099.79395974   3 102 
111  45.25726889 -099.79826048   3 102 
111  45.25747515 -099.79789199 
111  45.25753956 -099.79796476   3 102 
111  45.25733330 -099.79833325   3 102 
112  45.26114010 -099.80263399  45.26120451 -099.80270677   3 102 
111  45.26126597 -099.80259696   3 102 
112  45.26134791 -099.80245055  45.26140937 -099.80234075   3 102 
113  45.26134636 -099.80226547 
120 Default hold RWY 13 (near)
111  45.26137135 -099.80259652   4 
115  45.26130694 -099.80252376 
120 Default hold RWY 13 (centre)
111  45.25743573 -099.79815026   4 
115  45.25737132 -099.79807749 
120 Default hold RWY 13 (far)
111  45.25350011 -099.79370399   4 
115  45.25343570 -099.79363123 
18   45.25791599 -099.79719922 1 BCN
19   45.26180747 -099.80219301 1 WS
19   45.25330654 -099.79348701 1 WS
51 12280 CTAF
