1      760 0 1 9F9  SYCAMORE STRIP
100    9.14   1   0 0.25 0 1 0 17   32.63388900 -097.35361100   91.44    0.00 2  0 0 0 35   32.62277800 -097.35361100    0.00    0.00 2  0 0 0
110   1 0.30 180.00 Default taxiway for RWY 17
112  32.63380671 -097.35356481  32.63384786 -097.35356214   3 102 
111  32.63384786 -097.35350351   3 102 
112  32.63384786 -097.35342534  32.63384786 -097.35336671   3 102 
111  32.63380671 -097.35336671   3 102 
111  32.62835407 -097.35336673   3 102 
111  32.62835407 -097.35356482 
111  32.62831293 -097.35356482   3 102 
111  32.62831293 -097.35336673   3 102 
112  32.62286029 -097.35336674  32.62281914 -097.35336674   3 102 
111  32.62281914 -097.35342536   3 102 
112  32.62281914 -097.35350353  32.62281914 -097.35356215   3 102 
111  32.62286029 -097.35356482 
111  32.62277800 -097.35356482   3 102 
111  32.62277800 -097.35331789   3 102 
111  32.63388900 -097.35331785   3 102 
113  32.63388900 -097.35356481 
120 Default hold RWY 17 (near)
111  32.63384786 -097.35346443   4 
115  32.63388900 -097.35346443 
120 Default hold RWY 17 (centre)
111  32.62831293 -097.35346444   4 
115  32.62835407 -097.35346444 
120 Default hold RWY 17 (far)
111  32.62277800 -097.35346445   4 
115  32.62281914 -097.35346445 
18   32.62833446 -097.35395298 1 BCN
19   32.63397129 -097.35346443 1 WS
19   32.62269571 -097.35375755 1 WS
51 12280 CTAF/UNICOM
