1      670 0 1 9G0  Buffalo Airfield
100   18.29   1   0 0.25 0 2 0 06   42.85952861 -078.72026527    0.00    0.00 2  0 0 0 24   42.86445611 -078.71290805    0.00    0.00 2  0 0 0
110   1 0.30  47.58 Default taxiway for RWY 06
111  42.85946952 -078.72019161   3 102 
111  42.85916413 -078.71981090   3 102 
111  42.86409187 -078.71245424   3 102 
111  42.86439726 -078.71283498 
112  42.86428624 -078.71300072  42.86434009 -078.71291578   3 102 
111  42.86426720 -078.71282490   3 102 
112  42.86417000 -078.71270372  42.86409711 -078.71261284   3 102 
111  42.86404160 -078.71269571   3 102 
111  42.86171650 -078.71616687   3 102 
111  42.86196114 -078.71647186 
111  42.86190563 -078.71655473   3 102 
111  42.86166099 -078.71624974   3 102 
112  42.85933590 -078.71972089  42.85928039 -078.71980376   3 102 
111  42.85935328 -078.71989463   3 102 
112  42.85945048 -078.72001580  42.85952337 -078.72010667   3 102 
113  42.85958054 -078.72002587 
120 Default hold RWY 06 (near)
111  42.85934637 -078.72003809   4 
115  42.85940188 -078.71995522 
120 Default hold RWY 06 (centre)
111  42.86178248 -078.71640120   4 
115  42.86183799 -078.71631833 
120 Default hold RWY 06 (far)
111  42.86421860 -078.71276431   4 
115  42.86427411 -078.71268144 
18   42.86241664 -078.71711866 1 BCN
19   42.85959983 -078.72065819 1 WS
19   42.86438487 -078.71251510 1 WS
