1     1125 0 1 9G1  West Penn
100   10.97   1   0 0.25 0 2 0 02   40.60068635 -079.82159915    0.00    0.00 2  0 0 0 20   40.60778031 -079.81961309    0.00    0.00 2  0 0 0
21   40.60249831 -079.82142500  2  12.00   3.00 02  PAPI-4L
21   40.60596836 -079.81978734  2 192.00   3.00 20  PAPI-4L
110   1 0.30  12.00 Default taxiway for RWY 02
111  40.60067655 -079.82153844   3 102 
111  40.60062476 -079.82121751   3 102 
111  40.60771874 -079.81923161   3 102 
111  40.60777053 -079.81955258 
112  40.60767394 -079.81957962  40.60772177 -079.81956321   3 102 
111  40.60770945 -079.81948687   3 102 
112  40.60769302 -079.81938509  40.60768071 -079.81930875   3 102 
111  40.60763242 -079.81932227   3 102 
111  40.60420617 -079.82028142   3 102 
111  40.60424769 -079.82053876 
111  40.60419939 -079.82055228   3 102 
111  40.60415787 -079.82029494   3 102 
112  40.60073162 -079.82125407  40.60068332 -079.82126759   3 102 
111  40.60069563 -079.82134392   3 102 
112  40.60071206 -079.82144569  40.60072438 -079.82152202   3 102 
113  40.60077314 -079.82151140 
120 Default hold RWY 02 (near)
111  40.60065556 -079.82140833   4 
115  40.60070385 -079.82139481 
120 Default hold RWY 02 (centre)
111  40.60417840 -079.82042216   4 
115  40.60422670 -079.82040864 
120 Default hold RWY 02 (far)
111  40.60770124 -079.81943598   4 
115  40.60774954 -079.81942246 
18   40.60430519 -079.82105144 1 BCN
19   40.60062055 -079.82181701 1 WS
19   40.60784610 -079.81939521 1 WS
