1      628 0 1 9G5  Royalton
100   10.67   1   0 0.25 0 1 0 07   43.18026728 -078.56192632    0.00    0.00 2  0 0 0 25   43.18373716 -078.55368424    0.00    0.00 2  0 0 0
100   15.24   3   0 0.25 0 0 0 09   43.18160926 -078.56086155    0.00    0.00 1  0 0 0 27   43.18239518 -078.55474901    0.00    0.00 1  0 0 0
110   1 0.30  60.00 Default taxiway for RWY 07
111  43.18022766 -078.56189495   3 102 
111  43.18001786 -078.56172882   3 102 
111  43.18348804 -078.55348720   3 102 
111  43.18369784 -078.55365333 
112  43.18364983 -078.55376734  43.18367188 -078.55370880   3 102 
111  43.18362200 -078.55366930   3 102 
112  43.18355548 -078.55361663  43.18350560 -078.55357713   3 102 
111  43.18348160 -078.55363413   3 102 
111  43.18180652 -078.55761242   3 102 
111  43.18197475 -078.55774563 
111  43.18195075 -078.55780264   3 102 
111  43.18178252 -078.55766943   3 102 
112  43.18010744 -078.56164773  43.18008343 -078.56170473   3 102 
111  43.18013331 -078.56174423   3 102 
112  43.18019983 -078.56179689  43.18024971 -078.56183639   3 102 
113  43.18027567 -078.56178094 
120 Default hold RWY 07 (near)
111  43.18014257 -078.56182757   4 
115  43.18016657 -078.56177056 
120 Default hold RWY 07 (centre)
111  43.18186566 -078.55773527   4 
115  43.18188966 -078.55767826 
120 Default hold RWY 07 (far)
111  43.18358874 -078.55364296   4 
115  43.18361275 -078.55358595 
19   43.18034279 -078.56213814 1 WS
19   43.18178804 -078.56109578 1 WS
19   43.18366163 -078.55347241 1 WS
19   43.18221639 -078.55451480 1 WS
