1      669 0 1 9G6  Pine Hill
100   10.97   1   0 0.25 0 1 0 10   43.17357444 -078.27962944    0.00    0.00 2 12 0 0 28   43.17349194 -078.26966194    0.00    0.00 2 12 0 0
110   1 0.30  90.65 Default taxiway for RWY 10
111  43.17352732 -078.27963017   3 102 
111  43.17327822 -078.27963403   3 102 
111  43.17319615 -078.26966652   3 102 
111  43.17344525 -078.26966266 
112  43.17344637 -078.26979805  43.17344356 -078.26973038   3 102 
111  43.17338431 -078.26973130   3 102 
112  43.17330532 -078.26973252  43.17324608 -078.26973344   3 102 
111  43.17324664 -078.26980114   3 102 
111  43.17328628 -078.27461565   3 102 
111  43.17348601 -078.27461256 
111  43.17348657 -078.27468026   3 102 
111  43.17328684 -078.27468335   3 102 
112  43.17332648 -078.27949787  43.17332703 -078.27956556   3 102 
111  43.17338627 -078.27956464   3 102 
112  43.17346526 -078.27956342  43.17352451 -078.27956250   3 102 
113  43.17352621 -078.27949478 
120 Default hold RWY 10 (near)
111  43.17342633 -078.27963173   4 
115  43.17342577 -078.27956403 
120 Default hold RWY 10 (centre)
111  43.17338558 -078.27468182   4 
115  43.17338502 -078.27461412 
120 Default hold RWY 10 (far)
111  43.17334482 -078.26973191   4 
115  43.17334426 -078.26966422 
18   43.17387900 -078.27464082 1 BCN
19   43.17372366 -078.27976254 1 WS
19   43.17334270 -078.26952887 1 WS
