1      798 0 1 9K4  SKYHAVEN
100   22.86   1   0 0.25 0 2 0 18   38.79185600 -093.80141900    0.00    0.00 2  0 0 1 36   38.78042200 -093.80350000    0.00    0.00 2  0 0 1
100   18.29   1   0 0.25 0 2 0 13   38.78403600 -093.80678600    0.00    7.62 2  0 0 1 31   38.77839400 -093.80010800    0.00    9.14 2  0 0 1
21   38.79003173 -093.80136123  2 188.08   3.00 18  PAPI-4L
21   38.78224626 -093.80355783  2   8.07   3.00 36  PAPI-4L
110   1 0.30 188.08 Default taxiway for RWY 18
111  38.79187013 -093.80154680   3 102 
111  38.79194270 -093.80220297   3 102 
111  38.78050872 -093.80428418   3 102 
111  38.78043615 -093.80362811 
112  38.78063983 -093.80359104  38.78053831 -093.80361244   3 102 
111  38.78055565 -093.80376921   3 102 
112  38.78057877 -093.80397824  38.78059611 -093.80413501   3 102 
111  38.78069795 -093.80411647   3 102 
111  38.78616034 -093.80312220   3 102 
111  38.78610222 -093.80259673 
111  38.78620406 -093.80257819   3 102 
111  38.78626218 -093.80310366   3 102 
112  38.79172457 -093.80210939  38.79182641 -093.80209085   3 102 
111  38.79180907 -093.80193406   3 102 
112  38.79178595 -093.80172500  38.79176861 -093.80156820   3 102 
113  38.79166645 -093.80158388 
110   1 0.30 137.30 Default taxiway for RWY 13
111  38.78398172 -093.80686146   3 102 
111  38.78370117 -093.80725149   3 102 
111  38.77805936 -093.80057293   3 102 
111  38.77833991 -093.80018293 
112  38.77846086 -093.80032611  38.77839887 -093.80025664   3 102 
111  38.77833190 -093.80034973   3 102 
112  38.77824261 -093.80047385  38.77817565 -093.80056694   3 102 
111  38.77823612 -093.80063853   3 102 
111  38.78090584 -093.80379884   3 102 
111  38.78113058 -093.80348640 
111  38.78119105 -093.80355799   3 102 
111  38.78096631 -093.80387043   3 102 
112  38.78363603 -093.80703073  38.78369650 -093.80710232   3 102 
111  38.78376346 -093.80700922   3 102 
112  38.78385275 -093.80688509  38.78391972 -093.80679199   3 102 
113  38.78386077 -093.80671828 
120 Default hold RWY 13 (near)
111  38.78386859 -093.80701875   4 
115  38.78380811 -093.80694716 
120 Default hold RWY 18 (near)
111  38.79189935 -093.80181099   4 
115  38.79179751 -093.80182953 
120 Default hold RWY 13 (centre)
111  38.78107792 -093.80371527   4 
115  38.78101745 -093.80364368 
120 Default hold RWY 18 (centre)
111  38.78623328 -093.80284236   4 
115  38.78613144 -093.80286090 
120 Default hold RWY 13 (far)
111  38.77828726 -093.80041179   4 
115  38.77822678 -093.80034020 
120 Default hold RWY 18 (far)
111  38.78056721 -093.80387373   4 
115  38.78046537 -093.80389225 
18   38.78603833 -093.80154680 1 BCN
19   38.78432436 -093.80669643 1 WS
19   38.79201652 -093.80099167 1 WS
19   38.77810564 -093.80019758 1 WS
19   38.78026147 -093.80392724 1 WS
51 12300 CTAF/UNICOM
55 12745 WHITEMAN APP
56 12592 WHITEMAN DEP
