1     1615 0 1 9K7  ELLSWORTH MUNI
100   14.63   1   0 0.25 0 2 0 17   38.75687200 -098.23145300    0.00    0.00 2  0 0 0 35   38.74613900 -098.23048900  125.58    0.00 2  0 0 0
100   76.20   3   0 0.25 0 0 0 12   38.74930600 -098.23377200    0.00    0.00 1  0 0 0 30   38.74571100 -098.22745000    0.00    0.00 1  0 0 0
21   38.74904525 -098.23105439  5 355.99   3.00 35  VASI-3L
110   1 0.30 175.99 Default taxiway for RWY 17
111  38.75686756 -098.23153434   3 102 
111  38.75684440 -098.23195828   3 102 
111  38.74611140 -098.23099407   3 102 
111  38.74613456 -098.23057018 
112  38.74626591 -098.23058197  38.74620007 -098.23057895   3 102 
111  38.74619455 -098.23067999   3 102 
112  38.74618719 -098.23081471  38.74618167 -098.23091576   3 102 
111  38.74624735 -098.23092166   3 102 
111  38.75144967 -098.23138902   3 102 
111  38.75146823 -098.23104931 
111  38.75153390 -098.23105521   3 102 
111  38.75151534 -098.23139492   3 102 
112  38.75671766 -098.23186227  38.75678333 -098.23186817   3 102 
111  38.75678885 -098.23176711   3 102 
112  38.75679621 -098.23163237  38.75680173 -098.23153131   3 102 
113  38.75673622 -098.23152254 
120 Default hold RWY 17 (near)
111  38.75685820 -098.23170564   4 
115  38.75679253 -098.23169974 
120 Default hold RWY 17 (centre)
111  38.75152454 -098.23122650   4 
115  38.75145887 -098.23122060 
120 Default hold RWY 17 (far)
111  38.74619087 -098.23074735   4 
115  38.74612520 -098.23074146 
18   38.75153836 -098.23038154 1 BCN
19   38.75054116 -098.23370549 1 WS
19   38.75701714 -098.23121216 1 WS
19   38.74447585 -098.22751660 1 WS
19   38.74599386 -098.23072981 1 WS
51 12270 CTAF/UNICOM
