1     1605 0 1 9K8  KINGMAN ARPT CLYDE CESSNA FLD
100   22.86   2   0 0.25 0 3 0 18   37.67391700 -098.12132200    0.00    0.00 2  0 0 1 36   37.66222800 -098.12343900    0.00    0.00 2  0 0 1
100   18.29   2   0 0.25 0 0 0 11   37.67228900 -098.13104200    0.00    0.00 2  0 0 0 29   37.66811400 -098.12053300    0.00    0.00 2  0 0 0
21   37.67209267 -098.12126848  2 188.16   3.00 18  PAPI-4L
21   37.66405233 -098.12349258  2   8.16   3.00 36  PAPI-4L
110   2 0.30 116.65 Default taxiway for RWY 11
111  37.67221746 -098.13108736  53 
111  37.67184771 -098.13132178  53 
111  37.66767318 -098.12081218  53 
111  37.66804293 -098.12057776 
112  37.66811674 -098.12076360  37.66807783 -098.12067196  53 
111  37.66798957 -098.12072791  53 
112  37.66787190 -098.12080252  37.66778364 -098.12085847  53 
111  37.66782054 -098.12095139  53 
111  37.66981554 -098.12597389  53 
111  37.67011174 -098.12578609 
111  37.67014865 -098.12587901  53 
111  37.66985245 -098.12606681  53 
112  37.67184744 -098.13108931  37.67188435 -098.13118223  53 
111  37.67197261 -098.13112628  53 
112  37.67209028 -098.13105167  37.67217854 -098.13099571  53 
113  37.67214364 -098.13090152 
110   2 0.30 188.16 Default taxiway for RWY 18
111  37.67393128 -098.12144783  53 102 
111  37.67400459 -098.12209385  53 102 
111  37.66231561 -098.12421106  53 102 
111  37.66224230 -098.12356514 
112  37.66244594 -098.12352826  37.66234444 -098.12354951  53 102 
111  37.66236196 -098.12370386  53 102 
112  37.66238531 -098.12390965  37.66240283 -098.12406400  53 102 
111  37.66250465 -098.12404556  53 102 
111  37.66809459 -098.12303305  53 102 
111  37.66803588 -098.12251571 
111  37.66813770 -098.12249726  53 102 
111  37.66819641 -098.12301460  53 102 
112  37.67378635 -098.12200210  37.67388817 -098.12198365  53 102 
111  37.67387065 -098.12182928  53 102 
112  37.67384730 -098.12162345  37.67382978 -098.12146908  53 102 
113  37.67372764 -098.12148472 
120 Default hold RWY 11 (near)
111  37.67206836 -098.13118189  54 
115  37.67203145 -098.13108897 
120 Default hold RWY 18 (near)
111  37.67396079 -098.12170793  54 
115  37.67385897 -098.12172637 
120 Default hold RWY 11 (centre)
111  37.66999955 -098.12597355  54 
115  37.66996264 -098.12588063 
120 Default hold RWY 18 (centre)
111  37.66816721 -098.12275734  54 
115  37.66806539 -098.12277579 
120 Default hold RWY 11 (far)
111  37.66793074 -098.12076521  54 
115  37.66789383 -098.12067229 
120 Default hold RWY 18 (far)
111  37.66237363 -098.12380676  54 
115  37.66227181 -098.12382520 
18   37.66797186 -098.12148171 1 BCN
19   37.67258346 -098.13108795 1 WS
19   37.67407704 -098.12090090 1 WS
19   37.66781954 -098.12048709 1 WS
19   37.66206795 -098.12386003 1 WS
51 12280 CTAF/UNICOM
55 12550 WICHITA APP/DEP
