1       85 0 1 9M1  Bayou Meadows
100   54.86   2   0 0.25 0 0 0 17   32.70353705 -091.38394462    0.00    0.00 2  0 0 0 35   32.69673071 -091.38295150    0.00    0.00 2  0 0 0
110   2 0.30 173.00 Default taxiway for RWY 17
111  32.70350724 -091.38423315  53 
111  32.70335653 -091.38569175  53 
111  32.69655019 -091.38469841  53 
111  32.69670090 -091.38323993 
112  32.69719096 -091.38331144  32.69694565 -091.38327835  53 
111  32.69690955 -091.38362775  53 
112  32.69686141 -091.38409361  32.69682530 -091.38444301  53 
111  32.69707033 -091.38447877  53 
111  32.69986093 -091.38488602  53 
111  32.69998156 -091.38371866 
111  32.70022659 -091.38375442  53 
111  32.70010596 -091.38492179  53 
112  32.70289655 -091.38532904  32.70314158 -091.38536480  53 
111  32.70317769 -091.38501537  53 
112  32.70322583 -091.38454947  32.70326193 -091.38420005  53 
113  32.70301718 -091.38416164 
120 Default hold RWY 17 (near)
111  32.70344679 -091.38481818  54 
115  32.70320176 -091.38478242 
120 Default hold RWY 17 (centre)
111  32.70016614 -091.38433943  54 
115  32.69992111 -091.38430367 
120 Default hold RWY 17 (far)
111  32.69688548 -091.38386068  54 
115  32.69664045 -091.38382492 
19   32.70411737 -091.38314256 1 WS
19   32.69615040 -091.38375349 1 WS
