1      552 0 1 9M4  ACKERMAN CHOCTAW CO
100   22.86   1   0 0.25 0 2 0 01   33.29940000 -089.22925300    0.00    0.00 2  0 0 0 19   33.30751700 -089.22754700    0.00    0.00 2  0 0 0
21   33.30122476 -089.22923497  2   9.96   3.00 01  PAPI-4L
21   33.30569224 -089.22756508  2 189.96   3.00 19  PAPI-4L
110   1 0.30   9.96 Default taxiway for RWY 01
111  33.29938259 -089.22913444   3 102 
111  33.29929323 -089.22852573   3 102 
111  33.30741024 -089.22681982   3 102 
111  33.30749960 -089.22742859 
112  33.30729698 -089.22747117  33.30739790 -089.22744723   3 102 
111  33.30737655 -089.22730176   3 102 
112  33.30734808 -089.22710780  33.30732672 -089.22696233   3 102 
111  33.30722541 -089.22698362   3 102 
111  33.30342018 -089.22778334   3 102 
111  33.30349175 -089.22827086 
111  33.30339044 -089.22829215   3 102 
111  33.30331887 -089.22780463   3 102 
112  33.29951364 -089.22860436  33.29941233 -089.22862565   3 102 
111  33.29943369 -089.22877110   3 102 
112  33.29946216 -089.22896504  33.29948351 -089.22911050   3 102 
113  33.29958521 -089.22909186 
120 Default hold RWY 01 (near)
111  33.29934661 -089.22888936   4 
115  33.29944792 -089.22886807 
120 Default hold RWY 01 (centre)
111  33.30335446 -089.22804707   4 
115  33.30345577 -089.22802578 
120 Default hold RWY 01 (far)
111  33.30736231 -089.22720478   4 
115  33.30746362 -089.22718349 
18   33.30358216 -089.22924713 1 BCN
19   33.29925053 -089.22965760 1 WS
19   33.30766647 -089.22714236 1 WS
51 12290 CTAF
