1      112 0 1 9M6  Kelly
100   18.29   1   0 0.25 0 2 0 18   32.85423900 -091.40310800   80.47    0.00 2  0 0 0 36   32.84601700 -091.40379200    0.00    0.00 2  0 0 0
21   32.85170161 -091.40298466  2 184.00   3.00 18  PAPI-4L
21   32.84783201 -091.40397545  2   4.00   3.00 36  PAPI-4L
110   1 0.30 184.00 Default taxiway for RWY 18
111  32.85424458 -091.40320305   3 102 
111  32.85427342 -091.40369431   3 102 
111  32.84605142 -091.40437832   3 102 
111  32.84602258 -091.40388710 
112  32.84618676 -091.40387344  32.84610483 -091.40388294   3 102 
111  32.84611171 -091.40400019   3 102 
112  32.84612089 -091.40415653  32.84612778 -091.40427378   3 102 
111  32.84620987 -091.40426695   3 102 
111  32.85011565 -091.40394202   3 102 
111  32.85009254 -091.40354849 
111  32.85017463 -091.40354166   3 102 
111  32.85019774 -091.40393519   3 102 
112  32.85410351 -091.40361025  32.85418560 -091.40360342   3 102 
111  32.85417871 -091.40348616   3 102 
112  32.85416953 -091.40332981  32.85416265 -091.40321255   3 102 
113  32.85408040 -091.40321671 
120 Default hold RWY 18 (near)
111  32.85425621 -091.40340116   4 
115  32.85417412 -091.40340799 
120 Default hold RWY 18 (centre)
111  32.85018626 -091.40373976   4 
115  32.85010417 -091.40374659 
120 Default hold RWY 18 (far)
111  32.84611630 -091.40407836   4 
115  32.84603421 -091.40408519 
18   32.85008891 -091.40276594 1 BCN
19   32.85438597 -091.40280118 1 WS
19   32.84587003 -091.40409879 1 WS
51 12290 CTAF
