1      232 0 1 9M8  SHERIDAN MUNI
100   15.24   1   0 0.25 0 2 0 01   34.32416400 -092.35221900    0.00    0.00 2  0 0 0 19   34.33222200 -092.34972500    0.00    0.00 2  0 0 0
110   1 0.30  14.34 Default taxiway for RWY 01
111  34.32414758 -092.35214119   3 102 
111  34.32406212 -092.35173631   3 102 
111  34.33212015 -092.34924251   3 102 
111  34.33220561 -092.34964742 
112  34.33207273 -092.34968854  34.33213861 -092.34966534   3 102 
111  34.33211823 -092.34956880   3 102 
112  34.33209106 -092.34944007  34.33207069 -092.34934352   3 102 
111  34.33200425 -092.34936408   3 102 
111  34.32814133 -092.35055958   3 102 
111  34.32820981 -092.35088403 
111  34.32814337 -092.35090459   3 102 
111  34.32807489 -092.35058014   3 102 
112  34.32421198 -092.35177564  34.32414554 -092.35179620   3 102 
111  34.32416591 -092.35189274   3 102 
112  34.32419308 -092.35202145  34.32421346 -092.35211799   3 102 
113  34.32428046 -092.35210007 
120 Default hold RWY 01 (near)
111  34.32411306 -092.35197766   4 
115  34.32417950 -092.35195710 
120 Default hold RWY 01 (centre)
111  34.32810885 -092.35074104   4 
115  34.32817529 -092.35072048 
120 Default hold RWY 01 (far)
111  34.33210465 -092.34950443   4 
115  34.33217109 -092.34948387 
18   34.32831171 -092.35153533 1 BCN
19   34.32408206 -092.35250146 1 WS
19   34.33230393 -092.34944250 1 WS
51 12280 CTAF/UNICOM
