1      790 0 1 9MN9 Tofte
100   15.24   1   0 0.25 0 0 0 06   47.58617289 -090.82805843    0.00    0.00 2  0 0 0 24   47.58973877 -090.81890103    0.00    0.00 2  0 0 0
110   1 0.30  60.00 Default taxiway for RWY 06
111  47.58611545 -090.82800926   3 
111  47.58581658 -090.82775339   3 
111  47.58938282 -090.81859659   3 
111  47.58968169 -090.81885247 
112  47.58961311 -090.81902857  47.58964545 -090.81893886   3 
111  47.58957419 -090.81887784   3 
112  47.58947918 -090.81879649  47.58940791 -090.81873548   3 
111  47.58937362 -090.81882353   3 
111  47.58767623 -090.82318181   3 
111  47.58791572 -090.82338685 
111  47.58788143 -090.82347489   3 
111  47.58764194 -090.82326985   3 
112  47.58594454 -090.82762814  47.58591025 -090.82771618   3 
111  47.58598152 -090.82777719   3 
112  47.58607653 -090.82785853  47.58614779 -090.82791954   3 
113  47.58618403 -090.82783317 
120 Default hold RWY 06 (near)
111  47.58599473 -090.82790591   4 
115  47.58602902 -090.82781786 
120 Default hold RWY 06 (centre)
111  47.58776071 -090.82337153   4 
115  47.58779500 -090.82328349 
120 Default hold RWY 06 (far)
111  47.58952668 -090.81883717   4 
115  47.58956097 -090.81874912 
19   47.58628247 -090.82838704 1 WS
19   47.58962917 -090.81857241 1 WS
