1     1800 0 0 9NE4 Johnston Field
100   14.94   3   0 0.25 0 0 0 17   41.70683386 -097.74455414    0.00    0.00 0  0 0 0 35   41.69978203 -097.74457019    0.00    0.00 0  0 0 0
110   3 1.00   0.00 New Taxiway 10
111  41.70041055 -097.74456693 
111  41.69978508 -097.74449684 
111  41.69979007 -097.74417311 
112  41.69980253 -097.74414641  41.69981250 -097.74415642 
112  41.69992214 -097.74427991  41.69996699 -097.74429660 
112  41.70012398 -097.74436001  41.70019874 -097.74444011 
113  41.70039311 -097.74448349 
14   41.70013893 -097.74443009    6 0 New Tower Viewpoint 20
15   41.70000437 -097.74437336 294.40 New Ramp Start 19
19   41.70028845 -097.74436335 0 New Windsock 18
