1     1250 0 0 9NE6 Bates Airpark
100   14.94   3   0 0.25 0 0 0 18   41.33633451 -096.08834072    0.00    0.00 0  0 0 0 36   41.34000399 -096.08822128    0.00    0.00 0  0 0 0
110   3 1.00   1.40 New Taxiway 4
112  41.33588855 -096.09051663  41.33585024 -096.09051096 
111  41.33586301 -096.09012541 
111  41.33589283 -096.08602016 
112  41.33679963 -096.08599748  41.33709338 -096.08600882 
111  41.33707640 -096.08649962 
112  41.33705401 -096.08735588  41.33703162 -096.08778187 
112  41.33729710 -096.08770945  41.33739626 -096.08771797 
112  41.33776675 -096.08782411  41.33788041 -096.08790156 
111  41.33835095 -096.08819025 
111  41.33976450 -096.08829936 
112  41.33837442 -096.08847568  41.33802319 -096.08850686 
111  41.33632794 -096.08844449 
112  41.33635604 -096.09039663  41.33635136 -096.09054007 
113  41.33622960 -096.09047771 
110   3 1.00   1.40 New Taxiway 3
111  41.34049650 -096.08831166 
111  41.33998988 -096.08831166 
111  41.33998137 -096.08811887 
112  41.34043264 -096.08815289  41.34055184 -096.08815289 
112  41.34078599 -096.08802815  41.34091797 -096.08796578 
112  41.34092223 -096.08801681  41.34084559 -096.08807351 
114  41.34064976 -096.08826063  41.34057313 -096.08828898 
14   41.33736183 -096.08782163    6 0 New Tower Viewpoint 10
15   41.33732403 -096.08797267 270.00 New Ramp Start 8
19   41.33793757 -096.08798041 0 New Windsock 9
