1       15 0 1 9R4  Tanners
100   32.00   3   0 0.25 0 0 0 09   28.57005000 -096.63327266    0.00    0.00 1  0 0 0 27   28.56939054 -096.62612846    0.00    0.00 1  0 0 0
100   32.00   3   0 0.25 0 0 0 17   28.57218294 -096.62989664    0.00    0.00 1  0 0 0 35   28.56725760 -096.62950448    0.00    0.00 1  0 0 0
101  304.80 0 08   28.56876357 -096.64527894 26   28.57067697 -096.61412218
101 1219.20 0 18   28.57231183 -096.62939041 36   28.56712871 -096.63001071
19   28.57267628 -096.64872197 1 WS
19   28.57050839 -096.63354757 1 WS
19   28.57250029 -096.62943035 1 WS
19   28.58150327 -096.60944501 1 WS
19   28.56676346 -096.61068025 1 WS
19   28.56893214 -096.62585358 1 WS
19   28.56694025 -096.62997076 1 WS
19   28.55793717 -096.64995120 1 WS
