1      390 0 1 9R6  Rocky Creek Ranch
100   15.24   1   0 0.25 0 0 0 18   29.92096205 -096.79976257    0.00    0.00 2  0 0 0 36   29.91282183 -096.80074967    0.00    0.00 2  0 0 0
110   1 0.30 186.00 Default taxiway for RWY 18
111  29.92096898 -096.79983868   3 
111  29.92100506 -096.80023469   3 
111  29.91286484 -096.80122183   3 
111  29.91282876 -096.80082585 
112  29.91296516 -096.80080931  29.91289720 -096.80082016   3 
111  29.91290580 -096.80091458   3 
112  29.91291727 -096.80104046  29.91292587 -096.80113488   3 
111  29.91299407 -096.80112661   3 
111  29.91689368 -096.80065372   3 
111  29.91686477 -096.80033640 
111  29.91693297 -096.80032813   3 
111  29.91696188 -096.80064545   3 
112  29.92086149 -096.80017254  29.92092969 -096.80016427   3 
111  29.92092109 -096.80006985   3 
112  29.92090962 -096.79994395  29.92090102 -096.79984953   3 
113  29.92083258 -096.79985521 
120 Default hold RWY 18 (near)
111  29.92098355 -096.79999863   4 
115  29.92091535 -096.80000690 
120 Default hold RWY 18 (centre)
111  29.91694754 -096.80048808   4 
115  29.91687934 -096.80049635 
120 Default hold RWY 18 (far)
111  29.91291153 -096.80097752   4 
115  29.91284333 -096.80098579 
19   29.92107695 -096.79950997 1 WS
19   29.91270693 -096.80100225 1 WS
