1     2432 0 1 9S2  SCOBEY
100   22.86   1   0 0.25 0 2 0 12   48.81154700 -105.44546700    0.00    0.00 2  0 0 0 30   48.80390800 -105.43347200    0.00    0.00 2  0 0 0
21   48.81051224 -105.44318457  2 134.03   3.00 12  PAPI-4L
21   48.80494301 -105.43575385  2 314.04   3.00 30  PAPI-4L
110   1 0.30 134.03 Default taxiway for RWY 12
111  48.81147467 -105.44557320   3 102 
111  48.81110330 -105.44611842   3 102 
111  48.80346492 -105.43412149   3 102 
111  48.80383629 -105.43357635 
112  48.80397929 -105.43380094  48.80390617 -105.43369102   3 102 
111  48.80381743 -105.43382129   3 102 
112  48.80369911 -105.43399498  48.80361037 -105.43412524   3 102 
111  48.80368187 -105.43423753   3 102 
111  48.80732231 -105.43995525   3 102 
111  48.80761973 -105.43951863 
111  48.80769123 -105.43963092   3 102 
111  48.80739381 -105.44006754   3 102 
112  48.81103425 -105.44578526  48.81110575 -105.44589756   3 102 
111  48.81119449 -105.44576728   3 102 
112  48.81131281 -105.44559356  48.81140155 -105.44546328   3 102 
113  48.81133167 -105.44534861 
120 Default hold RWY 12 (near)
111  48.81132515 -105.44579271   4 
115  48.81125365 -105.44568042 
120 Default hold RWY 12 (centre)
111  48.80754171 -105.43985042   4 
115  48.80747021 -105.43973813 
120 Default hold RWY 12 (far)
111  48.80375827 -105.43390813   4 
115  48.80368677 -105.43379583 
18   48.80824473 -105.43871050 1 BCN
19   48.81191086 -105.44536733 1 WS
19   48.80354415 -105.43357175 1 WS
51 12280 CTAF/UNICOM
55 12685 SALT LAKE CITY CNTR
