1     2787 0 0 9S4  MINERAL CO
100   21.95   1   0 0.00 0 0 0 12   47.17158612 -114.85811889    0.00    0.00 1  0 0 0 30   47.16477064 -114.84881452    0.00    0.00 1  0 0 0
110   1 0.00   0.00 New Taxiway 6
111  47.17151238 -114.85781711 
112  47.17167627 -114.85780961  47.17172610 -114.85774510 
112  47.17187064 -114.85753950  47.17191202 -114.85746984 
112  47.17185566 -114.85726533  47.17180739 -114.85719250 
111  47.16832355 -114.85243990 
112  47.16815984 -114.85244934  47.16812359 -114.85249998 
111  47.16794666 -114.85276915 
111  47.16795629 -114.85296593 
111  47.16772950 -114.85266055 
111  47.16786771 -114.85267599 
112  47.16809563 -114.85233130  47.16812462 -114.85228332 
111  47.16810205 -114.85212826 
111  47.16769757 -114.85156164 
111  47.16790623 -114.85121695 
111  47.16866062 -114.85223082 
112  47.16855510 -114.85238047  47.16852611 -114.85242578 
112  47.16853863 -114.85257551  47.16856944 -114.85261282 
112  47.17194177 -114.85721179  47.17200314 -114.85729874 
112  47.17193856 -114.85765093  47.17186015 -114.85775668 
113  47.17165356 -114.85801069 
110   1 0.00   0.00 New Taxiway 13
111  47.16484548 -114.84871760 
111  47.16511360 -114.84834039 
111  47.16525919 -114.84854968 
112  47.16509431 -114.84878735  47.16504593 -114.84887010 
113  47.16507156 -114.84902464 
130 Airport Boundary 2
111  47.17221875 -114.85718704 
111  47.17190211 -114.85843388 
111  47.17120756 -114.85832873 
111  47.16693808 -114.85397229 
111  47.16668273 -114.85356670 
111  47.16674401 -114.85227479 
111  47.16454799 -114.84899995 
111  47.16505869 -114.84809862 
111  47.16752028 -114.85138848 
111  47.16783692 -114.85095284 
113  47.17016572 -114.85392723 
120 Linear Feature 8
111  47.17176228 -114.85769443   4 
115  47.17182982 -114.85779378 
120 Linear Feature 7
111  47.16771808 -114.85153038   1 
112  47.17189062 -114.85720432  47.17194333 -114.85727701   1 
112  47.17191888 -114.85756753  47.17187441 -114.85764507   1 
111  47.17169241 -114.85788751   1 
112  47.17155221 -114.85790200  47.17148784 -114.85789107   1 
115  47.17138698 -114.85780558 
120 Linear Feature 11
112  47.16836900 -114.85241537  47.16830828 -114.85233398   1 
116  47.16811045 -114.85241053  47.16806097 -114.85248014 
120 Linear Feature 10
112  47.16809865 -114.85204781  47.16817066 -114.85214545   1 
112  47.16811045 -114.85241053  47.16805419 -114.85248666   1 
112  47.16788880 -114.85272994  47.16782241 -114.85282924   1 
116  47.16760864 -114.85270511  47.16754113 -114.85262733 
120 Linear Feature 9
111  47.16796220 -114.85253164   4 
115  47.16803486 -114.85263659 
120 Linear Feature 12
112  47.16792219 -114.85268030  47.16784343 -114.85279614   1 
116  47.16794558 -114.85315847  47.16806116 -114.85331494 
120 Linear Feature 14
111  47.16499781 -114.84850312   4 
115  47.16514385 -114.84870700 
15   47.16852567 -114.85223490 228.60 Apron
18   47.16696151 -114.85363961 1 BCN
19   47.16848947 -114.85295390 1 WS
20   47.17173428 -114.85764839 224.20  0 3 {@R}12-30
20   47.16792030 -114.85247673 225.63  0 3 {@R}12-30
51 12290 CTAF
