1     4089 0 1 9S5  THREE FORKS
100   18.29   1   0 0.25 0 2 0 02   45.87275600 -111.57585800    0.00    0.00 2  0 0 0 20   45.88347200 -111.56300600    0.00    0.00 2  0 0 0
21   45.87431729 -111.57451037  2  39.86   3.00 02  PAPI-4L
21   45.88191086 -111.56435426  2 219.87   3.00 20  PAPI-4L
110   1 0.30  39.86 Default taxiway for RWY 02
111  45.87270471 -111.57576975   3 102 
111  45.87243959 -111.57531363   3 102 
111  45.88315631 -111.56246400   3 102 
111  45.88342143 -111.56292021 
112  45.88329509 -111.56307169  45.88335681 -111.56299347   3 102 
111  45.88329353 -111.56288458   3 102 
112  45.88320915 -111.56273938  45.88314587 -111.56263049   3 102 
111  45.88308270 -111.56270623   3 102 
111  45.87788227 -111.56894168   3 102 
111  45.87809466 -111.56930711 
111  45.87803148 -111.56938285   3 102 
111  45.87781909 -111.56901742   3 102 
112  45.87261866 -111.57525288  45.87255549 -111.57532862   3 102 
111  45.87261877 -111.57543749   3 102 
112  45.87270315 -111.57558266  45.87276643 -111.57569153   3 102 
113  45.87283105 -111.57561827 
120 Default hold RWY 02 (near)
111  45.87259779 -111.57558581   4 
115  45.87266096 -111.57551007 
120 Default hold RWY 02 (centre)
111  45.87792456 -111.56919890   4 
115  45.87798774 -111.56912316 
120 Default hold RWY 02 (far)
111  45.88325134 -111.56281198   4 
115  45.88331451 -111.56273624 
18   45.87848199 -111.57007022 1 BCN
19   45.87278787 -111.57628167 1 WS
19   45.88344008 -111.56258226 1 WS
51 12280 CTAF/UNICOM
