1     3311 0 1 9S7  Winifred
100   45.72   3   0 0.00 0 0 0 08   47.55639496 -109.38779690    0.00    0.00 1  0 0 0 26   47.55523104 -109.37848510    0.00    0.00 1  0 0 0
10   47.55639600 -109.38140900 xxx 181.10    37 0.0 0.0    69 101101  3 0 0 0.00 0
10   47.55611100 -109.38172500 xxx  41.27   276 0.0 0.0    56 101101  3 0 0 0.00 0
10   47.55630700 -109.38165000 xxx 235.17   100 0.0 0.0    56 101101  3 0 0 0.00 0
10   47.55604900 -109.38167000 xxx 189.73   205 0.0 0.0    65 101101  3 0 0 0.00 0
10   47.55603000 -109.38200600 xxx 220.40   184 0.0 0.0    77 101101  3 0 0 0.00 0
10   47.55586300 -109.38173700 xxx 158.72   173 0.0 0.0   125 101101  3 0 0 0.00 0
19   47.55682800 -109.38762600 1 WS
19   47.55480800 -109.37869000 1 WS
