1     1634 0 0 9S9  LEXINGTON
100   22.86   1   0 0.00 0 2 0 08   45.45503600 -119.69826400    0.00   60.96 2  0 0 0 26   45.45325300 -119.68226900    0.00   61.87 2  0 0 0
21   45.45502417 -119.69566869  1  99.02   3.00 08  VASI
21   45.45326520 -119.68486423  1 279.04   3.00 26  VASI
110   1 0.00   0.00 New Taxiway 93
112  45.45539400 -119.68582547  45.45539701 -119.68620276 
112  45.45515340 -119.68621990  45.45513235 -119.68621562 
112  45.45484062 -119.68582547  45.45481656 -119.68537102 
114  45.45512333 -119.68542246  45.45514739 -119.68542246 
110   1 0.00   0.00 New Taxiway 80
111  45.45325447 -119.68225701 
111  45.45422047 -119.69127881 
111  45.45425615 -119.69195395 
112  45.45421722 -119.69186609  45.45420100 -119.69179672 
111  45.45415234 -119.69176898 
111  45.45372091 -119.69183834 
112  45.45290566 -119.68411863  45.45289917 -119.68404464 
111  45.45286997 -119.68409089 
111  45.45143820 -119.68611621 
112  45.45150632 -119.68625493  45.45155498 -119.68635204 
112  45.45176583 -119.68656012  45.45181449 -119.68661098 
111  45.45202210 -119.68670809 
111  45.45215834 -119.68680982 
111  45.45207400 -119.68680057 
112  45.45206102 -119.68676820  45.45205129 -119.68675895 
112  45.45189883 -119.68669422  45.45187288 -119.68667572 
112  45.45160039 -119.68645839  45.45157120 -119.68643065 
111  45.45143820 -119.68618095 
111  45.45139603 -119.68617170 
111  45.45131818 -119.68614858 
111  45.45119167 -119.68594975 
112  45.45108138 -119.68581103  45.45104894 -119.68576941 
111  45.45101326 -119.68564457 
111  45.45098730 -119.68487698 
111  45.45084133 -119.68488160 
112  45.45086728 -119.68609073  45.45089323 -119.68627569 
112  45.45107489 -119.68651152  45.45117220 -119.68664561 
112  45.45168883 -119.68687954  45.45172127 -119.68689341 
112  45.45196131 -119.68683330  45.45202295 -119.68681480 
112  45.45222407 -119.68686567  45.45231165 -119.68694428 
111  45.45234733 -119.68726334 
112  45.45236031 -119.68816040  45.45236680 -119.68826213 
111  45.45274308 -119.69042795 
111  45.45271713 -119.69042333 
112  45.45238035 -119.68847945  45.45235765 -119.68834998 
112  45.45231872 -119.68802168  45.45231548 -119.68788296 
112  45.45230899 -119.68726155  45.45229601 -119.68695174 
112  45.45206570 -119.68686851  45.45201055 -119.68687776 
112  45.45167644 -119.68692400  45.45162778 -119.68692400 
112  45.45131312 -119.68672979  45.45123527 -119.68668817 
112  45.45096603 -119.68643385  45.45086871 -119.68628126 
111  45.45082196 -119.68607459 
112  45.45074735 -119.68401096  45.45074086 -119.68364567 
112  45.45092901 -119.68332661  45.45099064 -119.68328037 
112  45.45129556 -119.68310004  45.45136693 -119.68305380 
111  45.45130530 -119.68298906 
112  45.45097442 -119.68299831  45.45084791 -119.68300294 
111  45.45068247 -119.68318789 
111  45.45067599 -119.68327575 
111  45.45066301 -119.68373352 
112  45.45055921 -119.68383062  45.45051379 -119.68387686 
111  45.45047811 -119.68377051 
112  45.45050406 -119.68302699  45.45051704 -119.68299463 
112  45.45102957 -119.68274956  45.45115608 -119.68271256 
112  45.45146500 -119.68278656  45.45152015 -119.68278656 
112  45.45161746 -119.68262934  45.45167261 -119.68256461 
112  45.45215595 -119.68148721  45.45222082 -119.68131150 
111  45.45245762 -119.68089533 
111  45.45255818 -119.68089071 
112  45.45215147 -119.68169341  45.45213201 -119.68194773 
112  45.45149945 -119.68300200  45.45148648 -119.68305286 
111  45.45150594 -119.68308061 
111  45.45174923 -119.68315459 
111  45.45267715 -119.68225969 
113  45.45318962 -119.68215067 
111  45.45320581 -119.68249747 
112  45.45300469 -119.68244660  45.45293981 -119.68248360 
111  45.45289764 -119.68252984 
111  45.45298198 -119.68362576 
111  45.45302415 -119.68362576 
111  45.45304362 -119.68380610 
111  45.45301767 -119.68387546 
111  45.45381566 -119.69148032 
112  45.45392595 -119.69161905  45.45399407 -119.69160980 
111  45.45411085 -119.69157743 
114  45.45417248 -119.69137859  45.45416924 -119.69125837 
111  45.45277219 -119.68270286 
112  45.45262297 -119.68255951  45.45249646 -119.68267049 
111  45.45169198 -119.68345658 
111  45.45169523 -119.68381631 
111  45.45155574 -119.68393191 
111  45.45155574 -119.68451630 
111  45.45158493 -119.68455791 
111  45.45158493 -119.68511743 
111  45.45154601 -119.68515442 
111  45.45154276 -119.68557984 
112  45.45163359 -119.68561220  45.45168225 -119.68554747 
111  45.45284680 -119.68388742 
114  45.45286950 -119.68378107  45.45286950 -119.68373945 
111  45.45123145 -119.68559833 
112  45.45121523 -119.68571393  45.45120225 -119.68574167 
112  45.45115684 -119.68582490  45.45115359 -119.68588502 
111  45.45130605 -119.68605148 
111  45.45132227 -119.68603299 
111  45.45133201 -119.68599599 
112  45.45139688 -119.68592201  45.45141310 -119.68591276 
112  45.45141635 -119.68582953  45.45141310 -119.68581103 
112  45.45140661 -119.68571393  45.45140013 -119.68568156 
113  45.45139364 -119.68561220 
111  45.45138715 -119.68481224 
112  45.45140661 -119.68474288  45.45140986 -119.68473826 
112  45.45142932 -119.68472439  45.45144230 -119.68467352 
112  45.45143581 -119.68461803  45.45142932 -119.68460416 
112  45.45140013 -119.68455330  45.45139039 -119.68453480 
112  45.45138391 -119.68450243  45.45138391 -119.68445619 
112  45.45136120 -119.68445619  45.45135471 -119.68445619 
112  45.45131903 -119.68447006  45.45130930 -119.68447006 
112  45.45127362 -119.68447931  45.45120874 -119.68445619 
112  45.45116657 -119.68452093  45.45116332 -119.68453018 
112  45.45116657 -119.68459491  45.45116981 -119.68460879 
112  45.45120874 -119.68468277  45.45121847 -119.68468277 
111  45.45127037 -119.68469664 
112  45.45123145 -119.68474288  45.45122496 -119.68474751 
112  45.45118928 -119.68477063  45.45118279 -119.68478450 
111  45.45118279 -119.68496484 
111  45.45123469 -119.68490472 
113  45.45123469 -119.68480762 
120 Linear Feature 91
111  45.45282098 -119.68258990   1 
116  45.45266590 -119.68240627  45.45256960 -119.68244014 
120 Linear Feature 90
111  45.45414248 -119.69166868   1 
112  45.45425629 -119.69127289  45.45422002 -119.69094128   1 
115  45.45422002 -119.69094128 
120 Linear Feature 89
111  45.45406219 -119.69178388   4 
115  45.45404921 -119.69159357 
120 Linear Feature 88
111  45.45293666 -119.68234170   1 
112  45.45282313 -119.68259140  45.45284259 -119.68281336   1 
111  45.45293294 -119.68373317   1 
111  45.45374754 -119.69148081   1 
112  45.45391895 -119.69170310  45.45404499 -119.69168282   1 
111  45.45414129 -119.69166973   1 
112  45.45432494 -119.69193397  45.45436387 -119.69224379   1 
115  45.45436387 -119.69224379 
120 Linear Feature 87
111  45.45290098 -119.68252204   4 
115  45.45287503 -119.68221685 
120 Linear Feature 85
111  45.45314933 -119.68229083   1 
111  45.45266923 -119.68240644   1 
115  45.45176019 -119.68323414 
14   45.45103060 -119.68405621   19 0 New Tower Viewpoint 14
15   45.45109864 -119.68354838   0.00 New Ramp Start 13
18   45.45485522 -119.69010910 1 BCN
19   45.45253340 -119.68357736 1 New Windsock 11
19   45.45511731 -119.68581261 1 New Windsock 12
50 13447 AWOS
51 12290 CTAF
