1     1553 0 1 9SD9 WEELBORG
100   21.34   1   0 0.25 0 0 0 17   43.81136700 -096.71009000    0.00    0.00 2  0 0 0 35   43.80191100 -096.70778800    0.00  121.92 2  0 0 0
110   1 0.30 170.04 Default taxiway for RWY 17
111  43.81135078 -096.71021796   3 
111  43.81126732 -096.71087619   3 
111  43.80181134 -096.70857371   3 
111  43.80189480 -096.70791558 
112  43.80208391 -096.70796162  43.80198897 -096.70794167   3 
111  43.80196903 -096.70809889   3 
112  43.80194245 -096.70830850  43.80192251 -096.70846572   3 
111  43.80201706 -096.70848874   3 
111  43.80650866 -096.70958242   3 
111  43.80657551 -096.70905526 
111  43.80667007 -096.70907828   3 
111  43.80660322 -096.70960544   3 
112  43.81109482 -096.71069911  43.81118937 -096.71072214   3 
111  43.81120931 -096.71056490   3 
112  43.81123589 -096.71035525  43.81125583 -096.71019801   3 
113  43.81116167 -096.71017191 
120 Default hold RWY 17 (near)
111  43.81131716 -096.71048310   4 
115  43.81122260 -096.71046008 
120 Default hold RWY 17 (centre)
111  43.80663645 -096.70934340   4 
115  43.80654189 -096.70932038 
120 Default hold RWY 17 (far)
111  43.80195574 -096.70820370   4 
115  43.80186118 -096.70818067 
19   43.81160595 -096.70974295 1 WS
19   43.80167206 -096.70813501 1 WS
51 12280 UNICOM
