1     2340 0 1 9TA2 URSCHEL RANCH
100   12.19   1   0 0.25 0 2 0 18   35.93579700 -100.30707500    0.00    0.00 2  0 0 0 36   35.92206400 -100.30707500    0.00    0.00 2  0 0 0
110   1 0.30 180.00 Default taxiway for RWY 18
111  35.93579700 -100.30713998   3 102 
111  35.93579700 -100.30748153   3 102 
111  35.92206400 -100.30748146   3 102 
111  35.92206400 -100.30713997 
112  35.92217372 -100.30713997  35.92211886 -100.30714274   3 102 
111  35.92211886 -100.30722404   3 102 
112  35.92211886 -100.30733242  35.92211886 -100.30741372   3 102 
111  35.92217372 -100.30741372   3 102 
111  35.92890307 -100.30741375   3 102 
111  35.92890307 -100.30713997 
111  35.92895793 -100.30713997   3 102 
111  35.92895793 -100.30741375   3 102 
112  35.93568728 -100.30741377  35.93574214 -100.30741378   3 102 
111  35.93574214 -100.30733247   3 102 
112  35.93574214 -100.30722406  35.93574214 -100.30714276   3 102 
113  35.93568728 -100.30713998 
120 Default hold RWY 18 (near)
111  35.93579700 -100.30727827   4 
115  35.93574214 -100.30727827 
120 Default hold RWY 18 (centre)
111  35.92895793 -100.30727825   4 
115  35.92890307 -100.30727825 
120 Default hold RWY 18 (far)
111  35.92211886 -100.30727823   4 
115  35.92206400 -100.30727823 
18   35.92893132 -100.30660076 1 BCN
19   35.93590672 -100.30687173 1 WS
19   35.92195428 -100.30727823 1 WS
