1      310 0 1 9TS3 SIMARON RANCH
100    7.62   1   0 0.25 0 1 0 17   30.15233300 -095.96772500    0.00    0.00 2  0 0 0 35   30.14421100 -095.96607500    0.00    0.00 2  0 0 0
110   1 0.30 170.04 Default taxiway for RWY 17
111  30.15232746 -095.96776149   3 102 
111  30.15229740 -095.96795933   3 102 
111  30.14417541 -095.96630917   3 102 
111  30.14420547 -095.96611135 
112  30.14427301 -095.96612508  30.14423885 -095.96612078   3 102 
111  30.14423173 -095.96616764   3 102 
112  30.14422224 -095.96623012  30.14421512 -095.96627699   3 102 
111  30.14424889 -095.96628385   3 102 
111  30.14822546 -095.96709176   3 102 
111  30.14824958 -095.96693299 
111  30.14828335 -095.96693985   3 102 
111  30.14825923 -095.96709862   3 102 
112  30.15223580 -095.96790655  30.15226957 -095.96791341   3 102 
111  30.15227669 -095.96786655   3 102 
112  30.15228618 -095.96780406  30.15229330 -095.96775719   3 102 
113  30.15225992 -095.96774777 
120 Default hold RWY 17 (near)
111  30.15231520 -095.96784216   4 
115  30.15228143 -095.96783530 
120 Default hold RWY 17 (centre)
111  30.14827109 -095.96702052   4 
115  30.14823732 -095.96701366 
120 Default hold RWY 17 (far)
111  30.14422698 -095.96619888   4 
115  30.14419321 -095.96619201 
18   30.14831377 -095.96662822 1 BCN
19   30.15241810 -095.96762312 1 WS
19   30.14412590 -095.96617687 1 WS
