1     5730 0 1 9U3  AUSTIN
100   45.72   1   0 0.25 0 0 0 12   39.47430600 -117.20217200    0.00    0.00 2  0 0 0 30   39.46165000 -117.18856900    0.00    0.00 2  0 0 0
100   22.86   1   0 0.25 0 2 0 18   39.47420000 -117.19241700    0.00    0.00 2  0 0 1 36   39.45874200 -117.19975300    0.00    0.00 2  0 0 1
21   39.47240652 -117.19285327  2 200.12   3.00 18  PAPI-4L
21   39.46053551 -117.19931703  2  20.12   3.00 36  PAPI-4L
110   1 0.30 200.12 Default taxiway for RWY 18
111  39.47423462 -117.19253938   3 102 
111  39.47441234 -117.19316773   3 102 
111  39.45895457 -117.20050519   3 102 
111  39.45877685 -117.19987699 
112  39.45897002 -117.19978530  39.45887420 -117.19983387   3 102 
111  39.45891667 -117.19998399   3 102 
112  39.45897329 -117.20018413  39.45901576 -117.20033425   3 102 
111  39.45911235 -117.20028841   3 102 
111  39.46659977 -117.19673428   3 102 
111  39.46645744 -117.19623111 
111  39.46655403 -117.19618526   3 102 
111  39.46669636 -117.19668843   3 102 
112  39.47418379 -117.19313429  39.47428037 -117.19308845   3 102 
111  39.47423790 -117.19293831   3 102 
112  39.47418128 -117.19273812  39.47413881 -117.19258797   3 102 
113  39.47404146 -117.19263107 
120 Default hold RWY 18 (near)
111  39.47430617 -117.19279236   4 
115  39.47420959 -117.19283821 
120 Default hold RWY 18 (centre)
111  39.46662558 -117.19643821   4 
115  39.46652899 -117.19648406 
120 Default hold RWY 18 (far)
111  39.45894498 -117.20008406   4 
115  39.45884840 -117.20012991 
18   39.46622617 -117.19521064 1 BCN
19   39.47501675 -117.20189713 1 WS
19   39.47428746 -117.19195161 1 WS
19   39.46093928 -117.18884396 1 WS
19   39.45865450 -117.20021827 1 WS
51 12290 CTAF
