1     4863 0 0 9V3  [X] Harrison Skyranch
100  124.97  15   0 0.25 0 0 0 12   42.69762071 -103.88101402    0.00    0.00 0  0 0 0 30   42.69196898 -103.87273893    0.00    0.00 0  0 0 0
110   3 1.00 132.90 New Taxiway 29
111  42.69422483 -103.87732534 
112  42.69332065 -103.87618070  42.69330880 -103.87616456 
112  42.69332658 -103.87609197  42.69339180 -103.87610810 
111  42.69338587 -103.87597097 
112  42.69268033 -103.87491429  42.69265069 -103.87490622 
111  42.69253804 -103.87486589 
112  42.69211709 -103.87417219  42.69206373 -103.87409959 
111  42.69195108 -103.87411573 
112  42.69170207 -103.87418026  42.69149455 -103.87422059 
111  42.69150048 -103.87390600 
112  42.69151234 -103.87226855  42.69151234 -103.87210722 
111  42.69172578 -103.87205882 
112  42.69211709 -103.87205076  42.69221788 -103.87204269 
111  42.69240760 -103.87225242 
112  42.69795655 -103.88039279  42.69815872 -103.88070336 
112  42.69806742 -103.88154631  42.69808046 -103.88214082 
111  42.69779350 -103.88190124 
113  42.69718698 -103.88153744 
14   42.69261789 -103.87466464    6 0 New Tower Viewpoint 24
15   42.69274529 -103.87483130 352.73 New Ramp Start 23
19   42.69242680 -103.87480464 0 New Windsock 25
