1     3761 0 0 9V5  MODISETT
100   17.98   2   0 1.00 0 2 0 14   42.74121005 -102.44802180    0.00    0.00 2  0 0 0 32   42.73193770 -102.44067425    0.00    0.00 2  0 0 0
110   2 1.00 239.80 New Taxiway 1
111  42.73497274 -102.44312921 
112  42.73485935 -102.44286621  42.73503364 -102.44293482 102 
111  42.73511133 -102.44272613 102 
111  42.73575041 -102.44124146 
111  42.73572368 -102.44112191 
111  42.73582867 -102.44089841 
111  42.73592793 -102.44091140 
111  42.73625244 -102.44115570 
111  42.73622381 -102.44122587 
111  42.73635171 -102.44130124 
111  42.73626390 -102.44151434 
111  42.73631353 -102.44156892 
111  42.73611262 -102.44204975 
112  42.73576616 -102.44179818  42.73564017 -102.44171814 102 
111  42.73555084 -102.44187043 102 
112  42.73517560 -102.44274167  42.73507390 -102.44296710 102 
113  42.73521862 -102.44314638 
110   4 1.00  36.00 New Taxiway 5
112  42.73649632 -102.44146692  42.73650555 -102.44143762 
112  42.73687446 -102.44080560  42.73695747 -102.44061725 
111  42.73696976 -102.44043727 
112  42.73698206 -102.43930298  42.73697899 -102.43921927 
111  42.73692980 -102.43920253 
111  42.73704355 -102.43919416 
111  42.73702203 -102.43924438 
112  42.73699276 -102.44050140  42.73697879 -102.44084005 
112  42.73670769 -102.44120914  42.73666577 -102.44130807 
113  42.73649529 -102.44150594 
110   3 1.00  36.00 New Taxiway 4
112  42.73860049 -102.44442313  42.73852689 -102.44442222 
112  42.73846333 -102.44422090  42.73846400 -102.44411614 
112  42.73860718 -102.44404600  42.73866405 -102.44404873 
114  42.73874567 -102.44424732  42.73874434 -102.44434752 
110   2 1.00 239.80 New Taxiway 3
111  42.73199952 -102.44077859 
111  42.73197866 -102.44058334 
111  42.73234241 -102.43976862 
111  42.73255624 -102.43991949 
111  42.73243961 -102.44016195 
112  42.73235635 -102.44014595  42.73228190 -102.44012994 
111  42.73222215 -102.44022063 
112  42.73213497 -102.44042866  42.73208305 -102.44056469 
113  42.73217709 -102.44073805 
110   2 1.00 239.80 New Taxiway 2
111  42.74110768 -102.44798448 
112  42.74106430 -102.44778837  42.74121180 -102.44779309 
112  42.74134716 -102.44751664  42.74143914 -102.44731108 
111  42.74128816 -102.44718113 
111  42.74138881 -102.44694721 
111  42.74161093 -102.44710552 
113  42.74124714 -102.44792928 
120 Linear Feature 8
111  42.74131284 -102.44759218   4 
115  42.74137172 -102.44764529 
120 Linear Feature 7
111  42.73210991 -102.44029197   4 
115  42.73216868 -102.44034265 
120 Linear Feature 6
111  42.73512749 -102.44269284   4 
115  42.73517768 -102.44273362 
120 Linear Feature 10
111  42.73509151 -102.44286293   1 
112  42.73486664 -102.44298826  42.73474191 -102.44288449   1 
115  42.73434926 -102.44258260 
120 Linear Feature 9
111  42.73544379 -102.44344414   1 
111  42.73514357 -102.44321024   1 
112  42.73509151 -102.44286293  42.73518522 -102.44264085   1 
115  42.73560859 -102.44164649 
14   42.73635174 -102.44159410    6 0 New Tower Viewpoint 10
15   42.73624042 -102.44162836 146.48 New Ramp Start 5
18   42.73667140 -102.44181157 1 New Airport Beacon 4
19   42.73860517 -102.44423912 1 New Windsock 3
51 12290 CTAF
