1     4245 0 1 9V7  EADS MUNI
100   18.29   1   0 0.25 0 2 0 17   38.48016100 -102.81086400    0.00    0.00 2  0 0 0 35   38.47008100 -102.81082200    0.00    0.00 2  0 0 0
110   1 0.30 179.81 Default taxiway for RWY 17
111  38.48016074 -102.81096624   3 102 
111  38.48015939 -102.81149471   3 102 
111  38.47007939 -102.81145261   3 102 
111  38.47008074 -102.81092422 
112  38.47024532 -102.81092491  38.47016302 -102.81092744   3 102 
111  38.47016270 -102.81105357   3 102 
112  38.47016227 -102.81122173  38.47016195 -102.81134786   3 102 
111  38.47024424 -102.81134820   3 102 
111  38.47507852 -102.81136838   3 102 
111  38.47507960 -102.81094507 
111  38.47516188 -102.81094541   3 102 
111  38.47516080 -102.81136872   3 102 
112  38.47999508 -102.81138890  38.48007737 -102.81138925   3 102 
111  38.48007769 -102.81126311   3 102 
112  38.48007812 -102.81109492  38.48007844 -102.81096878   3 102 
113  38.47999616 -102.81096555 
120 Default hold RWY 17 (near)
111  38.48016019 -102.81117935   4 
115  38.48007790 -102.81117901 
120 Default hold RWY 17 (centre)
111  38.47516133 -102.81115850   4 
115  38.47507905 -102.81115816 
120 Default hold RWY 17 (far)
111  38.47016248 -102.81113765   4 
115  38.47008019 -102.81113730 
18   38.47512405 -102.81010722 1 BCN
19   38.48032639 -102.81054933 1 WS
19   38.46991561 -102.81113662 1 WS
51 12290 CTAF
