1     1020 0 1 9WN2 VOYAGER VILLAGE AIRSTRIP
100   15.24   1   0 0.25 0 1 0 04   45.96305600 -092.15055800  134.11    0.00 2  0 0 0 22   45.97027500 -092.14166900  234.70    0.00 2  0 0 0
110   1 0.30  40.56 Default taxiway for RWY 04
111  45.96301288 -092.15048551   3 102 
111  45.96278848 -092.15010829   3 102 
111  45.97000782 -092.14122039   3 102 
111  45.97023222 -092.14159766 
112  45.97012802 -092.14172594  45.97017865 -092.14165934   3 102 
111  45.97012515 -092.14156938   3 102 
112  45.97005381 -092.14144945  45.97000031 -092.14135949   3 102 
111  45.96994821 -092.14142363   3 102 
111  45.96646879 -092.14570722   3 102 
111  45.96664860 -092.14600951 
111  45.96659650 -092.14607365   3 102 
111  45.96641669 -092.14577137   3 102 
112  45.96293727 -092.15005496  45.96288517 -092.15011910   3 102 
111  45.96293867 -092.15020904   3 102 
112  45.96301001 -092.15032897  45.96306351 -092.15041891   3 102 
113  45.96311708 -092.15035723 
120 Default hold RWY 04 (near)
111  45.96292224 -092.15033314   4 
115  45.96297434 -092.15026900 
120 Default hold RWY 04 (centre)
111  45.96650586 -092.14592128   4 
115  45.96655796 -092.14585714 
120 Default hold RWY 04 (far)
111  45.97008948 -092.14150941   4 
115  45.97014158 -092.14144527 
18   45.96697766 -092.14663893 1 BCN
19   45.96308556 -092.15091114 1 WS
19   45.97024541 -092.14131582 1 WS
