1      122 0 1 9X1  WILLIAMS
100   14.02   1   0 0.25 0 1 0 17   30.15828900 -095.32257900    0.00    0.00 2  0 0 0 35   30.14846100 -095.32139900    0.00    0.00 2  0 0 0
110   1 0.30 174.07 Default taxiway for RWY 17
111  30.15828272 -095.32264899   3 102 
111  30.15824991 -095.32301445   3 102 
111  30.14842192 -095.32183429   3 102 
111  30.14845473 -095.32146886 
112  30.14858023 -095.32148393  30.14851724 -095.32147899   3 102 
111  30.14850943 -095.32156607   3 102 
112  30.14849900 -095.32168218  30.14849118 -095.32176926   3 102 
111  30.14855393 -095.32177679   3 102 
111  30.15331105 -095.32234803   3 102 
111  30.15333735 -095.32205515 
111  30.15340010 -095.32206269   3 102 
111  30.15337380 -095.32235557   3 102 
112  30.15813092 -095.32292680  30.15819367 -095.32293434   3 102 
111  30.15820149 -095.32284725   3 102 
112  30.15821192 -095.32273113  30.15821973 -095.32264404   3 102 
113  30.15815722 -095.32263392 
120 Default hold RWY 17 (near)
111  30.15826945 -095.32279672   4 
115  30.15820670 -095.32278919 
120 Default hold RWY 17 (centre)
111  30.15338683 -095.32221042   4 
115  30.15332408 -095.32220288 
120 Default hold RWY 17 (far)
111  30.14850421 -095.32162412   4 
115  30.14844146 -095.32161658 
18   30.15342091 -095.32148098 1 BCN
19   30.15843405 -095.32237634 1 WS
19   30.14831596 -095.32160163 1 WS
51 12280 CTAF/UNICOM
