1       75 0 1 9X2  Flying Baron Estates
100    9.14   1   0 0.25 0 0 0 11   28.79852158 -081.93976740    0.00    0.00 2  0 0 0 29   28.79645730 -081.93206260    0.00    0.00 2  0 0 0
110   1 0.30 107.00 Default taxiway for RWY 11
111  28.79848438 -081.93978038   3 
111  28.79828550 -081.93984976   3 
111  28.79622144 -081.93214480   3 
111  28.79642032 -081.93207543 
112  28.79644438 -081.93216523  28.79643020 -081.93212108   3 
111  28.79638299 -081.93213755   3 
112  28.79632003 -081.93215951  28.79627281 -081.93217598   3 
111  28.79628484 -081.93222088   3 
111  28.79728680 -081.93596110   3 
111  28.79744634 -081.93590545 
111  28.79745836 -081.93595035   3 
111  28.79729882 -081.93600600   3 
112  28.79830078 -081.93974623  28.79831281 -081.93979113   3 
111  28.79836003 -081.93977466   3 
112  28.79842299 -081.93975270  28.79847020 -081.93973623   3 
113  28.79846032 -081.93969058 
120 Default hold RWY 11 (near)
111  28.79840354 -081.93980858   4 
115  28.79839151 -081.93976368 
120 Default hold RWY 11 (centre)
111  28.79737752 -081.93597855   4 
115  28.79736550 -081.93593365 
120 Default hold RWY 11 (far)
111  28.79635151 -081.93214853   4 
115  28.79633948 -081.93210363 
19   28.79866368 -081.93981602 1 WS
19   28.79631520 -081.93201399 1 WS
