1     3769 0 1 9XS6 Sudan
100    6.10   1   0 0.25 0 0 0 04   34.05053341 -102.52576273    0.00    0.00 2  0 0 0 22   34.05575213 -102.51851673    0.00    0.00 2  0 0 0
110   1 0.30  49.00 Default taxiway for RWY 04
111  34.05051441 -102.52574279   3 
111  34.05040920 -102.52563241   3 
111  34.05562813 -102.51838685   3 
111  34.05573334 -102.51849724 
112  34.05569735 -102.51854721  34.05571365 -102.51852044   3 
111  34.05568881 -102.51849437   3 
112  34.05565569 -102.51845962  34.05563085 -102.51843355   3 
111  34.05561285 -102.51845854   3 
111  34.05304837 -102.52201885   3 
111  34.05313287 -102.52210752 
111  34.05311488 -102.52213251   3 
111  34.05303038 -102.52204384   3 
112  34.05046590 -102.52560416  34.05044791 -102.52562915   3 
111  34.05047275 -102.52565521   3 
112  34.05050587 -102.52568997  34.05053071 -102.52571603   3 
113  34.05055040 -102.52569282 
120 Default hold RWY 04 (near)
111  34.05047131 -102.52569757   4 
115  34.05048931 -102.52567259 
120 Default hold RWY 04 (centre)
111  34.05307178 -102.52208729   4 
115  34.05308977 -102.52206230 
120 Default hold RWY 04 (far)
111  34.05567225 -102.51847699   4 
115  34.05569024 -102.51845201 
19   34.05055952 -102.52587786 1 WS
19   34.05572601 -102.51840159 1 WS
