1     2256 0 1 9Y1  WEYDAHL FIELD
100   15.24   1   0 0.25 0 1 0 12   47.39583300 -102.77658300    0.00    0.00 2  0 0 0 30   47.38795800 -102.76421100    0.00    0.00 2  0 0 0
110   1 0.30 133.23 Default taxiway for RWY 12
111  47.39578468 -102.77665011   3 102 
111  47.39553322 -102.77699932   3 102 
111  47.38765889 -102.76462540   3 102 
111  47.38791035 -102.76427625 
112  47.38800428 -102.76442387  47.38795568 -102.76435234   3 102 
111  47.38789572 -102.76443559   3 102 
112  47.38781578 -102.76454659  47.38775582 -102.76462984   3 102 
111  47.38780278 -102.76470365   3 102 
111  47.39162253 -102.77070607   3 102 
111  47.39182403 -102.77042627 
111  47.39187100 -102.77050008   3 102 
111  47.39166950 -102.77077989   3 102 
112  47.39548924 -102.77678231  47.39553621 -102.77685612   3 102 
111  47.39559617 -102.77677286   3 102 
112  47.39567611 -102.77666184  47.39573607 -102.77657858   3 102 
113  47.39569074 -102.77650249 
120 Default hold RWY 12 (near)
111  47.39568311 -102.77679116   4 
115  47.39563614 -102.77671735 
120 Default hold RWY 12 (centre)
111  47.39176943 -102.77064112   4 
115  47.39172246 -102.77056731 
120 Default hold RWY 12 (far)
111  47.38785575 -102.76449109   4 
115  47.38780878 -102.76441728 
18   47.39224669 -102.76991217 1 BCN
19   47.39607683 -102.77652246 1 WS
19   47.38771418 -102.76427159 1 WS
51 12290 CTAF
