1     4515 0 1 E38  ALPINE CASPARIS MUNI
100   22.86   1   0 0.25 0 2 0 01   30.37540600 -103.68673900    0.00    0.00 2  0 0 0 19   30.39062800 -103.67940300    0.00    0.00 2  0 0 0
100   18.29   1   0 0.25 0 2 0 05   30.38237200 -103.69121900    0.00    0.00 2  0 0 0 23   30.38890800 -103.67721100    0.00    0.00 2  0 0 0
21   30.37717309 -103.68623129  1  22.57   3.00 01  VASI
21   30.38886094 -103.67991093  1 202.58   3.00 19  VASI
110   1 0.30  22.57 Default taxiway for RWY 01
111  30.37536738 -103.68663131   3 102 
111  30.37516909 -103.68607844   3 102 
111  30.39039129 -103.67874347   3 102 
111  30.39058958 -103.67929644 
112  30.39039962 -103.67938798  30.39049374 -103.67933980   3 102 
111  30.39044635 -103.67920767   3 102 
112  30.39038318 -103.67903149  30.39033580 -103.67889935   3 102 
111  30.39024082 -103.67894512   3 102 
111  30.38286717 -103.68249818   3 102 
111  30.38302597 -103.68294100 
111  30.38293099 -103.68298676   3 102 
111  30.38277219 -103.68254394   3 102 
112  30.37539854 -103.68609700  30.37530356 -103.68614276   3 102 
111  30.37535094 -103.68627487   3 102 
112  30.37541411 -103.68645102  30.37546150 -103.68658314   3 102 
113  30.37555734 -103.68653978 
110   1 0.30  61.59 Default taxiway for RWY 05
111  30.38230160 -103.69117485   3 102 
111  30.38193773 -103.69094668   3 102 
111  30.38847448 -103.67693960   3 102 
111  30.38883835 -103.67716779 
112  30.38876004 -103.67733559  30.38879721 -103.67725045   3 102 
111  30.38871036 -103.67719598   3 102 
112  30.38859455 -103.67712336  30.38850770 -103.67706889   3 102 
111  30.38846855 -103.67715279   3 102 
111  30.38529806 -103.68394658   3 102 
111  30.38558955 -103.68412937 
111  30.38555040 -103.68421327   3 102 
111  30.38525891 -103.68403048   3 102 
112  30.38208842 -103.69082427  30.38204926 -103.69090817   3 102 
111  30.38213611 -103.69096263   3 102 
112  30.38225192 -103.69103525  30.38233877 -103.69108971   3 102 
113  30.38237991 -103.69100705 
120 Default hold RWY 01 (near)
111  30.37528755 -103.68640872   4 
115  30.37538253 -103.68636295 
120 Default hold RWY 05 (near)
111  30.38215487 -103.69108284   4 
115  30.38219402 -103.69099894 
120 Default hold RWY 01 (centre)
111  30.38285116 -103.68276414   4 
115  30.38294614 -103.68271838 
120 Default hold RWY 05 (centre)
111  30.38540367 -103.68412125   4 
115  30.38544282 -103.68403735 
120 Default hold RWY 05 (far)
111  30.38865246 -103.67715967   4 
115  30.38869162 -103.67707577 
120 Default hold RWY 01 (far)
111  30.39041477 -103.67911958   4 
115  30.39050975 -103.67907381 
18   30.38614668 -103.68453390 1 BCN
19   30.37533397 -103.68715934 1 WS
19   30.38251082 -103.69152296 1 WS
19   30.39070001 -103.67898258 1 WS
19   30.38876914 -103.67690704 1 WS
50 11902 AWOS 3
51 12280 CTAF/UNICOM
