1     4858 0 1 E99  Akin and Akin
100    9.14   3   0 0.25 0 0 0 18   34.77620301 -103.85523670    0.00    0.00 1  0 0 0 36   34.76836921 -103.85691830    0.00    0.00 1  0 0 0
100    9.14   3   0 0.25 0 0 0 05   34.77047574 -103.85989483    0.00    0.00 1  0 0 0 23   34.77409648 -103.85226017    0.00    0.00 1  0 0 0
100    9.14   3   0 0.25 0 0 0 09   34.77290532 -103.86035263    0.00    0.00 1  0 0 0 27   34.77166690 -103.85180237    0.00    0.00 1  0 0 0
19   34.77054148 -103.86005672 1 WS
19   34.77304117 -103.86042520 1 WS
19   34.77626261 -103.85507131 1 WS
19   34.77403072 -103.85209828 1 WS
19   34.77153105 -103.85172981 1 WS
19   34.76830960 -103.85708367 1 WS
