1      322 0 1 EDAU RIESA GOHLIS
100   20.12   1   0 0.25 0 0 0 12   51.29515800  013.35173600    0.00  399.90 2  0 0 0 30   51.29041900  013.36391700    0.00    0.00 2  0 0 0
100   29.87   3   0 0.25 0 0 0 09   51.29795300  013.34195000    0.00    0.00 1  0 0 0 27   51.29726700  013.35264700    0.00    0.00 1  0 0 0
110   1 0.30 121.88 Default taxiway for RWY 12
111  51.29508305  013.35166144   3 
111  51.29469683  013.35127725   3 
111  51.28995846  013.36345956   3 
111  51.29034468  013.36384371 
112  51.29044030  013.36359787  51.29039058  013.36371889   3 
111  51.29029834  013.36362715   3 
112  51.29017536  013.36350483  51.29008313  013.36341309   3 
111  51.29013094  013.36329017   3 
111  51.29238060  013.35750632   3 
111  51.29268996  013.35781404 
111  51.29273777  013.35769112   3 
111  51.29242841  013.35738340   3 
112  51.29467807  013.35159955  51.29472588  013.35147663   3 
111  51.29481811  013.35156838   3 
112  51.29494109  013.35169071  51.29503333  013.35178246   3 
113  51.29498743  013.35190728 
120 Default hold RWY 12 (near)
111  51.29492741  013.35150663   4 
115  51.29487960  013.35162955 
120 Default hold RWY 12 (centre)
111  51.29258213  013.35753631   4 
115  51.29253432  013.35765923 
120 Default hold RWY 12 (far)
111  51.29023685  013.36356599   4 
115  51.29018904  013.36368891 
19   51.29838153  013.34158808 1 WS
19   51.29548421  013.35171954 1 WS
19   51.29683844  013.35300882 1 WS
19   51.29009279  013.36393338 1 WS
54 12580 BERLIN INFO
54 12260 INFO
