1      166 0 0 EDDI [X] Berlin Tempelhof
100   39.01   1   0 0.00 0 0 1 09L  52.47399332  013.38777371  413.92    0.00 1  0 0 0 27R  52.47527719  013.41789869  499.87    0.00 1  0 0 0
100   39.01   1   0 0.00 0 0 1 09R  52.47057686  013.38929927  259.99    0.00 3  0 0 0 27L  52.47128398  013.41983415  245.06    0.00 3  0 0 0
102 H1   52.48180284  013.39576299 355.00   18.90   18.90   2 0   0 0.00 0
102 H2   52.48160046  013.39580674 355.00   18.90   18.90   2 0   0 0.00 0
102 H3   52.48071507  013.39937648   2.64   13.11   13.11   1 0   0 0.00 0
110   1 0.00   0.00 New Taxiway 54
111  52.46604826  013.40195730 
112  52.46610188  013.40190164  52.46613126  013.40190752 
111  52.46630539  013.40196129 
111  52.46631553  013.40190027 
112  52.46610581  013.40184586  52.46608360  013.40183645 
113  52.46606728  013.40178001 
110  12 0.00   0.00 New Taxiway 30
111  52.47620930  013.41286504 
112  52.47600178  013.41275620  52.47598557  013.41273551 
112  52.47593818  013.41267699  52.47588777  013.41265187 
112  52.47590413  013.41284993  52.47594644  013.41288540 
112  52.47599677  013.41281891  52.47601748  013.41281152 
113  52.47620061  013.41292217 
112  52.47596732  013.41278639  52.47596102  013.41281594 
112  52.47592501  013.41279969  52.47590881  013.41278934 
114  52.47593942  013.41273613  52.47595922  013.41274352 
110   1 0.00   0.00 New Taxiway 23
111  52.47201840  013.39626316 
111  52.47195304  013.39626494 
111  52.47196829  013.39719659 
113  52.47203038  013.39719480 
110   3 0.00   0.00 New Taxiway 22
111  52.46724962  013.40009344 
112  52.46800689  013.40036093  52.46802486  013.40038650 
112  52.46804882  013.40042977  52.46809120  013.40044060 
112  52.46806320  013.40029012  52.46802606  013.40028225 
112  52.46800928  013.40029996  52.46798772  013.40029209 
113  52.46725920  013.40003837 
110   3 0.00   0.00 grasswithoutplane
111  52.47705403  013.39859366 
112  52.47709941  013.39918542  52.47708984  013.39924564 
112  52.47704808  013.39937418  52.47705765  013.39948154 
112  52.47709651  013.39964976  52.47710287  013.39967416 
112  52.47721684  013.39972100  52.47730238  013.39970434 
112  52.47735023  013.39950915  52.47734878  013.39939965 
112  52.47731688  013.39921875  52.47730572  013.39918471 
112  52.47725599  013.39911877  52.47725280  013.39906116 
111  52.47722554  013.39859271 
111  52.47729223  013.39857605 
113  52.47728933  013.39854272 
110   2 0.00 355.00 concretemiddleleft
111  52.47352286  013.38995442 
112  52.47352286  013.38995442  52.47334073  013.38995442 102 
112  52.47303048  013.38927356  52.47272782  013.38926336 102 
112  52.47253988  013.38926649  52.47217329  013.38926265 102 
112  52.47173433  013.39006775  52.47129302  013.38985310 102 
111  52.47078939  013.38960218 
111  52.47080742  013.39036747 102 
111  52.47084328  013.39036548 102 
112  52.47117396  013.39013113  52.47134378  013.39022299 102 
112  52.47171365  013.39039369  52.47175996  013.39041904 102 
112  52.47174260  013.39074679  52.47162875  013.39084500 102 
112  52.47105593  013.39139188  52.47093822  013.39152493 102 
111  52.47085926  013.39135505 
111  52.47089047  013.39219315 
112  52.47089047  013.39219315  52.47113613  013.39140313 102 
112  52.47392671  013.39027824  52.47531245  013.39026466 
111  52.47392671  013.39027824 
111  52.47391430  013.38995229 102 
113  52.47352483  013.38998387 102 
110   2 0.00 355.00 concretmiddleright
111  52.47275658  013.41765058 
112  52.47275658  013.41765058  52.47228139  013.41776843 102 
112  52.47141261  013.41635032  52.47095535  013.41446989 
111  52.47141261  013.41635032 
111  52.47143384  013.41725027 
112  52.47143384  013.41725027  52.47164032  013.41786483 102 
111  52.47191021  013.41804223 102 
112  52.47145377  013.41841897  52.47120817  013.41865460 
111  52.47145377  013.41841897 
111  52.47146892  013.41879100 
112  52.47146892  013.41879100  52.47217211  013.41807522 102 
111  52.47274876  013.41798499 102 
111  52.47504420  013.41732223 
113  52.47503367  013.41699966 102 
110   2 0.00 355.00 apronandconcretenorth
111  52.47545309  013.41720819 102 
111  52.47589225  013.41708323 102 
111  52.47621560  013.41661939 
112  52.47621560  013.41661939  52.47622125  013.41646444 102 
112  52.47746207  013.41003191  52.47872795  013.40768933 
111  52.47746207  013.41003191 
112  52.47746207  013.41003191  52.47892038  013.40783020 102 
112  52.47930036  013.40435263  52.47939546  013.40307888 102 
112  52.47958702  013.39956383  52.47968404  013.39775978 102 
112  52.47969259  013.39580944  52.47957876  013.39474279 
111  52.47969259  013.39580944 
111  52.48011543  013.39565556 
111  52.48013369  013.39570757 
111  52.48033025  013.39565154 
112  52.48025591  013.39842080  52.48001979  013.39974267 
111  52.48025591  013.39842080 
111  52.48186213  013.39904090 
112  52.48186213  013.39904090  52.48271142  013.39549723 
112  52.47682959  013.38816320  52.47247938  013.38821493 
111  52.47682959  013.38816320 
111  52.47682959  013.38825285 
111  52.47652155  013.38824536 
111  52.47652961  013.38866370 
111  52.47586873  013.38874992 
111  52.47580854  013.38730249 
111  52.47617412  013.38717568 
111  52.47657478  013.38709494 
111  52.47658843  013.38700935 
111  52.47581314  013.38699675 
111  52.47583798  013.38648238 
111  52.47573754  013.38647491 
111  52.47570986  013.38714723 
111  52.47578332  013.38896080 
111  52.47610403  013.38896251 
111  52.47610222  013.38887809 
111  52.47644699  013.38885963 
111  52.47647079  013.38957165 
111  52.47669380  013.38956301 
111  52.47675679  013.39144264 102 
111  52.47528252  013.39034452 102 
112  52.47426513  013.38995608  52.47369568  013.38995390 
111  52.47426513  013.38995608 
111  52.47430657  013.39102225 
112  52.47430657  013.39102225  52.47431307  013.39088069 102 
112  52.47463184  013.39039681  52.47493339  013.39037545 
111  52.47463184  013.39039681 
112  52.47463184  013.39039681  52.47492405  013.39050962 102 
112  52.47544633  013.39083008  52.47606860  013.39127876 102 
112  52.47777149  013.39258559  52.47921085  013.39366900 102 
112  52.47953550  013.39697338  52.47946588  013.39852667 102 
112  52.47910925  013.40421741  52.47898834  013.40560700 102 
112  52.47744387  013.40961112  52.47597604  013.41208344 102 
111  52.47604241  013.41624467 
112  52.47604241  013.41624467  52.47593365  013.41691471 102 
112  52.47542499  013.41648368  52.47529763  013.41611618 
113  52.47542499  013.41648368 
110   1 0.00   0.00 asphaltwazmiddle
111  52.47254451  013.39093196 
111  52.47258135  013.39106731 
111  52.47259714  013.39667164 
112  52.47259714  013.39667164  52.47246534  013.39720667 
112  52.47210418  013.39735130  52.47200713  013.39735720 
111  52.47210418  013.39735130 
111  52.47205331  013.39735130 
111  52.47205857  013.39748666 
112  52.47205857  013.39748666  52.47246947  013.39716865 
112  52.47255607  013.39691173  52.47262497  013.39673127 
111  52.47255607  013.39691173 
111  52.47260166  013.39691230 
112  52.47260166  013.39691230  52.47259808  013.39726045 
112  52.47236795  013.39775271  52.47222063  013.39806491 
112  52.47211471  013.39858390  52.47212341  013.39883381 
111  52.47220998  013.40271804 
111  52.47217260  013.40285766 
112  52.47121124  013.40423711  52.47117934  013.40427996 
111  52.47114725  013.40422233 
111  52.47115510  013.40450758 
112  52.47121475  013.40433791  52.47124375  013.40428555 
111  52.47216612  013.40295330 
111  52.47221646  013.40301892 
112  52.47244452  013.41212232  52.47250767  013.41254279 
111  52.47261522  013.41298054 
112  52.47207085  013.41291430  52.47194761  013.41289764 
112  52.47206208  013.41335493  52.47220271  013.41337397 
112  52.47265495  013.41345021  52.47271876  013.41351233 
111  52.47271868  013.41359019 
111  52.47335676  013.41855040 
111  52.47339184  013.41855040 
111  52.47314449  013.41666401 
111  52.47271643  013.41319655 
112  52.47248662  013.41212522  52.47240890  013.41154168 
111  52.47231470  013.40567131 
111  52.47239670  013.40560219 
111  52.47270942  013.40558205 
111  52.47277433  013.40563101 
111  52.47277393  013.40551220 
112  52.47235154  013.40554101  52.47231068  013.40551505 
111  52.47229891  013.40547547 
111  52.47225681  013.40291812 
111  52.47230417  013.40276837 
112  52.47411816  013.40049804  52.47415651  013.40045477 
112  52.47427426  013.40035481  52.47430182  013.40034694 
111  52.47436176  013.40036268 
111  52.47434798  013.40015153 
112  52.47425671  013.40029735  52.47421637  013.40034343 
112  52.47410234  013.40044135  52.47401287  013.40052488 
111  52.47231119  013.40268197 
111  52.47224453  013.40264165 
111  52.47219892  013.40055659 
111  52.47222348  013.40051339 
111  52.47301642  013.40047019 
111  52.47302168  013.40023403 
111  52.47288836  013.40024267 
111  52.47288660  013.40042123 
111  52.47222698  013.40046731 
111  52.47219541  013.40042123 
112  52.47215857  013.39863569  52.47214804  013.39831314 
112  52.47238663  013.39783508  52.47247434  013.39763060 
112  52.47263223  013.39701142  52.47262872  013.39666295 
111  52.47261995  013.39101828 
113  52.47265503  013.39088868 
112  52.47260587  013.41309706  52.47267111  013.41310420 
112  52.47259862  013.41330413  52.47253338  013.41330413 
112  52.47207378  013.41324462  52.47201144  013.41323272 
114  52.47207813  013.41302566  52.47213902  013.41302804 
110   1 0.00   0.00 southasphalt
111  52.47670507  013.38865148 
111  52.47579866  013.38895701 
111  52.47576681  013.38841542 
111  52.47529328  013.38786975 
111  52.47375927  013.38874314 
111  52.47252809  013.38889536 
111  52.47254071  013.38913667 
112  52.47254071  013.38913667  52.47216777  013.38917841 
112  52.47189833  013.38999193  52.47173164  013.39001512 
111  52.47079622  013.38948289 
111  52.47081727  013.39058697 
112  52.47114957  013.39023716  52.47133759  013.39032358 
111  52.47161235  013.39046935 
112  52.47161235  013.39046935  52.46844214  013.39371536 
112  52.46645498  013.40070911  52.46581548  013.40513545 
112  52.46778286  013.41138959  52.46941340  013.41422997 
111  52.46778286  013.41138959 
112  52.46778286  013.41138959  52.46823600  013.41221690 
111  52.46862613  013.41256889 
111  52.46865602  013.41249698 
111  52.47032490  013.41698507 
111  52.47099426  013.41698696 
111  52.47098675  013.41632667 
112  52.47086745  013.41649461  52.47082294  013.41649991 
112  52.47046301  013.41652256  52.47038004  013.41647822 
112  52.47021436  013.41619155  52.47010630  013.41591596 
111  52.47021436  013.41619155 
112  52.46875376  013.41222074  52.46851227  013.41148470 
111  52.46875376  013.41222074 
112  52.46875376  013.41222074  52.46994840  013.41054248 
112  52.46739944  013.40864683  52.46578346  013.41023901 
111  52.46739944  013.40864683 
112  52.46739944  013.40864683  52.46639661  013.40503050 
112  52.46789734  013.39751390  52.46907819  013.39294399 
111  52.46789734  013.39751390 
112  52.46789734  013.39751390  52.46909481  013.39884896 
112  52.46952081  013.39430302  52.46854564  013.39196197 
111  52.46952081  013.39430302 
112  52.46952081  013.39430302  52.47069029  013.39285888 
112  52.47287256  013.39080961  52.47412502  013.39027999 
111  52.47287256  013.39080961 
112  52.47287256  013.39080961  52.47412502  013.39066744 
112  52.47561249  013.39277471  52.47693156  013.39262160 
111  52.47561249  013.39277471 
112  52.47561249  013.39277471  52.47605218  013.39269816 
112  52.47682508  013.39235628  52.47779773  013.39212660 
113  52.47682508  013.39235628 
110   1 0.00   0.00 northasphaltsmall
111  52.48133802  013.39511054 
111  52.47960835  013.39570573 
111  52.47946991  013.40156926 
112  52.47946991  013.40156926  52.48000073  013.40251990 
112  52.47997564  013.40471442  52.47976021  013.40586033 
111  52.47997564  013.40471442 
111  52.47838640  013.40791890 
111  52.47839068  013.40827321 
111  52.48007736  013.40490461 
111  52.48042487  013.40512728 
112  52.48066948  013.40442906  52.48070765  013.40429963 
112  52.48080202  013.40427160  52.48084416  013.40414850 
112  52.48187991  013.40062281  52.48197937  013.39993902 
111  52.48187991  013.40062281 
111  52.48163129  013.40046509 
113  52.48183471  013.39902698 
110   1 0.00   0.00 asphaltmiddleright
111  52.47193394  013.41792679 
111  52.47150710  013.41689295 
111  52.47369455  013.41601867 
111  52.47495628  013.41581554 
112  52.47501632  013.41587009  52.47502404  013.41595563 
111  52.47533301  013.41574407 102 
111  52.47603974  013.41563142 
111  52.47605876  013.41568193 
111  52.47608997  013.41505822 102 
112  52.47585513  013.41523293  52.47567180  013.41526778 102 
111  52.47548906  013.41530345 102 
111  52.47533891  013.41495231 
111  52.47497654  013.41493548 
111  52.47483637  013.41542376 
111  52.47419665  013.41550305 
111  52.47394532  013.41529983 
111  52.47386410  013.41321872 
111  52.47388581  013.41321479 
111  52.47386422  013.41264570 
111  52.47373913  013.41271415 
111  52.47353156  013.41274672 
111  52.47353669  013.41330160 
111  52.47355408  013.41330183 
111  52.47363985  013.41542935 
111  52.47350652  013.41564261 
111  52.47312705  013.41579975 
111  52.47278177  013.41611403 
111  52.47225872  013.41630485 
111  52.47210181  013.41620992 
111  52.47152543  013.41642183 
111  52.47141773  013.41627118 
111  52.47147881  013.41892737 
112  52.47147881  013.41892737  52.47197607  013.41830587 
111  52.47277835  013.41809283 
113  52.47277015  013.41797720 
110   1 0.00   0.00 New Taxiway 9
111  52.46872330  013.39786342 
112  52.46997933  013.40403212  52.47003515  013.40429392 
111  52.46988317  013.40426355 
111  52.46945512  013.40422611 
111  52.46945161  013.40430099 
112  52.47057612  013.40441330  52.47066862  013.40442639 
111  52.47071646  013.40454001 
111  52.47070346  013.40415795 
112  52.47056259  013.40433852  52.47048923  013.40434113 
111  52.47021160  013.40430229 
112  52.47002951  013.40404915  52.46997688  013.40377688 
113  52.46876446  013.39785007 
110   1 0.00   0.00 New Taxiway 8
111  52.46919001  013.41123046 
111  52.46992280  013.41169211 
111  52.46992577  013.41154256 
112  52.46978417  013.41155882  52.46971089  013.41151493 
113  52.46919694  013.41118982 
110   1 0.00   0.00 New Taxiway 21
111  52.46697401  013.40192290 
112  52.46731970  013.40190812  52.46733861  013.40192585 
112  52.46736292  013.40199974  52.46738632  013.40205884 
112  52.46744754  013.40194358  52.46744664  013.40188004 
111  52.46744844  013.40184015 
113  52.46698302  013.40186379 
110  12 0.00   0.00 New Taxiway 19
112  52.47006730  013.39907584  52.47002380  013.39907584 
112  52.46996524  013.39898166  52.46990329  013.39898166 
112  52.46994756  013.39916005  52.47000951  013.39916221 
112  52.47005749  013.39912754  52.47010099  013.39912754 
111  52.47037725  013.39912967 
113  52.47037072  013.39907622 
111  52.47001407  013.39907710 
112  52.46996317  013.39910507  52.46992626  013.39910507 
114  52.46996137  013.39903562  52.46999828  013.39903562 
110  12 0.00   0.00 New Taxiway 19
112  52.47012324  013.40279201  52.47007974  013.40279201 
112  52.47000593  013.40273360  52.46994399  013.40273360 
112  52.47000066  013.40292616  52.47006261  013.40292832 
112  52.47012324  013.40286774  52.47016674  013.40286774 
111  52.47045934  013.40285259 
113  52.47045934  013.40279418 
111  52.47008744  013.40282606 
112  52.47002082  013.40286744  52.46998391  013.40286744 
114  52.47001902  013.40278616  52.47005593  013.40278616 
110   5 0.00   0.00 New Taxiway 18
111  52.47002190  013.40434825 
112  52.46982791  013.40491642  52.46982419  013.40494329 
111  52.46982150  013.40499116 
112  52.46978196  013.40506197  52.46975220  013.40506319 
111  52.46968730  013.40506590 
111  52.46968970  013.40521735 
111  52.46977787  013.40520996 
112  52.46979035  013.40515638  52.46980593  013.40515638 
112  52.46982031  013.40525079  52.46983109  013.40531767 
111  52.46983229  013.40539634 
111  52.46985266  013.40539831 
112  52.46986104  013.40494592  52.46987782  013.40483971 
113  52.47006115  013.40435388 
110   1 0.00   0.00 detailwaysasphalt
111  52.47684644  013.39187280 
112  52.47699355  013.39360556  52.47704258  013.39386624 
111  52.47845830  013.39756233 
111  52.47847224  013.39754022 
111  52.47854164  013.39773435 
112  52.47851829  013.39795287  52.47845768  013.39797905 
111  52.47767769  013.39823657 
111  52.47766368  013.39861226 
112  52.47809873  013.40194068  52.47810511  013.40214230 
112  52.47794030  013.40293921  52.47793073  013.40313297 
112  52.47795322  013.40347713  52.47795960  013.40377563 
111  52.47781779  013.40383749 
112  52.47706478  013.40411064  52.47693081  013.40413683 
111  52.47706478  013.40411064 
111  52.47700289  013.40408213 
111  52.47697253  013.40358843 
111  52.47700756  013.40359331 
111  52.47699822  013.40351537 
112  52.47699822  013.40351537  52.47683646  013.40350554 
112  52.47640280  013.40300945  52.47618018  013.40244492 
111  52.47640280  013.40300945 
111  52.47694451  013.40292511 
111  52.47690015  013.40207407 
111  52.47625803  013.40213924 
112  52.47574432  013.39956024  52.47545299  013.39830745 
111  52.47574432  013.39956024 
112  52.47574432  013.39956024  52.47572151  013.39944216 
112  52.47591266  013.39897523  52.47616121  013.39890204 
111  52.47591266  013.39897523 
112  52.47591266  013.39897523  52.47614191  013.39890204 
112  52.47746521  013.39848976  52.47755352  013.39846812 
111  52.47766357  013.39861221 
111  52.47767762  013.39823670 
111  52.47565292  013.39885143 
111  52.47560731  013.39899632 
112  52.47482314  013.39974227  52.47473904  013.39982557 
111  52.47466792  013.39958010 
111  52.47468988  013.40012370 
112  52.47485998  013.39981427  52.47501946  013.39964765 
111  52.47547977  013.39920339 
111  52.47558716  013.39929042 
111  52.47561061  013.39942928 
111  52.47562866  013.39942035 
112  52.47562866  013.39942035  52.47607930  013.40106839 
112  52.47635679  013.40307447  52.47640464  013.40322372 
112  52.47681642  013.40361307  52.47702853  013.40366020 
111  52.47681642  013.40361307 
111  52.47684975  013.40424096 
112  52.47684975  013.40424096  52.47736807  013.40413098 
112  52.47777172  013.40392596  52.47780840  013.40391287 
112  52.47799356  013.40351513  52.47797123  013.40320092 
112  52.47797075  013.40297652  52.47797873  013.40284821 
111  52.47812864  013.40210667 
111  52.47819307  013.40279729 
111  52.47834340  013.40273520 
111  52.47829893  013.40246069 
111  52.47822843  013.40247341 
111  52.47773313  013.39872737 
112  52.47781789  013.39837483  52.47796621  013.39831985 
111  52.47945677  013.39786802 
111  52.47948971  013.39789053 
111  52.47951309  013.39765119 
112  52.47879327  013.39786636  52.47862103  013.39791611 
111  52.47852150  013.39752215 
111  52.47849621  013.39751001 
112  52.47703143  013.39355379  52.47699635  013.39330766 
113  52.47689195  013.39190998 
110   5 0.00   0.00 dirthwaynorth
111  52.47800220  013.40113149 
112  52.47800220  013.40113149  52.47800400  013.40136502 
112  52.47772279  013.40157444  52.47763637  013.40170303 
111  52.47764441  013.40182738 
112  52.47770977  013.40228521  52.47773809  013.40237463 
111  52.47778275  013.40238358 
112  52.47796684  013.40237285  52.47802130  013.40237821 
111  52.47802784  013.40244796 
111  52.47807133  013.40220652 
112  52.47801695  013.40228521  52.47799049  013.40228728 
112  52.47785246  013.40230667  52.47777077  013.40230667 
111  52.47774136  013.40219579 
111  52.47769670  013.40183632 
112  52.47775334  013.40161992  52.47782850  013.40153407 
112  52.47796575  013.40137848  52.47799952  013.40133735 
113  52.47802021  013.40126044 
110   5 0.00   0.00 dirtwayeast
111  52.47773819  013.40394021 
112  52.47785780  013.40401091  52.47788491  013.40408684 
112  52.47797422  013.40499020  52.47798580  013.40524050 
112  52.47793754  013.40586214  52.47790281  013.40627085 
112  52.47766374  013.40651426  52.47750165  013.40654010 
112  52.47736727  013.40680917  52.47734218  013.40686620 
112  52.47717404  013.40731439  52.47714895  013.40742845 
112  52.47700138  013.40876857  52.47697823  013.40896183 
112  52.47672663  013.40911665  52.47656453  013.40908814 
112  52.47606203  013.40882094  52.47603492  013.40868479 
111  52.47606203  013.40882094 
112  52.47606203  013.40882094  52.47604848  013.40875286 
112  52.47623518  013.40663862  52.47632403  013.40557844 
112  52.47643636  013.40446441  52.47646883  013.40441670 
111  52.47643636  013.40446441 
112  52.47643636  013.40446441  52.47650131  013.40436900 
111  52.47688656  013.40422838 
111  52.47684648  013.40370169 
111  52.47648307  013.40299252 
111  52.47633836  013.40297035 
112  52.47638679  013.40364909  52.47639020  013.40391850 
111  52.47622311  013.40576272 
111  52.47596953  013.40894399 
111  52.47690847  013.40926676 
112  52.47690847  013.40926676  52.47702618  013.40989724 
111  52.47717681  013.41009870 
111  52.47721509  013.41002539 
112  52.47697578  013.40931845  52.47687543  013.40873233 
111  52.47697578  013.40931845 
111  52.47702133  013.40887298 
112  52.47720381  013.40731511  52.47724241  013.40718838 
112  52.47736603  013.40690220  52.47742389  013.40677534 
112  52.47768777  013.40656268  52.47786338  013.40650249 
112  52.47798163  013.40585269  52.47801636  013.40536477 
112  52.47800904  013.40505865  52.47800629  013.40488623 
112  52.47789672  013.40402799  52.47789672  013.40390230 
113  52.47793930  013.40379874 
112  52.47675476  013.40396905  52.47675052  013.40408754 
112  52.47657433  013.40417815  52.47651914  013.40417815 
112  52.47650428  013.40389586  52.47651065  013.40372161 
114  52.47657646  013.40365539  52.47662952  013.40369373 
110   1 0.00   0.00 asphalteastunderlaz
111  52.47604672  013.41610768 
111  52.47602237  013.41611496 
111  52.47600168  013.41618290 
112  52.47600168  013.41618290  52.47600316  013.41687199 
112  52.47541052  013.41622415  52.47538687  013.41561999 
111  52.47541052  013.41622415 
111  52.47538244  013.41622900 
112  52.47503660  013.41652017  52.47504547  013.41694235 
111  52.47480605  013.41706609 
111  52.47481935  013.41738637 
111  52.47545633  013.41720197 
113  52.47603567  013.41670214 
110   3 0.00   0.00 grasswithplane
111  52.47692889  013.40269461 
112  52.47717374  013.40278902  52.47719606  013.40279164 
112  52.47726160  013.40261985  52.47726887  013.40252482 
112  52.47724881  013.40204220  52.47724125  013.40199690 
112  52.47712779  013.40189984  52.47709293  013.40190163 
112  52.47693847  013.40194849  52.47691886  013.40195922 
113  52.47688379  013.40210676 
110   1 0.00   0.00 New Taxiway 48
111  52.47573050  013.38677852 
112  52.47368498  013.38672972  52.47360872  013.38672972 
112  52.47332333  013.38691387  52.47327566  013.38691529 
111  52.47166718  013.38688877 
112  52.47166718  013.38688877  52.47136988  013.38690092 
112  52.47086195  013.38765825  52.47069574  013.38813697 
112  52.47039012  013.38922971  52.47025062  013.38970638 
111  52.47039012  013.38922971 
111  52.47036095  013.38950190 
112  52.47036095  013.38950190  52.47020070  013.39000743 
112  52.46973673  013.39161562  52.46968870  013.39178801 
112  52.46947848  013.39228591  52.46937413  013.39240935 
111  52.46947848  013.39228591 
111  52.46966564  013.39204005 
112  52.46966564  013.39204005  52.46972955  013.39182084 
111  52.47040902  013.38953860 
111  52.47046228  013.38921459 
112  52.47088401  013.38776426  52.47128408  013.38649995 
111  52.47088401  013.38776426 
112  52.47088401  013.38776426  52.47090306  013.38771512 
112  52.47154221  013.38701416  52.47201586  013.38686741 
111  52.47154221  013.38701416 
112  52.47154221  013.38701416  52.47156876  013.38701416 
112  52.47161837  013.38712132  52.47161837  013.38718953 
112  52.47161523  013.38810805  52.47161639  013.38814971 
112  52.47168092  013.38821521  52.47171553  013.38821899 
112  52.47181049  013.38821967  52.47186241  013.38822557 
112  52.47193573  013.38829799  52.47197873  013.38834447 
111  52.47253937  013.38890318 
111  52.47260527  013.38889527 
112  52.47195936  013.38825813  52.47194258  013.38824263 
112  52.47193114  013.38817948  52.47193010  013.38813472 
111  52.47193033  013.38795177 
112  52.47170642  013.38795247  52.47168859  013.38795075 
112  52.47165415  013.38789647  52.47165415  013.38785516 
112  52.47166135  013.38708844  52.47166240  013.38706778 
112  52.47173830  013.38697742  52.47178758  013.38697742 
112  52.47335018  013.38700643  52.47339265  013.38700785 
112  52.47368700  013.38682085  52.47375893  013.38681943 
112  52.47555070  013.38686818  52.47557272  013.38686990 
112  52.47571794  013.38711437  52.47575254  013.38721939 
113  52.47571794  013.38711437 
111  52.47165610  013.38799931 
111  52.47187001  013.38799759 
111  52.47187106  013.38808194 
111  52.47189623  013.38808022 
112  52.47189623  013.38812669  52.47189413  013.38814907 
112  52.47186058  013.38816801  52.47184695  013.38816973 
111  52.47171692  013.38816801 
113  52.47165505  013.38808022 
110   1 0.00   0.00 New Taxiway 51
111  52.46937257  013.39242613 
111  52.46938802  013.39245822 
111  52.46943676  013.39239117 
113  52.46942140  013.39236091 
110   2 0.00  80.00 New Taxiway 55
111  52.46601866  013.40177637 
112  52.46601866  013.40177637  52.46544688  013.40646997 
112  52.46671092  013.40992031  52.46701321  013.41083285 
111  52.46671092  013.40992031 
111  52.46674724  013.40987446 
112  52.46674724  013.40987446  52.46645637  013.40895495 
112  52.46606812  013.40178836  52.46664150  013.39711725 
113  52.46606812  013.40178836 
110   2 0.00  50.00 New Taxiway 62
111  52.46682415  013.41021779 
112  52.46682415  013.41021779  52.46732370  013.41154583 
111  52.46797870  013.41240987 
111  52.46801113  013.41235037 
112  52.46686516  013.41017525  52.46635790  013.40884994 
113  52.46686516  013.41017525 
110   1 0.00   0.00 New Taxiway 53
112  52.46601876  013.40177672  52.46599439  013.40238318 
111  52.46601876  013.40177672 
111  52.46607020  013.40179380 
112  52.46607020  013.40179380  52.46609142  013.40118762 
112  52.46665938  013.39902333  52.46694995  013.39794470 
112  52.46747565  013.39633709  52.46781222  013.39560024 
111  52.46747565  013.39633709 
111  52.46744268  013.39628533 
112  52.46744268  013.39628533  52.46710286  013.39703818 
114  52.46660693  013.39898271  52.46631318  013.40007383 
110   2 0.00 130.00 New Taxiway 50
112  52.46744211  013.39628577  52.46683005  013.39772365 
111  52.46744211  013.39628577 
111  52.46747437  013.39633873 
112  52.46747437  013.39633873  52.46810100  013.39490062 
112  52.46855486  013.39381116  52.46877488  013.39332519 
112  52.46970595  013.39208207  52.47041447  013.39111582 
111  52.46970595  013.39208207 
111  52.46967866  013.39201662 
112  52.46967866  013.39201662  52.46896354  013.39297142 
114  52.46851579  013.39376163  52.46829034  013.39424841 
110   1 0.00   0.00 New Taxiway 52
111  52.46924661  013.39267012 
111  52.46933386  013.39272877 
111  52.46943291  013.39296601 
111  52.46949246  013.39286572 
111  52.46939504  013.39267951 
113  52.46939661  013.39247437 
110   1 0.00   0.00 New Taxiway 57
111  52.46669095  013.40985509 
112  52.46666392  013.41011448  52.46661527  013.41020059 
111  52.46666392  013.41011448 
112  52.46666392  013.41011448  52.46649561  013.41067869 
112  52.46643916  013.41172737  52.46647965  013.41287963 
111  52.46643916  013.41172737 
112  52.46643916  013.41172737  52.46645458  013.41211871 
112  52.46678666  013.41464916  52.46685733  013.41478532 
112  52.46701188  013.41480489  52.46707333  013.41480489 
112  52.46862663  013.41437428  52.46874586  013.41438368 
111  52.46879982  013.41450830 
112  52.46908247  013.41544845  52.46920701  013.41586342 
112  52.46936322  013.41592336  52.46943944  013.41601795 
112  52.47021679  013.41710079  52.47026757  013.41720121 
112  52.47029551  013.41737032  52.47031167  013.41747831 
112  52.47068825  013.41981613  52.47073843  013.42000837 
112  52.47099150  013.42013514  52.47106771  013.42014429 
112  52.47159101  013.41993017  52.47169231  013.41988648 
112  52.47175569  013.41966240  52.47180931  013.41950778 
112  52.47199141  013.41938994  52.47207212  013.41937816 
112  52.47599900  013.41827432  52.47606045  013.41825598 
112  52.47630313  013.41796095  52.47635899  013.41795178 
112  52.47713308  013.41774308  52.47730308  013.41768408 
112  52.47730627  013.41720025  52.47728397  013.41701409 
112  52.47722080  013.41636199  52.47721337  013.41625823 
112  52.47730627  013.41615150  52.47735646  013.41614235 
112  52.47783709  013.41603334  52.47792631  013.41600587 
112  52.47801184  013.41579330  52.47804283  013.41568868 
112  52.47836790  013.41406876  52.47841085  013.41390505 
112  52.47838605  013.41364579  52.47835533  013.41352976 
112  52.47780560  013.41177552  52.47777011  013.41164235 
112  52.47783034  013.41145425  52.47784217  013.41141818 
112  52.48037868  013.40669408  52.48094761  013.40515048 
111  52.48037868  013.40669408 
112  52.48037868  013.40669408  52.48040520  013.40664659 
112  52.48142749  013.40716600  52.48150105  013.40718453 
112  52.48159760  013.40698964  52.48161987  013.40689621 
112  52.48209033  013.40462224  52.48249464  013.40274176 
112  52.48289554  013.39919697  52.48316884  013.39648442 
111  52.48289554  013.39919697 
111  52.48284156  013.39916742 
111  52.48264813  013.40089953 
112  52.48255591  013.40099555  52.48248888  013.40096803 
112  52.48231075  013.40083674  52.48228790  013.40081590 
112  52.48227476  013.40070010  52.48227745  013.40060508 
111  52.48227476  013.40070010 
111  52.48222713  013.40068163 
112  52.48222713  013.40068163  52.48207307  013.40126168 
112  52.48179180  013.40212853  52.48169060  013.40242652 
112  52.48164723  013.40243956  52.48160928  013.40244062 
111  52.48164723  013.40243956 
112  52.48164723  013.40243956  52.48152154  013.40244415 
112  52.48138052  013.40227502  52.48133678  013.40213376 
111  52.48121764  013.40237524 
112  52.48138183  013.40258359  52.48139719  013.40263633 
112  52.48145380  013.40288273  52.48146609  013.40293570 
112  52.48145605  013.40313755  52.48143762  013.40321070 
111  52.48093386  013.40477473 
111  52.48064719  013.40450603 
111  52.48059196  013.40465911 
111  52.48087513  013.40493407 
111  52.48042225  013.40632139 
111  52.48035970  013.40625891 
111  52.48037371  013.40620490 
111  52.48012652  013.40596346 
111  52.48005217  013.40617433 
111  52.48030396  013.40639908 
111  52.48033183  013.40635746 
112  52.48033183  013.40635746  52.48036103  013.40638664 
112  52.48038338  013.40644902  52.48037068  013.40648863 
112  52.48030058  013.40647954  52.48026630  013.40644619 
111  52.47917005  013.40543697 
111  52.47914173  013.40554379 
112  52.48028368  013.40652393  52.48030145  013.40654061 
112  52.48031220  013.40669081  52.48028128  013.40679578 
111  52.48031220  013.40669081 
112  52.48031220  013.40669081  52.47973846  013.40817901 
112  52.47776483  013.41139635  52.47774793  013.41141653 
112  52.47769554  013.41138248  52.47767711  013.41132447 
111  52.47734059  013.41026147 
111  52.47730172  013.41033056 
112  52.47832417  013.41366031  52.47834568  013.41373093 
112  52.47831910  013.41402099  52.47829145  013.41415467 
112  52.47798113  013.41563573  52.47795882  013.41575170 
112  52.47782904  013.41591040  52.47776398  013.41592871 
112  52.47725618  013.41607687  52.47716881  013.41610128 
112  52.47716831  013.41635709  52.47718689  013.41652494 
112  52.47725280  013.41722548  52.47726395  013.41733840 
112  52.47710747  013.41764719  52.47696062  013.41769602 
111  52.47374465  013.41855439 
111  52.47366692  013.41852665 
111  52.47339208  013.41854884 
111  52.47335845  013.41854516 
112  52.47328332  013.41867923  52.47324523  013.41868757 
112  52.47184187  013.41909535  52.47173141  013.41913495 
112  52.47162726  013.41948927  52.47160567  013.41963725 
112  52.47152080  013.41987487  52.47147128  013.41988112 
112  52.47099170  013.42002466  52.47092107  013.42001856 
112  52.47071642  013.41967236  52.47065880  013.41940994 
111  52.47035141  013.41736716 
111  52.47034972  013.41696771 
111  52.47027875  013.41684842 
112  52.47027537  013.41699267  52.47027537  013.41702109 
112  52.47024326  013.41702596  52.47022595  013.41699943 
112  52.46938988  013.41583316  52.46934527  013.41578739 
112  52.46914654  013.41547255  52.46908706  013.41527421 
112  52.46845201  013.41319518  52.46835349  013.41289616 
111  52.46800948  013.41234834 
111  52.46797852  013.41240788 
112  52.46841146  013.41325343  52.46851555  013.41357381 
112  52.46866999  013.41406614  52.46868777  013.41412450 
112  52.46859520  013.41430820  52.46854823  013.41431863 
112  52.46700549  013.41474575  52.46697016  013.41474828 
112  52.46678059  013.41449889  52.46672989  013.41425681 
112  52.46646796  013.41172513  52.46646458  013.41151937 
112  52.46647698  013.41084305  52.46648285  013.41078530 
112  52.46650439  013.41070034  52.46651025  013.41068002 
112  52.46655018  013.41069251  52.46657493  013.41070748 
112  52.46667794  013.41072495  52.46672228  013.41067088 
112  52.46688362  013.41047903  52.46689860  013.41045962 
111  52.46693268  013.41048427 
111  52.46688117  013.41035431 
112  52.46686877  013.41043573  52.46685852  013.41045385 
112  52.46666750  013.41067685  52.46659577  013.41074673 
112  52.46654064  013.41057978  52.46654537  013.41053578 
112  52.46661027  013.41036684  52.46662890  013.41031979 
112  52.46673237  013.41017895  52.46677035  013.41018483 
111  52.46684588  013.41027603 
111  52.46682477  013.41021881 
111  52.46686582  013.41017604 
113  52.46674529  013.40986911 
111  52.46874812  013.41435458 
112  52.46874812  013.41435458  52.46871569  013.41433579 
111  52.46864510  013.41431074 
112  52.46870234  013.41421993  52.46871283  013.41418078 
113  52.46870234  013.41421993 
112  52.47603311  013.41800416  52.47608693  013.41799032 
112  52.47604429  013.41813944  52.47600093  013.41815367 
112  52.47195092  013.41932020  52.47181392  013.41934345 
112  52.47169728  013.41966161  52.47166382  013.41975621 
112  52.47164585  013.41963679  52.47166232  013.41955418 
114  52.47194393  013.41914596  52.47220478  013.41909669 
112  52.48043501  013.40650102  52.48046776  013.40637689 
112  52.48168939  013.40260520  52.48170003  013.40255910 
112  52.48180815  013.40258083  52.48186960  013.40260858 
112  52.48234751  013.40280832  52.48238125  013.40283517 
112  52.48237473  013.40294645  52.48236705  013.40300951 
111  52.48163991  013.40659044 
111  52.48161428  013.40657150 
111  52.48159235  013.40660941 
111  52.48159812  013.40667195 
111  52.48161659  013.40669279 
112  52.48156465  013.40692969  52.48153930  013.40703235 
112  52.48141345  013.40709267  52.48137289  013.40708157 
114  52.48046816  013.40666247  52.48043436  013.40662716 
112  52.48198612  013.40168728  52.48199913  013.40164150 
111  52.48210323  013.40133017 
111  52.48226309  013.40134543 
111  52.48229097  013.40116841 
111  52.48239878  013.40119588 
111  52.48241365  013.40099443 
112  52.48257537  013.40111957  52.48261441  013.40115925 
112  52.48261813  013.40128134  52.48260697  013.40136069 
112  52.48250102  013.40219700  52.48248987  013.40226415 
112  52.48241365  013.40227330  52.48237833  013.40224889 
114  52.48203817  013.40195587  52.48198612  013.40190704 
110   1 0.00   0.00 New Taxiway 63
111  52.47079781  013.38917948 
111  52.47046344  013.38920449 
111  52.47036487  013.38969635 
111  52.47105718  013.41994130 
111  52.47108422  013.41994130 
111  52.47108253  013.42000510 
113  52.47150499  013.41988027 
110   5 0.00   0.00 New Taxiway 56
111  52.46677791  013.40996942 
112  52.46679197  013.40984644  52.46679612  013.40982408 
111  52.46691081  013.40955365 
112  52.46697272  013.40961221  52.46702092  013.40972432 
111  52.46697272  013.40961221 
111  52.46690347  013.40941931 
112  52.46690137  013.40948648  52.46689277  013.40950883 
112  52.46677103  013.40980368  52.46675685  013.40982523 
113  52.46671729  013.40979066 
130 Airport Boundary 1
111  52.48237466  013.39403892 
112  52.48237466  013.39403892  52.48136028  013.38918095 
112  52.47651271  013.38712015  52.47447625  013.38727112 
111  52.47651271  013.38712015 
112  52.47574366  013.38648428  52.47501953  013.38639212 
111  52.47350390  013.38641055 
111  52.47329621  013.38689896 
111  52.47114626  013.38665934 
111  52.46933312  013.39184705 
112  52.46933312  013.39184705  52.46775194  013.39432805 
112  52.46705983  013.39631636  52.46684105  013.39690396 
112  52.46600436  013.40126356  52.46548724  013.40522979 
111  52.46603242  013.40746424 
111  52.46710955  013.41098088 
111  52.46917242  013.41571587 
111  52.47022441  013.41729426 
111  52.47084080  013.42007333 
111  52.47187635  013.41969559 
111  52.47762117  013.41771241 
111  52.47850879  013.41343529 
111  52.47790883  013.41142483 
111  52.48042373  013.40675629 
111  52.48154146  013.40720158 
112  52.48296646  013.39422356  52.48284998  013.38664592 
113  52.48296646  013.39422356 
120 Linear Feature 1
111  52.47674914  013.39102127  20 
115  52.47681165  013.39102127 
120 Linear Feature 15
111  52.47209625  013.41827071  54 
115  52.47208629  013.41775428 
120 Linear Feature 14
111  52.47179371  013.41676959  55 
115  52.47173343  013.41634264 
120 Linear Feature 13
111  52.47459583  013.41544590  55 
115  52.47461136  013.41586655 
120 Linear Feature 12
111  52.47478088  013.41706688  54 
115  52.47481194  013.41738768 
120 Linear Feature 11
111  52.47585093  013.41709331  54 
115  52.47581470  013.41672151 
120 Linear Feature 16
111  52.46997942  013.39302575  55 
115  52.47017358  013.39345500 
120 Linear Feature 10
111  52.47569305  013.41568474  54 
115  52.47567494  013.41526621 
120 Linear Feature 9
112  52.47677101  013.39164915  52.47681485  013.39168257  22 
112  52.47709852  013.39146751  52.47714862  013.39148551  22 
112  52.47733339  013.39162176  52.47738193  013.39165518  22 
116  52.47750745  013.39220235  52.47756225  013.39223835 
120 Linear Feature 7
111  52.47358997  013.38876170  54 
111  52.47363837  013.38997220  54 
111  52.47365118  013.39029469  54 
115  52.47368677  013.39111726 
120 Linear Feature 5
111  52.47262181  013.39058034  56 
115  52.47241476  013.38930572 
120 Linear Feature 4
111  52.47116987  013.39012998  54 
115  52.47116599  013.38978584 
120 Linear Feature 3
111  52.47141166  013.39193275  54 
115  52.47127747  013.39160563 
120 Linear Feature 2
111  52.47118748  013.39165971  54 
115  52.47118346  013.39125872 
120 Linear Feature 1
111  52.47113934  013.39123566  54 
115  52.47106508  013.39104330 
120 Linear Feature 220
112  52.48181035  013.39907801  52.48194453  013.39802435  22 
112  52.48154793  013.39331947  52.48089748  013.39085289 
111  52.48154793  013.39331947 
112  52.48154793  013.39331947  52.48152977  013.39325067  22 
116  52.48157586  013.39312684  52.48159960  013.39309474 
120 Linear Feature 219
112  52.48199217  013.39721621  52.48199650  013.39695838  21 
112  52.48158282  013.39333844  52.48106541  013.39133600 
111  52.48158282  013.39333844 
112  52.48158282  013.39333844  52.48156374  013.39327212  21 
116  52.48161206  013.39324981  52.48163436  013.39322234 
120 Linear Feature 218
111  52.47969349  013.39788470  21 
112  52.48160081  013.39894089  52.48165929  013.39897782  21 
115  52.48180324  013.39919571 
120 Linear Feature 217
111  52.47969925  013.39774149  21 
112  52.48164183  013.39882646  52.48172176  013.39887835  21 
112  52.48179989  013.39865884  52.48182882  013.39850052 
111  52.48179989  013.39865884 
112  52.48179989  013.39865884  52.48196773  013.39756138  21 
112  52.48151526  013.39335239  52.48095076  013.39122878 
111  52.48151526  013.39335239 
112  52.48151526  013.39335239  52.48147978  013.39322476  21 
116  52.48155350  013.39300524  52.48157374  013.39299047 
120 Linear Feature 216
111  52.47925702  013.38966189  51 
115  52.47924165  013.38973503 
120 Linear Feature 215
111  52.47901275  013.38953577  51 
115  52.47900354  013.38960135 
120 Linear Feature 214
111  52.48134495  013.39459985  51 
115  52.48137107  013.39465787 
120 Linear Feature 213
111  52.48111913  013.39389861  51 
115  52.48114678  013.39395411 
120 Linear Feature 212
111  52.48122052  013.39426184  51 
115  52.48124817  013.39432490 
120 Linear Feature 211
111  52.48125683  013.39220446  51 
115  52.48124007  013.39226637 
120 Linear Feature 210
111  52.48103617  013.39205311  51 
115  52.48101941  013.39210815 
120 Linear Feature 209
111  52.48096355  013.39266308  51 
115  52.48094958  013.39271582 
120 Linear Feature 208
111  52.48074149  013.39250944  51 
115  52.48072753  013.39257135 
120 Linear Feature 207
111  52.48066747  013.39311252  51 
115  52.48065351  013.39316985 
120 Linear Feature 206
111  52.48044961  013.39297494  51 
115  52.48043285  013.39301851 
120 Linear Feature 205
111  52.48030995  013.39365827  51 
115  52.48029738  013.39371102 
120 Linear Feature 204
111  52.48009348  013.39351152  51 
115  52.48008370  013.39356197 
120 Linear Feature 203
111  52.48001667  013.39409854  51 
115  52.48000550  013.39416275 
120 Linear Feature 202
111  52.47980439  013.39396325  51 
115  52.47979042  013.39401599 
120 Linear Feature 201
111  52.47946223  013.39309648  51 
115  52.47945385  013.39315152 
120 Linear Feature 200
111  52.47924296  013.39294514  51 
115  52.47923179  013.39299788 
120 Linear Feature 199
111  52.47959770  013.39239711  51 
115  52.47958652  013.39244297 
120 Linear Feature 198
111  52.47982115  013.39254615  51 
115  52.47980998  013.39259660 
120 Linear Feature 197
111  52.48011024  013.39210130  51 
115  52.48010326  013.39215175 
120 Linear Feature 196
111  52.47989237  013.39194996  51 
115  52.47987980  013.39200958 
120 Linear Feature 195
111  52.48040631  013.39162893  51 
115  52.48039793  013.39168396 
120 Linear Feature 194
111  52.48018286  013.39147300  51 
115  52.48017309  013.39153721 
120 Linear Feature 193
111  52.48070239  013.39117719  51 
115  52.48068982  013.39123911 
120 Linear Feature 192
111  52.48047894  013.39104419  51 
115  52.48046497  013.39109923 
120 Linear Feature 191
111  52.47998175  013.38992976  51 
115  52.47997198  013.38997104 
120 Linear Feature 190
111  52.47991193  013.39052596  51 
115  52.47990355  013.39058099 
120 Linear Feature 189
111  52.47968708  013.39037920  51 
115  52.47968009  013.39043653 
120 Linear Feature 188
111  52.47955859  013.39108775  51 
115  52.47954882  013.39113590 
120 Linear Feature 187
111  52.47933095  013.39092495  51 
115  52.47931838  013.39097539 
120 Linear Feature 186
111  52.47926391  013.39153259  51 
115  52.47925134  013.39158992 
120 Linear Feature 185
111  52.47903487  013.39139272  51 
115  52.47902929  013.39143629 
120 Linear Feature 184
111  52.47890918  013.39208750  51 
115  52.47890080  013.39214024 
120 Linear Feature 183
111  52.47866199  013.39192470  51 
115  52.47865221  013.39198202 
120 Linear Feature 182
111  52.47799442  013.39159452  51 
115  52.47798744  013.39164038 
120 Linear Feature 181
111  52.47775652  013.39145444  51 
115  52.47774730  013.39150993 
120 Linear Feature 180
111  52.47829267  013.39112907  51 
115  52.47828109  013.39118537 
120 Linear Feature 179
111  52.47805455  013.39099035  51 
115  52.47804226  013.39105593 
120 Linear Feature 178
111  52.47841249  013.39044049  51 
115  52.47839867  013.39048842 
120 Linear Feature 177
111  52.47866597  013.39057417  51 
115  52.47865215  013.39062462 
120 Linear Feature 176
111  52.47895939  013.39012268  51 
115  52.47894864  013.39017817 
120 Linear Feature 175
111  52.47871820  013.38999405  51 
115  52.47870745  013.39004701 
120 Linear Feature 174
111  52.47049296  013.39355751  51 
115  52.47047219  013.39352151 
120 Linear Feature 173
111  52.47050335  013.39398192  51 
115  52.47048373  013.39394402 
120 Linear Feature 172
111  52.47051374  013.39441201  51 
115  52.47049642  013.39437601 
120 Linear Feature 171
111  52.47052413  013.39483832  51 
115  52.47049758  013.39480232 
120 Linear Feature 170
111  52.47053220  013.39526273  51 
115  52.47051374  013.39522673 
120 Linear Feature 169
111  52.47053913  013.39567388  51 
115  52.47052643  013.39564545 
120 Linear Feature 168
111  52.47055413  013.39610776  51 
115  52.47052874  013.39606608 
120 Linear Feature 167
111  52.47056106  013.39652459  51 
115  52.47054259  013.39649049 
120 Linear Feature 166
111  52.47057376  013.39695469  51 
115  52.47054952  013.39691679 
120 Linear Feature 165
111  52.47058530  013.39736962  51 
115  52.47056221  013.39735068 
120 Linear Feature 164
111  52.47059222  013.39779972  51 
115  52.47056914  013.39776940 
120 Linear Feature 163
111  52.47059915  013.39822413  51 
115  52.47058530  013.39819192 
120 Linear Feature 162
111  52.47061415  013.39865233  51 
115  52.47058991  013.39861633 
120 Linear Feature 161
111  52.47062223  013.39906537  51 
115  52.47060261  013.39903316 
120 Linear Feature 160
111  52.47063493  013.39950115  51 
115  52.47061069  013.39946326 
120 Linear Feature 159
111  52.47063954  013.39991609  51 
115  52.47061762  013.39988388 
120 Linear Feature 158
111  52.47065109  013.40034808  51 
115  52.47063262  013.40030829 
120 Linear Feature 157
111  52.47066032  013.40075734  51 
115  52.47063493  013.40072323 
120 Linear Feature 156
111  52.47066955  013.40119122  51 
115  52.47064762  013.40115901 
120 Linear Feature 155
111  52.47067994  013.40160426  51 
115  52.47065570  013.40157584 
120 Linear Feature 154
111  52.47069033  013.40203815  51 
115  52.47066609  013.40199836 
120 Linear Feature 153
111  52.47069610  013.40245119  51 
115  52.47067533  013.40242277 
120 Linear Feature 152
111  52.47070995  013.40288697  51 
115  52.47068802  013.40284339 
120 Linear Feature 151
111  52.47072034  013.40329054  51 
115  52.47069956  013.40325833 
120 Linear Feature 150
111  52.47072842  013.40372064  51 
115  52.47070649  013.40368653 
120 Linear Feature 149
111  52.47073881  013.40412800  51 
115  52.47072149  013.40409579 
120 Linear Feature 148
111  52.47074804  013.40457136  51 
115  52.47072957  013.40453915 
120 Linear Feature 147
111  52.47075266  013.40462251  51 
115  52.47073303  013.40465662 
120 Linear Feature 146
111  52.47075871  013.40504656  51 
115  52.47074013  013.40508262 
120 Linear Feature 145
111  52.47101066  013.41584188  51 
115  52.47099159  013.41587476 
120 Linear Feature 144
111  52.47137982  013.41583092  51 
115  52.47139985  013.41586380 
120 Linear Feature 143
111  52.47099826  013.41541909  51 
115  52.47098396  013.41544414 
120 Linear Feature 142
111  52.47136646  013.41538620  51 
115  52.47139126  013.41542222 
120 Linear Feature 141
111  52.47136169  013.41495715  51 
115  52.47137695  013.41499630 
120 Linear Feature 140
111  52.47099063  013.41497751  51 
115  52.47097442  013.41502135 
120 Linear Feature 139
111  52.47097823  013.41454376  51 
115  52.47096011  013.41457821 
120 Linear Feature 138
111  52.47134929  013.41452967  51 
115  52.47136837  013.41456098 
120 Linear Feature 137
111  52.47097060  013.41411627  51 
115  52.47094962  013.41415542 
120 Linear Feature 136
111  52.47096392  013.41368252  51 
115  52.47094294  013.41371228 
120 Linear Feature 135
111  52.47133689  013.41409592  51 
115  52.47136169  013.41413037 
120 Linear Feature 134
111  52.47132831  013.41365590  51 
115  52.47134834  013.41369349 
120 Linear Feature 133
111  52.47094866  013.41325191  51 
115  52.47093054  013.41328949 
120 Linear Feature 132
111  52.47093912  013.41281816  51 
115  52.47092195  013.41285417 
120 Linear Feature 131
111  52.47131781  013.41322215  51 
115  52.47133880  013.41326130 
120 Linear Feature 130
111  52.47130923  013.41280093  51 
115  52.47132640  013.41283225 
120 Linear Feature 129
111  52.47092863  013.41238754  51 
115  52.47090860  013.41242042 
120 Linear Feature 128
111  52.47091814  013.41196319  51 
115  52.47089811  013.41199294 
120 Linear Feature 127
111  52.47129778  013.41237971  51 
115  52.47131591  013.41241259 
120 Linear Feature 126
111  52.47129015  013.41193187  51 
115  52.47131114  013.41197102 
120 Linear Feature 125
111  52.47090765  013.41152787  51 
115  52.47088857  013.41156075 
120 Linear Feature 124
111  52.47127871  013.41150438  51 
115  52.47129683  013.41153570 
120 Linear Feature 123
111  52.47089811  013.41110039  51 
115  52.47088475  013.41112701 
120 Linear Feature 122
111  52.47088571  013.41066037  51 
115  52.47086949  013.41069795 
120 Linear Feature 121
111  52.47126917  013.41107377  51 
115  52.47129111  013.41111135 
120 Linear Feature 120
111  52.47125963  013.41063845  51 
115  52.47127871  013.41067447 
120 Linear Feature 119
111  52.47087617  013.41023445  51 
115  52.47086091  013.41026421 
120 Linear Feature 118
111  52.47086663  013.40979601  51 
115  52.47084564  013.40983672 
120 Linear Feature 117
111  52.47124913  013.41020314  51 
115  52.47126821  013.41024385 
120 Linear Feature 116
111  52.47123864  013.40976312  51 
115  52.47125867  013.40981010 
120 Linear Feature 115
111  52.47085518  013.40936539  51 
115  52.47083897  013.40939514 
120 Linear Feature 114
111  52.47084755  013.40892851  51 
115  52.47083038  013.40896453 
120 Linear Feature 113
111  52.47123006  013.40934347  51 
115  52.47124723  013.40937792 
120 Linear Feature 112
111  52.47121956  013.40890502  51 
115  52.47123960  013.40894104 
120 Linear Feature 111
111  52.47083992  013.40849476  51 
115  52.47081989  013.40853234 
120 Linear Feature 110
111  52.47082847  013.40807197  51 
115  52.47080844  013.40810016 
120 Linear Feature 109
111  52.47121003  013.40847441  51 
115  52.47123197  013.40851512 
120 Linear Feature 108
111  52.47120239  013.40805945  51 
115  52.47121575  013.40808137 
120 Linear Feature 107
111  52.47082180  013.40765075  51 
115  52.47080081  013.40768833 
120 Linear Feature 106
111  52.47080653  013.40721544  51 
115  52.47079223  013.40724676 
120 Linear Feature 105
111  52.47118809  013.40762413  51 
115  52.47120621  013.40765545 
120 Linear Feature 104
111  52.47117855  013.40718256  51 
115  52.47119858  013.40721544 
120 Linear Feature 103
111  52.47079890  013.40678639  51 
115  52.47077887  013.40682397 
120 Linear Feature 102
111  52.47117092  013.40675977  51 
115  52.47119095  013.40680361 
120 Linear Feature 101
111  52.47078936  013.40633698  51 
115  52.47076838  013.40637613 
120 Linear Feature 100
111  52.47115852  013.40630880  51 
115  52.47117950  013.40634794 
120 Linear Feature 99
111  52.47077696  013.40589854  51 
115  52.47075598  013.40593768 
120 Linear Feature 98
111  52.47114612  013.40588757  51 
115  52.47117092  013.40592202 
120 Linear Feature 97
111  52.47076742  013.40548201  51 
115  52.47074549  013.40551646 
120 Linear Feature 96
111  52.47113848  013.40544600  51 
115  52.47116233  013.40548045 
120 Linear Feature 95
111  52.47112799  013.40502321  51 
115  52.47114707  013.40505453 
120 Linear Feature 94
111  52.47112131  013.40459416  51 
115  52.47114135  013.40463174 
120 Linear Feature 93
111  52.47113944  013.40452369  51 
115  52.47111941  013.40456128 
120 Linear Feature 92
111  52.47070256  013.40434518  53 
111  52.47067967  013.40438590 
111  52.47070256  013.40438433  53 
115  52.47067776  013.40434518 
120 Linear Feature 91
111  52.47118046  013.40430604  53 
111  52.47115756  013.40435145 
111  52.47118141  013.40434362  53 
115  52.47115852  013.40431230 
120 Linear Feature 89
111  52.47112704  013.40406333  51 
115  52.47110701  013.40411344 
120 Linear Feature 88
111  52.47112418  013.40366090  51 
115  52.47109938  013.40370161 
120 Linear Feature 87
111  52.47111368  013.40323968  51 
115  52.47108984  013.40327882 
120 Linear Feature 86
111  52.47110033  013.40281376  51 
115  52.47108125  013.40284977 
120 Linear Feature 85
111  52.47109365  013.40238941  51 
115  52.47107076  013.40242699 
120 Linear Feature 84
111  52.47108316  013.40195253  51 
115  52.47105645  013.40199324 
120 Linear Feature 83
111  52.47106790  013.40153601  51 
115  52.47104787  013.40157046 
120 Linear Feature 82
111  52.47105740  013.40110852  51 
115  52.47103928  013.40114767 
120 Linear Feature 81
111  52.47105168  013.40067947  51 
115  52.47102974  013.40071706 
120 Linear Feature 80
111  52.47104214  013.40027078  51 
115  52.47101925  013.40031619 
120 Linear Feature 79
111  52.47103451  013.39984956  51 
115  52.47101543  013.39988401 
120 Linear Feature 78
111  52.47102593  013.39942991  51 
115  52.47100208  013.39946749 
120 Linear Feature 77
111  52.47101257  013.39900556  51 
115  52.47099159  013.39904314 
120 Linear Feature 76
111  52.47100590  013.39858121  51 
115  52.47098014  013.39862662 
120 Linear Feature 75
111  52.47099445  013.39815529  51 
115  52.47097251  013.39818974 
120 Linear Feature 74
111  52.47098491  013.39772937  51 
115  52.47096202  013.39776695 
120 Linear Feature 73
111  52.47097442  013.39730346  51 
115  52.47095152  013.39734104 
120 Linear Feature 72
111  52.47096679  013.39688537  51 
115  52.47094389  013.39692138 
120 Linear Feature 71
111  52.47095152  013.39646571  51 
115  52.47093245  013.39649860 
120 Linear Feature 70
111  52.47094294  013.39601944  51 
115  52.47092291  013.39605702 
120 Linear Feature 69
111  52.47093149  013.39560449  51 
115  52.47091337  013.39563580 
120 Linear Feature 68
111  52.47092482  013.39517074  51 
115  52.47090383  013.39520675 
120 Linear Feature 67
111  52.47091146  013.39475578  51 
115  52.47089143  013.39478710 
120 Linear Feature 66
111  52.47090574  013.39434083  51 
115  52.47088189  013.39438937 
120 Linear Feature 65
111  52.47089620  013.39391961  51 
115  52.47087331  013.39396032 
120 Linear Feature 64
111  52.47088380  013.39349056  51 
115  52.47086281  013.39352971 
120 Linear Feature 47
111  52.47620974  013.38706131  20 
112  52.47593636  013.38712569  52.47587754  013.38713895  20 
115  52.47586254  013.38710676 
120 Linear Feature 46
111  52.47577218  013.38735558  22 
111  52.47578831  013.38788846  20 
111  52.47579091  013.38799659  20 
115  52.47575451  013.38799944 
120 Linear Feature 45
112  52.47960715  013.38937264  52.47959246  013.38939847  22 
112  52.47948026  013.38941224  52.47940742  013.38936840 
111  52.47948026  013.38941224 
112  52.47948026  013.38941224  52.47805245  013.38805408  22 
112  52.47687866  013.38828013  52.47680344  013.38828013 
111  52.47687866  013.38828013 
112  52.47687866  013.38828013  52.47684105  013.38828013  22 
112  52.47669576  013.38853011  52.47662770  013.38871381  22 
112  52.47647956  013.38878645  52.47640065  013.38878897  22 
111  52.47604329  013.38884650  20 
112  52.47587503  013.38885981  52.47582394  013.38885828 
111  52.47587503  013.38885981 
112  52.47587503  013.38885981  52.47582394  013.38885828  20 
112  52.47581338  013.38859354  52.47580929  013.38845000  20 
111  52.47580759  013.38828412  20 
115  52.47584805  013.38827863 
120 Linear Feature 44
111  52.47956623  013.38932799  21 
112  52.47949010  013.38935072  52.47943149  013.38931921 
111  52.47949010  013.38935072 
112  52.47949010  013.38935072  52.47833259  013.38829277  21 
112  52.47741237  013.38824416  52.47717414  013.38821474  22 
112  52.47685043  013.38822201  52.47679879  013.38824034  22 
112  52.47666743  013.38849802  52.47659346  013.38870883  22 
115  52.47649281  013.38869321 
120 Linear Feature 43
111  52.47608056  013.38896371  21 
112  52.47577985  013.38899912  52.47576716  013.38898246  21 
115  52.47575320  013.38845960 
120 Linear Feature 42
111  52.47625565  013.38893871  21 
115  52.47613131  013.38895746 
120 Linear Feature 41
111  52.47644344  013.38891580  21 
115  52.47635208  013.38892621 
120 Linear Feature 40
111  52.47668956  013.38899567  20 
115  52.47668645  013.38900370 
120 Linear Feature 39
111  52.47669045  013.38895989  20 
115  52.47667800  013.38898691 
120 Linear Feature 38
111  52.47668956  013.38891389  20 
115  52.47666866  013.38897230 
120 Linear Feature 37
111  52.47668912  013.38887958  20 
115  52.47665932  013.38895624 
120 Linear Feature 36
111  52.47668823  013.38883504  20 
115  52.47664954  013.38894164 
120 Linear Feature 35
111  52.47668823  013.38879999  20 
115  52.47663886  013.38892704 
120 Linear Feature 34
111  52.47668823  013.38875473  20 
115  52.47662863  013.38891462 
120 Linear Feature 33
111  52.47668912  013.38871165  20 
115  52.47661841  013.38890075 
120 Linear Feature 32
111  52.47668422  013.38867806  20 
115  52.47660773  013.38889053 
120 Linear Feature 31
111  52.47664464  013.38874597  20 
115  52.47659839  013.38887812 
120 Linear Feature 30
111  52.47661976  013.38877575  20 
115  52.47658906  013.38887009 
120 Linear Feature 29
111  52.47659928  013.38879707  20 
115  52.47657660  013.38885767 
120 Linear Feature 28
111  52.47657527  013.38881752  20 
115  52.47656504  013.38884599 
120 Linear Feature 27
111  52.47669048  013.38901541 
112  52.47669048  013.38901541  52.47666212  013.38893651  20 
111  52.47655340  013.38883562  20 
112  52.47668733  013.38866747  52.47672672  013.38856270 
113  52.47668733  013.38866747  20 
120 Linear Feature 26
111  52.47652554  013.38906092  20 
111  52.47652385  013.38892110 
112  52.47652385  013.38892110  52.47655836  013.38892110  20 
115  52.47664013  013.38905386 
120 Linear Feature 25
111  52.47652700  013.38913299  20 
111  52.47652554  013.38906092  20 
111  52.47664013  013.38905386 
112  52.47664013  013.38905386  52.47665152  013.38907368  20 
115  52.47666826  013.38912661 
120 Linear Feature 24
111  52.47652906  013.38920060  20 
111  52.47652701  013.38913299  20 
111  52.47666826  013.38912661 
112  52.47666826  013.38912661  52.47667588  013.38914724  20 
115  52.47668660  013.38919590 
120 Linear Feature 23
111  52.47653055  013.38927652  20 
111  52.47652906  013.38920060  20 
111  52.47668660  013.38919591 
112  52.47668660  013.38919591  52.47669741  013.38923718  20 
115  52.47669740  013.38927453 
120 Linear Feature 22
111  52.47653202  013.38934961  20 
111  52.47653055  013.38927653  20 
111  52.47669740  013.38927454  20 
115  52.47669827  013.38934120 
120 Linear Feature 21
111  52.47653144  013.38941541  20 
111  52.47653203  013.38934960  20 
111  52.47669826  013.38934121  20 
115  52.47669937  013.38941021 
120 Linear Feature 20
111  52.47653182  013.38948993  20 
111  52.47653144  013.38941541  20 
111  52.47669936  013.38941022  20 
115  52.47670138  013.38948520 
120 Linear Feature 19
111  52.47670296  013.38956102  20 
111  52.47653152  013.38957104  20 
111  52.47653182  013.38948993  20 
111  52.47670138  013.38948520  20 
115  52.47670296  013.38956099 
120 Linear Feature 18
111  52.47680960  013.39151972  21 
112  52.47674878  013.39102322  52.47674692  013.39090848  21 
115  52.47670296  013.38956102 
120 Linear Feature 17
111  52.47687725  013.39154840  21 
112  52.47681160  013.39102240  52.47681007  013.39092410  21 
112  52.47675500  013.38852716  52.47675838  013.38844952  21 
112  52.47688144  013.38834966  52.47692712  013.38834549  21 
112  52.47947134  013.38947967  52.48086528  013.39079366 
111  52.47947134  013.38947967 
112  52.47947134  013.38947967  52.47953119  013.38952746  21 
116  52.47963360  013.38941809  52.47964833  013.38938678 
120 Linear Feature 16
112  52.47762252  013.38896683  52.47805693  013.38896143  51 
112  52.47859111  013.38938900  52.47860743  013.38939518  51 
116  52.47861026  013.38949522  52.47859695  013.38951418 
120 Linear Feature 15
112  52.47758368  013.38961372  52.47792204  013.38962849  51 
112  52.47825802  013.38989432  52.47828314  013.38990807  51 
116  52.47826792  013.39001291  52.47825038  013.39004105 
120 Linear Feature 14
112  52.47745509  013.39017954  52.47769152  013.39019895  51 
112  52.47794039  013.39032663  52.47797416  013.39034604  51 
116  52.47797064  013.39047260  52.47795360  013.39049771 
120 Linear Feature 13
112  52.47723693  013.39063483  52.47741595  013.39063760  51 
112  52.47769058  013.39072542  52.47772435  013.39073550  51 
116  52.47771675  013.39086692  52.47769781  013.39089546 
120 Linear Feature 12
111  52.47699168  013.39104222  51 
112  52.47743958  013.39109222  52.47749403  013.39109999  51 
116  52.47746500  013.39125765  52.47744137  013.39129058 
120 Linear Feature 11
112  52.48020576  013.39455047  52.48025536  013.39447355  51 
112  52.48038330  013.39466368  52.48041675  013.39478679 
111  52.48038330  013.39466368 
112  52.48038330  013.39466368  52.48043892  013.39490699  51 
112  52.48054124  013.39565845  52.48057310  013.39601739  51 
116  52.48059504  013.39649055  52.48059639  013.39675434 
120 Linear Feature 10
111  52.48143070  013.39539594  51 
115  52.48194390  013.39524074 
120 Linear Feature 9
111  52.48177521  013.39485970  51 
112  52.48170074  013.39488631  52.48167942  013.39489356  51 
116  52.48163938  013.39495556  52.48163209  013.39497501 
120 Linear Feature 8
111  52.48156817  013.39415207  51 
112  52.48166801  013.39469484  52.48167955  013.39477059  51 
112  52.48163939  013.39495553  52.48161842  013.39502268  51 
112  52.48150682  013.39530636  52.48147536  013.39538384  51 
112  52.48143069  013.39539595  52.48140553  013.39540800  51 
115  52.48054125  013.39565845 
120 Linear Feature 7
112  52.48148652  013.39379241  52.48150155  013.39385593  51 
112  52.48147431  013.39392890  52.48146389  013.39394493  51 
112  52.48097228  013.39469116  52.48095405  013.39471468  51 
116  52.48087674  013.39467959  52.48086111  013.39465393 
120 Linear Feature 7
112  52.48139482  013.39340439  52.48140986  013.39346791  51 
112  52.48138440  013.39354506  52.48137398  013.39356110  51 
112  52.48081077  013.39441590  52.48079254  013.39443942  51 
116  52.48073514  013.39441249  52.48071951  013.39438684 
120 Linear Feature 6
112  52.48117533  013.39306551  52.48121244  013.39301419  51 
112  52.48131486  013.39310597  52.48133488  013.39316545 
111  52.48131486  013.39310597 
112  52.48131486  013.39310597  52.48132487  013.39313571  51 
111  52.48139485  013.39340452  51 
111  52.48148652  013.39379241  51 
112  52.48156818  013.39415213  52.48157866  013.39420535  51 
112  52.48156818  013.39431850  52.48154816  013.39434198  51 
112  52.48114137  013.39496384  52.48109466  013.39503114  51 
112  52.48100627  013.39492855  52.48097371  013.39486998  51 
111  52.48087674  013.39467958  51 
111  52.48073516  013.39441246  51 
112  52.48059175  013.39414205  52.48057831  013.39411430 
111  52.48059175  013.39414205 
112  52.48059175  013.39414205  52.48056488  013.39408655  51 
116  52.48049881  013.39409546  52.48048488  013.39411514 
120 Linear Feature 5
111  52.47979750  013.38983940  51 
115  52.47998543  013.38984648 
120 Linear Feature 4
112  52.47964417  013.38979044  52.47965778  013.38976809  51 
112  52.47972772  013.38979546  52.47975496  013.38980424 
111  52.47972772  013.38979546 
112  52.47972772  013.38979546  52.47974134  013.38979985  51 
111  52.47979750  013.38983940  51 
115  52.48018898  013.39008085 
120 Linear Feature 3
111  52.47977230  013.38958777  51 
111  52.47964418  013.38979039  51 
115  52.47942148  013.39013316 
120 Linear Feature 2
111  52.48020680  013.39011382  51 
112  52.48029927  013.39055834  52.48030404  013.39058339  51 
116  52.48029731  013.39065879  52.48028225  013.39068176 
120 Linear Feature 1
111  52.48037515  013.39038240  51 
116  52.48033480  013.39060206  52.48029190  013.39066780 
120 Linear Feature 15
112  52.48065755  013.39198949  52.48068187  013.39195284  51 
112  52.48079763  013.39193421  52.48085918  013.39197066  51 
115  52.48133144  013.39228431 
120 Linear Feature 15
112  52.47943672  013.39386124  52.47945758  013.39383029  51 
112  52.47955297  013.39383659  52.47960672  013.39386736  51 
112  52.48011421  013.39419575  52.48024616  013.39428235  51 
116  52.48020574  013.39455049  52.48015588  013.39463739 
120 Linear Feature 15
112  52.47973353  013.39340148  52.47975439  013.39337052  51 
112  52.47983855  013.39338109  52.47986946  013.39340152  51 
112  52.48039979  013.39374026  52.48050695  013.39380964  51 
116  52.48049881  013.39409545  52.48044895  013.39418235 
120 Linear Feature 15
112  52.48009322  013.39286052  52.48011408  013.39282956  51 
112  52.48020418  013.39284020  52.48025186  013.39287096  51 
112  52.48076542  013.39319937  52.48091641  013.39329337  51 
116  52.48084747  013.39355767  52.48079762  013.39364457 
120 Linear Feature 15
112  52.48037538  013.39242502  52.48039971  013.39238837  51 
112  52.48050476  013.39239133  52.48055244  013.39242209  51 
112  52.48105965  013.39276091  52.48118859  013.39285621  51 
116  52.48112810  013.39313503  52.48105855  013.39324522 
120 Linear Feature 15
112  52.47888978  013.39283459  52.47891354  013.39279608  51 
112  52.47900723  013.39282154  52.47905492  013.39285230  51 
112  52.47956213  013.39319113  52.47969106  013.39328642  51 
116  52.47962373  013.39357358  52.47953115  013.39372662 
120 Linear Feature 15
112  52.47923408  013.39230614  52.47925784  013.39226764  51 
112  52.47937492  013.39227867  52.47942261  013.39230943  51 
112  52.47992982  013.39264825  52.48005875  013.39274355  51 
116  52.47997855  013.39303320  52.47988597  013.39318624 
120 Linear Feature 15
112  52.47953816  013.39183640  52.47956192  013.39179789  51 
112  52.47965920  013.39183565  52.47971209  013.39187211  51 
112  52.48021410  013.39220524  52.48034303  013.39230053  51 
116  52.48023429  013.39264278  52.48012915  013.39280498 
120 Linear Feature 15
112  52.47983079  013.39137488  52.47985455  013.39133637  51 
112  52.47996437  013.39136899  52.48001726  013.39140544  51 
112  52.48051927  013.39173857  52.48065833  013.39183941  51 
116  52.48054566  013.39217037  52.48047393  013.39227791 
120 Linear Feature 15
112  52.47830314  013.39183256  52.47835110  013.39175269  51 
112  52.47844584  013.39182019  52.47848866  013.39184886  51 
112  52.47900074  013.39218642  52.47907646  013.39223693  51 
116  52.47906065  013.39257242  52.47903663  013.39261860 
120 Linear Feature 15
112  52.47863997  013.39132191  52.47870440  013.39122496  51 
112  52.47879933  013.39126592  52.47885441  013.39129460  51 
112  52.47936249  013.39164053  52.47942781  013.39168108  51 
116  52.47940211  013.39205052  52.47934776  013.39214934 
120 Linear Feature 15
112  52.47898268  013.39080403  52.47900082  013.39077588  51 
112  52.47909307  013.39080193  52.47914816  013.39083061  51 
112  52.47965623  013.39117654  52.47972155  013.39121709  51 
116  52.47968870  013.39159749  52.47963434  013.39169632 
120 Linear Feature 15
112  52.47934004  013.39025555  52.47935818  013.39022740  51 
112  52.47944762  013.39025367  52.47950271  013.39028235  51 
112  52.48001078  013.39062828  52.48007610  013.39066883  51 
116  52.48005563  013.39103090  52.48001202  013.39111964 
120 Linear Feature 15
112  52.47736902  013.39140433  52.47738716  013.39137618  51 
112  52.47748826  013.39134176  52.47754335  013.39137044  51 
112  52.47812853  013.39169198  52.47819571  013.39172948  51 
116  52.47815998  013.39205125  52.47808664  013.39216439 
120 Linear Feature 15
112  52.47766620  013.39094654  52.47768433  013.39091839  51 
112  52.47778363  013.39088732  52.47783872  013.39091599  51 
112  52.47842390  013.39123753  52.47849108  013.39127503  51 
116  52.47845392  013.39160437  52.47838058  013.39171751 
120 Linear Feature 15
112  52.47802400  013.39038249  52.47804293  013.39035314  51 
112  52.47815288  013.39032427  52.47820796  013.39035295  51 
112  52.47879315  013.39067448  52.47886032  013.39071199  51 
116  52.47881640  013.39105825  52.47873176  013.39118178 
120 Linear Feature 15
112  52.47832096  013.38993607  52.47834062  013.38991094  51 
112  52.47844447  013.38987659  52.47849956  013.38990527  51 
112  52.47909475  013.39022954  52.47916193  013.39026704  51 
116  52.47910874  013.39061205  52.47902409  013.39073558 
120 Linear Feature 14
112  52.47971576  013.39529166  52.47960521  013.39544981  51 
116  52.47957858  013.39569507  52.47959694  013.39582793 
120 Linear Feature 13
112  52.47949950  013.39523911  52.47952400  013.39534455  51 
112  52.47971575  013.39529168  52.47978576  013.39519177 
111  52.47971575  013.39529168 
112  52.47971575  013.39529168  52.47975076  013.39524173  51 
111  52.48020574  013.39455048  51 
111  52.48049881  013.39409545  51 
111  52.48084747  013.39355767  51 
111  52.48112810  013.39313503  51 
111  52.48117534  013.39306556  51 
115  52.48143969  013.39264172 
120 Linear Feature 12
112  52.47931459  013.39404049  52.47920845  013.39419582  51 
116  52.47925424  013.39438441  52.47926879  013.39442161 
120 Linear Feature 11
112  52.47908112  013.39396445  52.47911444  013.39402080  51 
112  52.47931459  013.39404050  52.47940338  013.39392391 
111  52.47931459  013.39404050 
112  52.47931459  013.39404050  52.47933679  013.39401135  51 
111  52.47943672  013.39386125  51 
111  52.47962373  013.39357360  51 
111  52.47973350  013.39340148  51 
111  52.47997855  013.39303320  51 
111  52.48009322  013.39286052  51 
111  52.48023430  013.39264276  51 
111  52.48037538  013.39242500  51 
111  52.48054568  013.39217034  51 
111  52.48065754  013.39198949  51 
112  52.48087367  013.39165347  52.48089647  013.39161529 
111  52.48087367  013.39165347 
112  52.48087367  013.39165347  52.48096487  013.39150078  51 
112  52.48080826  013.39128713  52.48076356  013.39125483  51 
112  52.48024816  013.39091388  52.48018254  013.39086250  51 
116  52.48011398  013.39094507  52.48010288  013.39095999 
120 Linear Feature 10
112  52.47875685  013.39304563  52.47867992  013.39321309  51 
116  52.47877832  013.39340705  52.47880054  013.39344073 
120 Linear Feature 9
112  52.47853499  013.39308303  52.47856421  013.39311537  51 
112  52.47875685  013.39304562  52.47883502  013.39290725 
111  52.47875685  013.39304562 
112  52.47875685  013.39304562  52.47877639  013.39301103  51 
111  52.47888975  013.39283457  51 
111  52.47906064  013.39257243  51 
111  52.47923408  013.39230612  51 
111  52.47940211  013.39205051  51 
111  52.47953815  013.39183639  51 
111  52.47968869  013.39159749  51 
111  52.47983080  013.39137487  51 
111  52.48005570  013.39103089  51 
111  52.48011397  013.39094507  51 
111  52.48029732  013.39065876  51 
111  52.48033478  013.39060215 
112  52.48033478  013.39060215  52.48038018  013.39053516  51 
115  52.48045053  013.39048826 
120 Linear Feature 8
112  52.47802501  013.39225515  52.47797907  013.39232605  51 
116  52.47807383  013.39265061  52.47815278  013.39272015 
120 Linear Feature 7
112  52.47719671  013.39166307  52.47714719  013.39174097  51 
116  52.47721231  013.39197716  52.47724507  013.39200108 
120 Linear Feature 6
112  52.47699683  013.39181776  52.47707608  013.39187656  51 
112  52.47719671  013.39166305  52.47727039  013.39154728 
111  52.47719671  013.39166305 
112  52.47719671  013.39166305  52.47721513  013.39163411  51 
111  52.47736902  013.39140433  51 
111  52.47746500  013.39125765  51 
111  52.47766619  013.39094655  51 
111  52.47771674  013.39086693  51 
111  52.47797060  013.39047264  51 
111  52.47802399  013.39038250  51 
111  52.47826791  013.39001292  51 
111  52.47832099  013.38993602  51 
112  52.47861026  013.38949522  52.47863420  013.38946643  51 
112  52.47873218  013.38942048  52.47879509  013.38944577  51 
112  52.47936133  013.38975680  52.47948546  013.38982913  51 
112  52.47942148  013.39013316  52.47938897  013.39018922 
111  52.47942148  013.39013316 
112  52.47942148  013.39013316  52.47941742  013.39014017  51 
111  52.47934006  013.39025549  51 
111  52.47910874  013.39061205  51 
111  52.47898265  013.39080405  51 
111  52.47881640  013.39105825  51 
111  52.47863996  013.39132190  51 
111  52.47845398  013.39160434  51 
111  52.47830315  013.39183250  51 
111  52.47815996  013.39205128  51 
112  52.47802500  013.39225515  52.47799716  013.39230515 
111  52.47802500  013.39225515 
112  52.47802500  013.39225515  52.47791365  013.39245516  51 
116  52.47781699  013.39244290  52.47778987  013.39242358 
120 Linear Feature 4
112  52.46943746  013.39303394  52.46585613  013.39745279  20 
112  52.46618269  013.40537375  52.46620101  013.40582929  20 
112  52.46647047  013.40547675  52.46647047  013.40521460  20 
112  52.46648778  013.40435798  52.46650087  013.40420757  20 
116  52.46671855  013.40332660  52.46673034  013.40315452 
120 Linear Feature 2
112  52.46874549  013.39429365  52.47146401  013.39033598 
111  52.46874549  013.39429365  20 
112  52.46921989  013.39455808  52.46947739  013.39433431  20 
112  52.46938985  013.39496322  52.46923406  013.39508044  20 
112  52.46927458  013.39602841  52.46954425  013.39655274 
111  52.46927458  013.39602841 
112  52.46927458  013.39602841  52.46937331  013.39619755  20 
112  52.46931891  013.39658137  52.46920941  013.39676469  20 
112  52.46899377  013.39653770  52.46892670  013.39636366  20 
112  52.46870410  013.39581475  52.46859375  013.39563361  20 
112  52.46825925  013.39578079  52.46815539  013.39588024  20 
112  52.46795185  013.39613498  52.46785015  013.39630902  20 
112  52.46814398  013.39660804  52.46827597  013.39652280  20 
112  52.46842182  013.39642367  52.46851054  013.39639526  20 
112  52.46844251  013.39664928  52.46839275  013.39670611  20 
112  52.46755096  013.39791319  52.46746008  013.39807302  20 
112  52.46666256  013.40320390  52.46653172  013.40587330 
111  52.46666256  013.40320390 
112  52.46666256  013.40320390  52.46665264  013.40336746  20 
112  52.46642609  013.40434066  52.46641527  013.40455021  20 
112  52.46641527  013.40543457  52.46641744  013.40561926  20 
114  52.46624650  013.40533158  52.46624000  013.40511848  20 
120 Linear Feature 1
111  52.46940217  013.40109741  20 
112  52.46880040  013.39813453  52.46862409  013.39725988  20 
112  52.46871914  013.39661840  52.46882704  013.39595448 
111  52.46871914  013.39661840 
112  52.46871914  013.39661840  52.46880800  013.39616936  20 
112  52.46915419  013.39457597  52.46932425  013.39383314  20 
112  52.46947497  013.39315153  52.46945304  013.39309791 
111  52.46947497  013.39315153  20 
111  52.46878949  013.39421015  20 
112  52.46919429  013.39443965  52.46941558  013.39423678  20 
112  52.46941701  013.39505343  52.46913142  013.39536977  20 
112  52.46931459  013.39593940  52.46946772  013.39618104  20 
112  52.46936011  013.39667861  52.46926176  013.39685473  20 
112  52.46894913  013.39661589  52.46884363  013.39638693  20 
112  52.46867407  013.39590205  52.46859538  013.39583160  20 
112  52.46830341  013.39588070  52.46810133  013.39605095  20 
112  52.46802265  013.39616357  52.46794217  013.39625163  20 
112  52.46813271  013.39650514  52.46824000  013.39642882  20 
112  52.46840257  013.39631034  52.46848841  013.39624576  20 
112  52.46848548  013.39672129  52.46833706  013.39693851  20 
112  52.46759948  013.39796749  52.46751884  013.39816604  20 
116  52.46666457  013.40477385  52.46661766  013.40861785 
120 Linear Feature 138
111  52.47150328  013.41743333  51 
115  52.47146182  013.41748831 
120 Linear Feature 137
111  52.47158781  013.41761398  51 
115  52.47155432  013.41767681 
120 Linear Feature 136
111  52.47168350  013.41777630  51 
115  52.47165160  013.41784437 
120 Linear Feature 135
111  52.47179035  013.41791506  51 
115  52.47176484  013.41798836 
120 Linear Feature 134
111  52.47179673  013.41803287  51 
115  52.47181268  013.41811665 
120 Linear Feature 133
111  52.47169147  013.41810094  51 
115  52.47171380  013.41817686 
120 Linear Feature 132
111  52.47160216  013.41805119  51 
115  52.47158462  013.41814806 
120 Linear Feature 131
111  52.47152721  013.41796218  51 
115  52.47149531  013.41801978 
120 Linear Feature 130
111  52.47149053  013.41782866  51 
115  52.47143790  013.41783913 
120 Linear Feature 129
111  52.47174570  013.41852506  51 
115  52.47176962  013.41860884 
120 Linear Feature 128
111  52.47198811  013.41833656  51 
115  52.47201044  013.41842819 
120 Linear Feature 127
111  52.47224169  013.41818733  51 
115  52.47225764  013.41827372 
120 Linear Feature 126
111  52.47249048  013.41806689  51 
115  52.47250164  013.41815329 
120 Linear Feature 125
111  52.47275363  013.41798311  51 
115  52.47275841  013.41807736 
120 Linear Feature 124
111  52.47390738  013.39027667  51 
115  52.47390738  013.39036235 
120 Linear Feature 123
111  52.47364061  013.39029571  51 
115  52.47364061  013.39037187 
120 Linear Feature 122
111  52.47346518  013.39031713  51 
115  52.47346518  013.39040757 
120 Linear Feature 121
111  52.47328250  013.39035045  51 
115  52.47329264  013.39043851 
120 Linear Feature 120
111  52.47310707  013.39039805  51 
115  52.47312011  013.39048136 
120 Linear Feature 119
111  52.47293453  013.39045279  51 
115  52.47294178  013.39054562 
120 Linear Feature 118
111  52.47276200  013.39051706  51 
115  52.47277650  013.39060274 
120 Linear Feature 117
111  52.47258657  013.39058846  51 
115  52.47260107  013.39067652 
120 Linear Feature 116
111  52.47241839  013.39067176  51 
115  52.47243579  013.39076221 
120 Linear Feature 115
111  52.47224876  013.39076935  51 
115  52.47226761  013.39084789 
120 Linear Feature 114
111  52.47208638  013.39087645  51 
115  52.47210233  013.39094785 
120 Linear Feature 113
111  52.47191820  013.39098593  51 
115  52.47193560  013.39107162 
120 Linear Feature 112
111  52.47173987  013.39112160  51 
115  52.47176886  013.39121442 
120 Linear Feature 111
111  52.47161663  013.39122394  51 
115  52.47164418  013.39130724 
120 Linear Feature 110
111  52.47149484  013.39133342  51 
115  52.47151949  013.39140958 
120 Linear Feature 109
111  52.47138466  013.39147622  51 
115  52.47140495  013.39153096 
120 Linear Feature 108
111  52.47114978  013.39169043  51 
115  52.47117878  013.39175469 
120 Linear Feature 107
111  52.47109759  013.39189273  51 
115  52.47106714  013.39185703 
120 Linear Feature 106
111  52.47096710  013.39197841  51 
115  52.47100915  013.39205219 
120 Linear Feature 105
111  52.47084822  013.39238301  51 
115  52.47089606  013.39241395 
120 Linear Feature 104
111  52.47101060  013.39134770  51 
115  52.47103960  013.39140721 
120 Linear Feature 103
111  52.47124837  013.39108828  51 
115  52.47127447  013.39116920 
120 Linear Feature 102
111  52.47136436  013.39097404  51 
115  52.47139046  013.39105734 
120 Linear Feature 101
111  52.47148760  013.39087170  51 
115  52.47151224  013.39095500 
120 Linear Feature 100
111  52.47161373  013.39076460  51 
115  52.47163258  013.39084314 
120 Linear Feature 99
111  52.47178626  013.39068129  51 
115  52.47174277  013.39064083 
120 Linear Feature 98
111  52.47177756  013.39047899  51 
115  52.47173842  013.39052897 
120 Linear Feature 97
111  52.47161808  013.39034571  51 
115  52.47160068  013.39043615 
120 Linear Feature 96
111  52.47144990  013.39026479  51 
115  52.47143105  013.39034095 
120 Linear Feature 95
111  52.47127592  013.39017910  51 
115  52.47125707  013.39026241 
120 Linear Feature 94
111  52.47109759  013.39011960  51 
115  52.47110194  013.39021481 
120 Linear Feature 93
111  52.47093521  013.39021957  51 
115  52.47095695  013.39028859 
120 Linear Feature 92
111  52.47081777  013.39044805  51 
115  52.47085837  013.39048375 
120 Linear Feature 91
111  52.47082792  013.38952936  51 
115  52.47080907  013.38961028 
120 Linear Feature 90
111  52.47099320  013.38960314  51 
115  52.47097145  013.38969358 
120 Linear Feature 89
111  52.47115848  013.38969358  51 
115  52.47114108  013.38976736 
120 Linear Feature 88
111  52.47133246  013.38976974  51 
115  52.47131506  013.38985780 
120 Linear Feature 87
111  52.47150209  013.38986018  51 
115  52.47148760  013.38994824 
120 Linear Feature 86
111  52.47167028  013.38994824  51 
115  52.47165578  013.39002679 
120 Linear Feature 85
111  52.47184136  013.39003155  51 
115  52.47182686  013.39010295 
120 Linear Feature 84
111  52.47196894  013.38996253  51 
115  52.47199359  013.39003155 
120 Linear Feature 83
111  52.47208493  013.38975070  51 
115  52.47211973  013.38980068 
120 Linear Feature 82
111  52.47220237  013.38952221  51 
115  52.47223716  013.38957457 
120 Linear Feature 81
111  52.47233285  013.38929372  51 
115  52.47236040  013.38934608 
120 Linear Feature 80
111  52.47251408  013.38917710  51 
115  52.47251843  013.38925564 
120 Linear Feature 79
111  52.47269531  013.38919852  51 
115  52.47269531  013.38927230 
120 Linear Feature 78
111  52.47287509  013.38919375  51 
115  52.47287364  013.38928896 
120 Linear Feature 77
111  52.47305487  013.38920566  51 
115  52.47305197  013.38928420 
120 Linear Feature 76
111  52.47325060  013.38931752  51 
115  52.47322015  013.38938178 
120 Linear Feature 75
111  52.47334629  013.38952697  51 
115  52.47331004  013.38956744 
120 Linear Feature 74
111  52.47343038  013.38976261  51 
115  52.47340428  013.38980069 
120 Linear Feature 73
111  52.47362611  013.38990066  51 
115  52.47362611  013.38996730 
120 Linear Feature 72
111  52.47388998  013.38986496  51 
115  52.47388998  013.38994588 
120 Linear Feature 71
111  52.47427999  013.38985543  51 
115  52.47427999  013.38994588 
120 Linear Feature 70
111  52.47455110  013.38989589  51 
115  52.47454821  013.38997682 
120 Linear Feature 69
111  52.47480918  013.38999110  51 
115  52.47480193  013.39006251 
120 Linear Feature 68
111  52.47506290  013.39010059  51 
115  52.47505420  013.39017438 
120 Linear Feature 67
111  52.47523108  013.39020294  51 
115  52.47521658  013.39028387 
120 Linear Feature 66
111  52.47540796  013.39031244  51 
115  52.47538476  013.39039098 
120 Linear Feature 65
111  52.47556744  013.39044097  51 
115  52.47554859  013.39051000 
120 Linear Feature 64
111  52.47573127  013.39055998  51 
115  52.47570808  013.39064091 
120 Linear Feature 63
111  52.47589076  013.39068376  51 
115  52.47586756  013.39075993 
120 Linear Feature 62
111  52.47605749  013.39080753  51 
115  52.47603284  013.39088608 
120 Linear Feature 61
111  52.47621697  013.39093131  51 
115  52.47619377  013.39100986 
120 Linear Feature 60
111  52.47637790  013.39105270  51 
115  52.47635615  013.39113601 
120 Linear Feature 59
111  52.47654318  013.39117410  51 
115  52.47651999  013.39125741 
120 Linear Feature 58
111  52.47673601  013.39189057  51 
115  52.47674616  013.39185249 
120 Linear Feature 57
111  52.47667947  013.39137881  51 
115  52.47670122  013.39130026 
120 Linear Feature 56
111  52.47659393  013.39169539  51 
115  52.47656928  013.39178584 
120 Linear Feature 55
111  52.47643445  013.39157161  51 
115  52.47641270  013.39164540 
120 Linear Feature 54
111  52.47627206  013.39144784  51 
115  52.47625032  013.39151925 
120 Linear Feature 53
111  52.47610678  013.39132406  51 
115  52.47608938  013.39140499 
120 Linear Feature 52
111  52.47594730  013.39120267  51 
115  52.47593135  013.39127646 
120 Linear Feature 51
111  52.47578637  013.39108365  51 
115  52.47576607  013.39114792 
120 Linear Feature 50
111  52.47562544  013.39095988  51 
115  52.47560079  013.39103843 
120 Linear Feature 49
111  52.47546015  013.39083135  51 
115  52.47544131  013.39090513 
120 Linear Feature 48
111  52.47530647  013.39070995  51 
115  52.47528617  013.39079088 
120 Linear Feature 47
111  52.47515424  013.39062188  51 
115  52.47513539  013.39069805 
120 Linear Feature 46
111  52.47498751  013.39052191  51 
115  52.47496866  013.39060284 
120 Linear Feature 45
111  52.47475118  013.39041481  51 
115  52.47473958  013.39050049 
120 Linear Feature 44
111  52.47451051  013.39043861  51 
115  52.47453371  013.39051001 
120 Linear Feature 43
111  52.47440467  013.39055762  51 
115  52.47444382  013.39061712 
120 Linear Feature 42
111  52.47433363  013.39073137  51 
115  52.47438002  013.39076946 
120 Linear Feature 41
111  52.47431333  013.39094559  51 
115  52.47435683  013.39094797 
120 Linear Feature 40
111  52.47496803  013.41560158   1 
112  52.47411742  013.41573594  52.47385030  013.41579075   1 
115  52.47186287  013.41661831 
120 Linear Feature 39
111  52.47483883  013.41558253  53 
111  52.47479526  013.41567195 
111  52.47484428  013.41566658  53 
115  52.47479199  013.41558432 
120 Linear Feature 38
111  52.47329704  013.41598748  53 
111  52.47326369  013.41608506 
111  52.47330516  013.41607316  53 
115  52.47325209  013.41600890 
120 Linear Feature 37
111  52.47172391  013.41663568  53 
111  52.47168905  013.41669469 
111  52.47172391  013.41669648  53 
115  52.47169123  013.41663389 
120 Linear Feature 36
111  52.47030995  013.39237958  53 
111  52.47030544  013.39249189 
111  52.47034055  013.39243869  53 
115  52.47027664  013.39242983 
120 Linear Feature 35
111  52.47088637  013.41667096  53 
111  52.47083234  013.41677049 
111  52.47088506  013.41676616  53 
115  52.47083234  013.41668394 
120 Linear Feature 34
111  52.47066810  013.41674936   1 
112  52.47026478  013.41658276  52.47015197  013.41635828   1 
112  52.46785935  013.41025684  52.46684016  013.40782965 
111  52.46785935  013.41025684 
112  52.46785935  013.41025684  52.46521925  013.40465842   1 
112  52.46932851  013.39425289  52.47116755  013.39157511 
111  52.46932851  013.39425289 
112  52.46932851  013.39425289  52.46936935  013.39418663   1 
111  52.46939530  013.39403365   1 
112  52.46951345  013.39339279  52.46954329  013.39319039   1 
115  52.46948758  013.39295568 
120 Linear Feature 33
111  52.47063827  013.39160672  51 
112  52.47061721  013.39054119  52.47060951  013.39011113  51 
112  52.47120491  013.38997387  52.47145662  013.39010458  51 
111  52.47228380  013.39051240  51 
116  52.47238089  013.39051302  52.47241876  013.39049526 
120 Linear Feature 32
111  52.47416031  013.39161941  51 
112  52.47412574  013.39071439  52.47412255  013.39048137  51 
116  52.47461630  013.39020449  52.47471793  013.39023748 
120 Linear Feature 29
111  52.47513570  013.41436787  51 
112  52.47516925  013.41520588  52.47518483  013.41530620  51 
112  52.47542686  013.41551866  52.47553081  013.41550974  51 
112  52.47584264  013.41545177  52.47606072  013.41541243  51 
116  52.47618376  013.41513139  52.47618975  013.41496221 
120 Linear Feature 28
111  52.47519392  013.41573607  51 
112  52.47523059  013.41660458  52.47523830  013.41673447  51 
116  52.47559346  013.41700187  52.47577871  013.41697018 
120 Linear Feature 27
111  52.47116856  013.41450868  51 
112  52.47119248  013.41547997  52.47119413  013.41595746 
111  52.47119248  013.41547997 
112  52.47119248  013.41547997  52.47119330  013.41571872  51 
112  52.47153063  013.41716254  52.47179836  013.41783381  51 
116  52.47231235  013.41797945  52.47252341  013.41789172 
120 Linear Feature 26
111  52.47123916  013.41747886  51 
112  52.47126148  013.41853131  52.47126467  013.41878003  51 
111  52.47142735  013.41861247 
112  52.47142735  013.41861247  52.47181310  013.41823608  51 
112  52.47231235  013.41797945  52.47257044  013.41786857  51 
112  52.47302088  013.41773637  52.47319631  013.41768021 
111  52.47302088  013.41773637 
112  52.47302088  013.41773637  52.47319631  013.41768021  51 
111  52.47559346  013.41700190  51 
112  52.47584126  013.41691534  52.47598197  013.41685157 
111  52.47584126  013.41691534 
112  52.47584126  013.41691534  52.47612268  013.41678780  51 
112  52.47613418  013.41615930  52.47613418  013.41599173 
111  52.47613418  013.41615930 
112  52.47613418  013.41615930  52.47613418  013.41607551  51 
112  52.47618376  013.41513135  52.47620900  013.41469279  51 
112  52.47727927  013.41014795  52.47814904  013.40856699  51 
112  52.47918689  013.40456728  52.47947202  013.40174210 
111  52.47918689  013.40456728 
112  52.47918689  013.40456728  52.47932945  013.40315469  51 
112  52.47941674  013.40088288  52.47949509  013.39953290  51 
112  52.47962105  013.39716061  52.47967739  013.39606025 
111  52.47962105  013.39716061 
112  52.47962105  013.39716061  52.47964922  013.39661043  51 
112  52.47957858  013.39569508  52.47954687  013.39545942  51 
112  52.47949950  013.39523911  52.47945756  013.39504420  51 
112  52.47925427  013.39438442  52.47918754  013.39422329  51 
112  52.47908112  013.39396445  52.47901868  013.39383700  51 
112  52.47877832  013.39340707  52.47870679  013.39330459  51 
112  52.47853499  013.39308303  52.47839971  013.39293970  51 
112  52.47807382  013.39265060  52.47797259  013.39256234  51 
112  52.47781699  013.39244290  52.47766015  013.39231387  51 
112  52.47721230  013.39197711  52.47715787  013.39193128  51 
112  52.47699682  013.39181776  52.47689235  013.39174053  51 
112  52.47524337  013.39050510  52.47518455  013.39046743 
111  52.47524337  013.39050510 
112  52.47524337  013.39050510  52.47512573  013.39042977  51 
112  52.47461630  013.39020449  52.47425724  013.39009695 
111  52.47461630  013.39020449 
112  52.47461630  013.39020449  52.47443677  013.39015072  51 
112  52.47238090  013.39051302  52.47147588  013.39109155  51 
112  52.47110345  013.39154379  52.47086770  013.39179559  51 
112  52.47065984  013.39252447  52.47066089  013.39259964  51 
115  52.47066084  013.39273511 
120 Linear Feature 8
111  52.47463907  013.39234650  54 
111  52.47455366  013.39040452  54 
111  52.47453373  013.38998388  54 
115  52.47446398  013.38834337 
14   52.47601066  013.38845349   82 0 New Tower Viewpoint 8
15   52.47880027  013.39204793  24.10 Ramp 10
15   52.48029283  013.39156847  21.80 Ramp 12
15   52.48054293  013.39304398  23.38 Ramp 18
15   52.48137446  013.39406286 135.00 Ramp 28
15   52.47736985  013.38986511  90.00 Ramp GA
19   52.47877972  013.39828067 0 New Windsock 3
19   52.47281875  013.39681251 0 New Windsock 4
19   52.47311902  013.41390054 0 New Windsock 5
