1     1164 0 1 EDFQ ALLENDORF EDER
100   29.87   1   0 0.25 1 3 0 11   51.03758300  008.67275300    0.00   60.05 2  0 0 1 29   51.03315000  008.68897200    0.00   60.05 2 10 0 1
21   51.03356281  008.68613655  2 293.50   3.00 29  PAPI-4L
110   1 0.30 113.49 Default taxiway for RWY 11
111  51.03746179  008.67266924   3 102 
111  51.03684337  008.67224191   3 102 
111  51.03241149  008.68846251   3 102 
111  51.03302991  008.68888980 
112  51.03313704  008.68849772  51.03308142  008.68869234   3 102 
111  51.03293349  008.68859013   3 102 
112  51.03273626  008.68845385  51.03258833  008.68835164   3 102 
111  51.03264189  008.68815560   3 102 
111  51.03472392  008.68053541   3 102 
111  51.03521907  008.68087755 
111  51.03527263  008.68068151   3 102 
111  51.03477748  008.68033937   3 102 
112  51.03685951  008.67271917  51.03691308  008.67252313   3 102 
111  51.03706101  008.67262535   3 102 
112  51.03725824  008.67276164  51.03740617  008.67286386   3 102 
113  51.03735466  008.67306132 
120 Default hold RWY 11 (near)
111  51.03721318  008.67249745   4 
115  51.03715962  008.67269349 
120 Default hold RWY 11 (centre)
111  51.03502402  008.68050973   4 
115  51.03497046  008.68070577 
120 Default hold RWY 11 (far)
111  51.03283487  008.68852199   4 
115  51.03278130  008.68871803 
18   51.03623013  008.68145889 1 BCN
19   51.03805995  008.67261647 1 WS
19   51.03267304  008.68910835 1 WS
50 11882 ATIS
54 11817 INFO
54 12352 LANGEN INFO
