1      794 0 1 EDLA ARNSBERG MENDEN
100   20.12   1   0 0.25 0 2 0 05   51.48108600  007.89502500    0.00   60.05 2  0 0 0 23   51.48638700  007.90518900    0.00    0.00 2  0 0 0
21   51.48246290  007.89694305  2  50.05   3.00 05  PAPI-4L
21   51.48501027  007.90327040  2 230.06   3.00 23  PAPI-4L
110   1 0.30  50.05 Default taxiway for RWY 05
111  51.48101833  007.89511601   3 102 
111  51.48066965  007.89558499   3 102 
111  51.48597109  007.90574787   3 102 
111  51.48631977  007.90527884 
112  51.48620352  007.90505599  51.48625993  007.90516974   3 102 
111  51.48617666  007.90528175   3 102 
112  51.48606563  007.90543110  51.48598236  007.90554311   3 102 
111  51.48592423  007.90543168   3 102 
111  51.48341882  007.90062880   3 102 
111  51.48369811  007.90025314 
111  51.48363999  007.90014172   3 102 
111  51.48336070  007.90051738   3 102 
112  51.48085529  007.89571451  51.48079716  007.89560308   3 102 
111  51.48088043  007.89549108   3 102 
112  51.48099146  007.89534175  51.48107473  007.89522975   3 102 
113  51.48113458  007.89533886 
120 Default hold RWY 05 (near)
111  51.48087783  007.89530499   4 
115  51.48093595  007.89541641 
120 Default hold RWY 05 (centre)
111  51.48349949  007.90033071   4 
115  51.48355761  007.90044213 
120 Default hold RWY 05 (far)
111  51.48612115  007.90535643   4 
115  51.48617927  007.90546785 
18   51.48422079  007.89944984 1 BCN
19   51.48117792  007.89452216 1 WS
19   51.48629503  007.90569188 1 WS
54 12302 INFO
54 12250 INFO
54 12987 LANGEN INFO
