1     1903 0 1 EDMB BIBERACH AN DER RISS
100   22.86   1   0 0.25 0 2 0 04   48.10705200  009.75774300  199.95    0.00 2  0 0 0 22   48.11372200  009.76634300    0.00    0.00 2  0 0 0
110   1 0.30  40.72 Default taxiway for RWY 04
111  48.10698636  009.75785719   3 102 
111  48.10664936  009.75844349   3 102 
111  48.11331968  009.76704246   3 102 
111  48.11365668  009.76645609 
112  48.11350077  009.76625510  48.11357725  009.76635815   3 102 
111  48.11349673  009.76649827   3 102 
112  48.11338936  009.76668509  48.11330883  009.76682520   3 102 
111  48.11323088  009.76672470   3 102 
111  48.11009061  009.76267647   3 102 
111  48.11036050  009.76220689 
111  48.11028254  009.76210639   3 102 
111  48.11001265  009.76257597   3 102 
112  48.10687238  009.75852773  48.10679443  009.75842724   3 102 
111  48.10687496  009.75828714   3 102 
112  48.10698233  009.75810035  48.10706285  009.75796025   3 102 
113  48.10714227  009.75805818 
120 Default hold RWY 04 (near)
111  48.10685068  009.75809324   4 
115  48.10692864  009.75819374 
120 Default hold RWY 04 (centre)
111  48.11014686  009.76234246   4 
115  48.11022482  009.76244296 
120 Default hold RWY 04 (far)
111  48.11344304  009.76659168   4 
115  48.11352100  009.76669217 
18   48.11085535  009.76122585 1 BCN
19   48.10709651  009.75719332 1 WS
19   48.11367745  009.76689275 1 WS
54 12275 INFO
54 12695 MUNCHEN INFO
