1      301 1 0 EFSI Seinajoki
100   29.87   1   0 0.25 0 3 1 14   62.69711400  022.82189400    0.00    0.00 3 10 0 0 32   62.68712500  022.84275600    0.00    0.00 3  3 0 0
21   62.69604461  022.82513225  2 136.22   3.00 14  PAPI-4L
21   62.68866079  022.83854696  2 316.23   3.00 32  PAPI-4L
10   62.69695300  022.82433600 xxx 226.22   450 0.0 0.0    49 161161  1 0 0 0.35 0
10   62.69318900  022.82846700 xxx 226.22   330 0.0 0.0    49 161161  1 0 0 0.35 0
10   62.69276700  022.82609800 xxx 136.22   460 0.0 0.0   120 161161  1 0 0 0.35 0
10   62.69238900  022.82809600 xxx 136.22   420 0.0 0.0   180 161161  1 0 0 0.35 0
10   62.69295900  022.82725300 xxx 136.22    80 0.0 0.0   100 161161  1 0 0 0.35 0
14   62.69251200  022.82463500   15 0 Tower Viewpoint
18   62.69277273  022.83380607 1 BCN
19   62.69440700  022.83239600 1 WS
54 12360 AFIS
54 11970 AFIS
54 11970 KAUHAVA TWR
54 12280 KAUHAVA TWR
55 13010 KAUHAVA APP
55 12660 KAUHAVA APP
55 12815 KAUHAVA RADAR
55 11970 KAUHAVA RADAR
