1      244 1 0 EGYP RAF Mount Pleasant
100   46.02   1   1 0.00 0 3 0 10  -51.81769700 -058.47630800    0.00  180.14 4  3 0 1 28  -51.82389200 -058.44000000    0.00  180.14 4  3 0 1
100   22.86   1   1 0.00 0 3 0 05  -51.82436100 -058.45113900    0.00  180.14 4  9 0 1 23  -51.81655600 -058.43300000    0.00   32.92 4  9 0 1
21  -51.82340128 -058.44793006  3  55.17   2.50 05  PAPI-4R
21  -51.82290465 -058.44870801  2  55.17   2.50 05  PAPI-4L
21  -51.81902503 -058.47151020  3 105.45   3.00 10  PAPI-4R
21  -51.81806017 -058.47105841  2 105.45   3.00 10  PAPI-4L
21  -51.81740175 -058.43577434  3 235.15   2.50 23  PAPI-4R
21  -51.81784714 -058.43511126  2 235.15   2.50 23  PAPI-4L
21  -51.82276862 -058.44402434  3 285.42   3.00 28  PAPI-4R
21  -51.82359846 -058.44448729  2 285.42   3.00 28  PAPI-4L
110   2 0.00   0.00 23 Entry Conc E
111 -51.81749018 -058.43174224 102 
111 -51.81662509 -058.43272631 
111 -51.81671124 -058.43294405 102 
113 -51.81758461 -058.43197035 
110   2 0.00   0.00 23 Entry Conc W
111 -51.81565714 -058.43412513 102 
111 -51.81617920 -058.43351987 102 
111 -51.81635858 -058.43392750 102 
111 -51.81699558 -058.43443193 
111 -51.81638489 -058.43300710 102 
113 -51.81554649 -058.43391474 
110   2 0.00   0.00 28 Conc Loop
111 -51.82306683 -058.44300714 102 
112 -51.82287662 -058.44210321 -51.82282278 -058.44181417 102 
112 -51.82288529 -058.44117733 -51.82293781 -058.44094482 102 
112 -51.82302837 -058.44060431 -51.82311892 -058.44026380 102 
112 -51.82339256 -058.44029353 -51.82349045 -058.44034896 
111 -51.82339256 -058.44029353 
112 -51.82339256 -058.44029353 -51.82347577 -058.44033709 102 
111 -51.82349850 -058.44047500 
111 -51.82359711 -058.43991906 102 
112 -51.82342501 -058.43984677 -51.82326104 -058.43978738 
111 -51.82342501 -058.43984677 
112 -51.82342501 -058.43984677 -51.82323167 -058.43977550 102 
112 -51.82276333 -058.44048294 -51.82265810 -058.44108873 102 
111 -51.82262089 -058.44130676 
111 -51.82259466 -058.44143406 
111 -51.82248973 -058.44147650 102 
113 -51.82294900 -058.44366737 
110   2 0.00   0.00 05 Hold Block Conc
111 -51.82445673 -058.45094126 102 
111 -51.82476320 -058.45059688 102 
111 -51.82449120 -058.44997359 102 
113 -51.82381917 -058.44946980 
110   1 0.00   0.00 HAS Loop NE
111 -51.81758461 -058.43197035 
112 -51.81845541 -058.43097213 -51.81890080 -058.43048117 
112 -51.82036772 -058.43195878 -51.82069880 -058.43348267 
111 -51.82248973 -058.44147650 
111 -51.82259466 -058.44143406 
111 -51.82262089 -058.44130676 
112 -51.82052518 -058.43185093 -51.82013104 -058.43012300 
112 -51.81836101 -058.43074938 -51.81779737 -058.43138699 
113 -51.81749018 -058.43174224 
110   1 0.00   0.00 HAS Loop NW
111 -51.81975940 -058.44086954 102 
112 -51.81960835 -058.44116419 -51.81948070 -058.44119123 102 
112 -51.81884156 -058.44133169 -51.81858671 -058.44138077 
112 -51.81815449 -058.44181416 -51.81800684 -058.44197122 
112 -51.81696883 -058.44318391 -51.81613205 -058.44415873 
111 -51.81696883 -058.44318391 
112 -51.81696883 -058.44318391 -51.81655044 -058.44367132 
112 -51.81557418 -058.44339230 -51.81514540 -058.44305335 
112 -51.81489167 -058.44120747 -51.81494803 -058.44009940 
111 -51.81489167 -058.44120747 
112 -51.81489167 -058.44120747 -51.81500439 -058.43899133 
112 -51.81522070 -058.43545896 -51.81528910 -058.43468441 
111 -51.81565714 -058.43412513 
111 -51.81554649 -058.43391474 
112 -51.81505327 -058.43537387 -51.81500115 -058.43626434 
112 -51.81470642 -058.44119476 -51.81455644 -058.44336804 
111 -51.81470642 -058.44119476 
112 -51.81470642 -058.44119476 -51.81463143 -058.44228140 
112 -51.81544433 -058.44358254 -51.81592368 -058.44401062 
112 -51.81703972 -058.44341256 -51.81753061 -058.44283142 
111 -51.81703972 -058.44341256 
112 -51.81703972 -058.44341256 -51.81802149 -058.44225028 
112 -51.81823016 -058.44203195 -51.81838185 -058.44186181 
112 -51.81887257 -058.44159636 -51.81909708 -058.44154729 102 
112 -51.81968570 -058.44142667 -51.81987717 -058.44138979 102 
113 -51.82007026 -058.44159107 
110   2 0.00   0.00 North Stand 4
111 -51.82079274 -058.44772736 
111 -51.82075604 -058.44770865 
111 -51.82036919 -058.44753884 
111 -51.82013500 -058.44774577 
111 -51.82007218 -058.44815439 
111 -51.82019464 -058.44852335 
111 -51.82058030 -058.44870230 
113 -51.82062336 -058.44871680 
110   2 0.00 134.51 North Stand 3
111 -51.82007207 -058.45193572 
111 -51.82004363 -058.45192065 
111 -51.81963443 -058.45173974 
111 -51.81941216 -058.45194655 
111 -51.81934638 -058.45236687 
111 -51.81947291 -058.45273270 
112 -51.81973177 -058.45284593 -51.81999064 -058.45295916 
111 -51.81973177 -058.45284593 
112 -51.81973177 -058.45284593 -51.81981065 -058.45272159 
113 -51.81994673 -058.45270299 
110   1 0.00   0.00 North Stands 3 and 4
111 -51.82112622 -058.45436416 102 
111 -51.82097484 -058.45448880 102 
111 -51.82083176 -058.45430644 102 
112 -51.82033750 -058.45291768 -51.82025674 -058.45269201 102 
112 -51.82022044 -058.45205497 -51.82026449 -058.45178179 102 
112 -51.82133651 -058.44571128 -51.82140993 -058.44533118 102 
111 -51.82169560 -058.44534958 
111 -51.82121295 -058.44423674 102 
112 -51.82121330 -058.44504096 -51.82115456 -058.44543293 102 
111 -51.82075604 -058.44770865 
111 -51.82079274 -058.44772736 
111 -51.82062336 -058.44871680 
111 -51.82058030 -058.44870230 102 
111 -51.82004363 -058.45192065 
111 -51.82007207 -058.45193572 
111 -51.81994673 -058.45270299 102 
112 -51.82008603 -058.45286159 -51.82012274 -058.45295265 102 
113 -51.82095217 -058.45538660 102 
110   2 0.00   0.00 North Stand 2
111 -51.81795561 -058.46544099 
111 -51.81778518 -058.46497875 
111 -51.81753022 -058.46487125 
111 -51.81730351 -058.46507886 
111 -51.81723293 -058.46547933 
111 -51.81736410 -058.46585872 
111 -51.81761340 -058.46596657 
113 -51.81791073 -058.46572200 
110   1 0.00   0.00 North Stand 2
111 -51.81916606 -058.46584184 
112 -51.81902578 -058.46588076 -51.81897723 -058.46585786 
111 -51.81795561 -058.46544099 
111 -51.81791073 -058.46572200 
112 -51.81897988 -058.46621869 -51.81903449 -058.46625141 
113 -51.81907904 -058.46634310 
110   2 0.00   0.00 North Stand 1
111 -51.81589330 -058.47337649 
111 -51.81573429 -058.47294103 
111 -51.81547147 -058.47283565 
111 -51.81524121 -058.47303683 
111 -51.81517977 -058.47345595 
111 -51.81529454 -058.47380798 
111 -51.81555216 -058.47392291 
113 -51.81584594 -058.47368132 
110   1 0.00   0.00 North Stand 1
111 -51.81775325 -058.47412237 
112 -51.81756812 -058.47414370 -51.81748736 -058.47411321 
111 -51.81589330 -058.47337649 
111 -51.81584594 -058.47368132 
112 -51.81753009 -058.47443613 -51.81762700 -058.47448404 
113 -51.81767201 -058.47459692 
110   2 0.00   0.00 Main Apron
111 -51.81798790 -058.47645205 102 
112 -51.81860692 -058.47671793 -51.81913422 -058.47694108 102 
112 -51.81962505 -058.47576739 -51.81975186 -058.47502596 102 
112 -51.81986300 -058.47437478 -51.81996757 -058.47382050 102 
112 -51.82056540 -058.47380479 -51.82079901 -058.47391637 102 
111 -51.82160802 -058.47427130 
111 -51.82153108 -058.47476045 
111 -51.82146050 -058.47480365 
111 -51.82104081 -058.47462569 
111 -51.82085958 -058.47562867 
111 -51.82041604 -058.47604529 
111 -51.82024149 -058.47713211 
111 -51.81908924 -058.47818602 
111 -51.81894871 -058.47907532 
111 -51.81912868 -058.47915762 
111 -51.82025389 -058.47813613 
112 -51.82041668 -058.47717429 -51.82043003 -058.47710590 
111 -51.82052445 -058.47710847 
111 -51.82064019 -058.47640020 
112 -51.82054608 -058.47636418 -51.82050825 -058.47634619 
112 -51.82054577 -058.47610908 -51.82065034 -058.47601910 
111 -51.82091204 -058.47578297 
112 -51.82148943 -058.47602986 -51.82154283 -058.47605866 
112 -51.82155302 -058.47622326 -51.82153522 -058.47630965 
112 -51.82148052 -058.47664863 -51.82146495 -058.47671342 
112 -51.82137942 -058.47672424 -51.82134605 -058.47670264 
111 -51.82113397 -058.47663833 
111 -51.82102173 -058.47735432 
112 -51.82127704 -058.47744999 -51.82132154 -058.47748238 
111 -51.82130788 -058.47761149 
111 -51.82121250 -058.47819785 
111 -51.82123634 -058.47826729 
111 -51.82120486 -058.47856818 
111 -51.82123094 -058.47863865 
111 -51.82147226 -058.47872507 
111 -51.82150500 -058.47871117 
111 -51.82157973 -058.47830433 
111 -51.82155111 -058.47823643 
111 -51.82137814 -058.47816492 
111 -51.82134349 -058.47805897 
111 -51.82140645 -058.47765830 
111 -51.82162360 -058.47774472 
111 -51.82167828 -058.47772259 
111 -51.82174252 -058.47732603 
111 -51.82169896 -058.47725760 
111 -51.82154412 -058.47718817 
111 -51.82150819 -058.47707347 
112 -51.82166112 -058.47619600 -51.82167892 -058.47612761 
111 -51.82176064 -058.47614662 
111 -51.82177590 -058.47609313 
111 -51.82186206 -058.47609982 
111 -51.82187606 -058.47598820 
111 -51.82192978 -058.47599385 
111 -51.82208781 -058.47508345 
111 -51.82166684 -058.47489469 
111 -51.82161820 -058.47479799 
111 -51.82201691 -058.47246901 
111 -51.82212786 -058.47247468 
111 -51.82212342 -058.47252714 
111 -51.82222356 -058.47257240 
111 -51.82221975 -058.47265315 
111 -51.82233326 -058.47268916 
112 -51.82235711 -058.47261201 -51.82238095 -058.47253485 
111 -51.82235711 -058.47261201 
112 -51.82235711 -058.47261201 -51.82252112 -058.47257805 
112 -51.82243341 -058.47215680 -51.82228880 -058.47202722 
111 -51.82243341 -058.47215680 
112 -51.82243341 -058.47215680 -51.82230215 -058.47210281 
111 -51.82216634 -058.47204107 
111 -51.82210307 -058.47194592 
111 -51.82237905 -058.47033237 
111 -51.82251163 -058.47037970 
111 -51.82263849 -058.46968016 
111 -51.82250972 -058.46962409 
111 -51.82283880 -058.46765102 102 
111 -51.82130454 -058.46696788 
111 -51.82129575 -058.46704180 
111 -51.82095324 -058.46689451 
111 -51.82086601 -058.46742747 
111 -51.82082106 -058.46740614 102 
112 -51.81933820 -058.47589867 -51.81918184 -058.47650467 102 
111 -51.81875636 -058.47636154 102 
111 -51.81826036 -058.47619952 102 
111 -51.81834621 -058.47570576 102 
113 -51.81823397 -058.47499856 
110   1 0.00   0.00 Main Apron Link South
111 -51.81991245 -058.46517578 102 
111 -51.82010756 -058.46510943 102 
112 -51.82073845 -058.46671197 -51.82083857 -058.46697831 102 
111 -51.82082106 -058.46740614 
111 -51.82086601 -058.46742747 
111 -51.82095324 -058.46689451 
111 -51.82129575 -058.46704180 
111 -51.82130454 -058.46696788 102 
112 -51.82100327 -058.46659919 -51.82093430 -058.46639404 102 
112 -51.82020539 -058.46406060 -51.82017202 -058.46391303 102 
113 -51.82018383 -058.46359068 
110   2 0.00   0.00 HAS Conc
111 -51.82220542 -058.44018980 
111 -51.82216083 -058.44029244 
111 -51.82189384 -058.44043314 
111 -51.82163495 -058.44024008 
111 -51.82147718 -058.43959873 
111 -51.82130729 -058.43969035 
111 -51.82144280 -058.44024335 
111 -51.82148325 -058.44029244 
111 -51.82156820 -058.44068510 
111 -51.82168349 -058.44077345 
111 -51.82220735 -058.44046913 
113 -51.82228090 -058.44051925 
110   2 0.00   0.00 HAS Conc
111 -51.82216477 -058.43927063 
111 -51.82217296 -058.43886249 
111 -51.82229027 -058.43818514 
111 -51.82248647 -058.43801499 
111 -51.82251883 -058.43781865 
111 -51.82244197 -058.43756997 
111 -51.82254917 -058.43692535 
111 -51.82235500 -058.43682063 
111 -51.82227814 -058.43720675 
111 -51.82228016 -058.43755033 
111 -51.82208599 -058.43869560 
113 -51.82204351 -058.43872178 
110   2 0.00   0.00 HAS Conc
111 -51.82187968 -058.43796918 
111 -51.82188777 -058.43751762 
111 -51.82212644 -058.43614003 
111 -51.82242781 -058.43628400 
111 -51.82242579 -058.43633309 
111 -51.82263816 -058.43645088 
111 -51.82270693 -058.43614984 
111 -51.82251276 -058.43605168 
111 -51.82248444 -058.43614657 
111 -51.82217094 -058.43598951 
111 -51.82226196 -058.43544305 
111 -51.82208801 -058.43536779 
111 -51.82197677 -058.43604513 
111 -51.82183114 -058.43614657 
111 -51.82180485 -058.43636581 
111 -51.82192418 -058.43665703 
111 -51.82179271 -058.43740636 
113 -51.82175833 -058.43741945 
110   2 0.00   0.00 HAS Conc
111 -51.82132302 -058.43625041 
111 -51.82129778 -058.43632616 
111 -51.82091716 -058.43655223 
111 -51.82072225 -058.43685565 
111 -51.82065790 -058.43688837 
111 -51.82039863 -058.43729590 
111 -51.82053470 -058.43751305 
111 -51.82089877 -058.43692407 
111 -51.82099806 -058.43698951 
111 -51.82110471 -058.43693299 
111 -51.82120032 -058.43658495 
111 -51.82133087 -058.43650761 
113 -51.82138828 -058.43653032 
110   2 0.00   0.00 HAS Conc
111 -51.82109382 -058.43441282 
111 -51.82112499 -058.43433562 
111 -51.82191428 -058.43388035 
111 -51.82200815 -058.43389225 
111 -51.82231810 -058.43372652 
111 -51.82225454 -058.43342225 
111 -51.82185426 -058.43365801 
111 -51.82171211 -058.43353231 
111 -51.82161098 -058.43358288 
111 -51.82150066 -058.43393092 
111 -51.82107736 -058.43417110 
113 -51.82103409 -058.43414769 
110   2 0.00   0.00 HAS Conc
111 -51.82031579 -058.43123776 
111 -51.82031895 -058.43114992 
111 -51.82065357 -058.43067565 
111 -51.82070688 -058.43067086 
111 -51.82096972 -058.43029538 
111 -51.82082237 -058.43002892 
111 -51.82061804 -058.43031636 
111 -51.82062692 -058.43035468 
111 -51.82053512 -058.43051277 
111 -51.82035152 -058.43049361 
111 -51.82027157 -058.43063733 
111 -51.82026939 -058.43099247 
113 -51.82020089 -058.43103207 
110   2 0.00   0.00 HAS Conc
111 -51.82042248 -058.43218895 
111 -51.82038617 -058.43227138 
111 -51.82017831 -058.43211454 
111 -51.82005474 -058.43218354 
111 -51.81999669 -058.43240389 
111 -51.81957044 -058.43263534 
111 -51.81963690 -058.43293904 
111 -51.81995911 -058.43275748 
111 -51.82001231 -058.43266087 
111 -51.82042248 -058.43242524 
113 -51.82048127 -058.43244921 
110   2 0.00   0.00 HAS Conc
111 -51.81808443 -058.43138176 
111 -51.81813702 -058.43139485 
111 -51.81829882 -058.43177766 
111 -51.81825837 -058.43223246 
111 -51.81790037 -058.43263817 
111 -51.81800959 -058.43289011 
111 -51.81855974 -058.43223573 
111 -51.81856985 -058.43204268 
111 -51.81824421 -058.43132614 
113 -51.81824110 -058.43120004 
110   2 0.00   0.00 HAS Conc
111 -51.81525962 -058.43445952 
111 -51.81520160 -058.43446846 
111 -51.81494879 -058.43424276 
111 -51.81487143 -058.43378914 
111 -51.81505516 -058.43321037 
111 -51.81489077 -058.43307853 
111 -51.81474433 -058.43359919 
111 -51.81474295 -058.43369975 
111 -51.81462414 -058.43402154 
111 -51.81465868 -058.43420701 
111 -51.81515186 -058.43463158 
113 -51.81517259 -058.43471873 
110   2 0.00   0.00 HAS Conc
111 -51.81510004 -058.43503412 
111 -51.81505386 -058.43506011 
111 -51.81445671 -058.43481863 
111 -51.81433923 -058.43450194 
111 -51.81422910 -058.43447819 
111 -51.81408471 -058.43462070 
111 -51.81365397 -058.43448214 
111 -51.81361726 -058.43478300 
111 -51.81395745 -058.43488989 
111 -51.81401863 -058.43485030 
111 -51.81502939 -058.43522242 
113 -51.81506120 -058.43528576 
110   2 0.00   0.00 HAS Conc
111 -51.81475206 -058.44057169 
111 -51.81469888 -058.44065343 
111 -51.81464760 -058.44062453 
111 -51.81452147 -058.44038550 
111 -51.81456554 -058.43942009 
111 -51.81413281 -058.43934326 
111 -51.81414762 -058.43901450 
111 -51.81420425 -058.43895671 
111 -51.81481287 -058.43904644 
111 -51.81484363 -058.43910792 
111 -51.81485882 -058.43882278 
111 -51.81482083 -058.43887318 
111 -51.81452373 -058.43884862 
111 -51.81434671 -058.43848603 
111 -51.81437025 -058.43778118 
111 -51.81419247 -058.43777998 
111 -51.81417463 -058.43831339 
111 -51.81419438 -058.43836248 
111 -51.81418110 -058.43870907 
111 -51.81406139 -058.43886642 
111 -51.81398049 -058.44045861 
111 -51.81441619 -058.44050278 
111 -51.81459934 -058.44085004 
111 -51.81467040 -058.44086107 
113 -51.81472395 -058.44098340 
110   2 0.00   0.00 HAS Conc
111 -51.81495750 -058.44286468 
111 -51.81493279 -058.44294646 
111 -51.81472811 -058.44325236 
111 -51.81445667 -058.44322357 
111 -51.81415102 -058.44265458 
111 -51.81399980 -058.44285289 
111 -51.81422529 -058.44331354 
111 -51.81429072 -058.44335313 
111 -51.81445890 -058.44369502 
111 -51.81458571 -058.44368782 
111 -51.81500844 -058.44314440 
113 -51.81509221 -058.44312815 
110   2 0.00   0.00 HAS Conc
111 -51.81600739 -058.44386316 
111 -51.81604842 -058.44394428 
111 -51.81605298 -058.44467926 
111 -51.81602107 -058.44476284 
111 -51.81600891 -058.44535771 
111 -51.81619430 -058.44535525 
111 -51.81620038 -058.44464976 
111 -51.81632347 -058.44446540 
111 -51.81632347 -058.44425400 
111 -51.81616543 -058.44399836 
113 -51.81622622 -058.44387299 
110   2 0.00   0.00 HAS Conc
111 -51.81768772 -058.44236346 
111 -51.81761985 -058.44233621 
111 -51.81728182 -058.44154497 
111 -51.81715412 -058.44151069 
111 -51.81693876 -058.44176081 
111 -51.81688222 -058.44176819 
111 -51.81659148 -058.44208553 
111 -51.81669108 -058.44235988 
111 -51.81706329 -058.44193388 
111 -51.81734092 -058.44200222 
111 -51.81752715 -058.44244094 
113 -51.81751217 -058.44256455 
130 Airport Boundary 114
111 -51.81843557 -058.48625764 
111 -51.81939016 -058.48634342 
111 -51.82342064 -058.48385587 
111 -51.82485253 -058.48072499 
111 -51.82543589 -058.47686548 
111 -51.82487904 -058.47321974 
111 -51.82501163 -058.47081784 
111 -51.82609880 -058.46991713 
111 -51.82702687 -058.46875907 
111 -51.82885650 -058.46978846 
111 -51.82991715 -058.46867329 
111 -51.83190588 -058.46871618 
111 -51.83299305 -058.46498466 
111 -51.83471662 -058.46103869 
111 -51.83583030 -058.45846530 
111 -51.83588334 -058.45443348 
111 -51.83463707 -058.45061635 
111 -51.83389461 -058.44817163 
111 -51.83384158 -058.44281040 
111 -51.83320518 -058.43667715 
111 -51.83203846 -058.43384642 
111 -51.83161420 -058.42814207 
111 -51.82965199 -058.42784184 
111 -51.82771611 -058.42889021 
111 -51.82407579 -058.42730827 
111 -51.82327890 -058.42815783 
111 -51.82297101 -058.43029637 
111 -51.82317024 -058.43240561 
111 -51.82306157 -058.43340165 
111 -51.82226468 -058.43176133 
111 -51.82083391 -058.42795374 
111 -51.82018191 -058.42771940 
111 -51.81896848 -058.42812950 
111 -51.81710304 -058.43006280 
111 -51.81509271 -058.43114663 
111 -51.81409661 -058.43105875 
111 -51.81226739 -058.43252338 
111 -51.81150673 -058.43451527 
111 -51.81105395 -058.43756169 
111 -51.81109018 -058.44008084 
111 -51.81179651 -058.44107679 
111 -51.81319106 -058.44289292 
111 -51.81469427 -058.44740388 
111 -51.81554549 -058.44693517 
111 -51.81632426 -058.44696446 
111 -51.81701248 -058.44485528 
111 -51.81840703 -058.44350774 
111 -51.81925825 -058.44371280 
111 -51.81952992 -058.44432798 
111 -51.81789862 -058.45249709 
111 -51.81712115 -058.45421181 
111 -51.81352996 -058.47126685 
111 -51.81332173 -058.47317817 
111 -51.81334825 -058.47521716 
111 -51.81422859 -058.48247024 
111 -51.81483335 -058.48425079 
113 -51.81577383 -058.48534402 
14  -51.81994385 -058.44902223   22 0 Tower View
15  -51.81672406 -058.44212188 141.34 HAS 1
15  -51.81609307 -058.44518459  90.00 HAS 2
15  -51.81415263 -058.44291782 227.42 HAS 3
15  -51.81491618 -058.43330196 293.96 HAS 4
15  -51.81805858 -058.43263362 145.01 HAS 5
15  -51.82056626 -058.43725228 132.88 HAS 6
15  -51.82218467 -058.43362845 346.76 HAS 7
15  -51.82240634 -058.43710376 290.03 HAS 8
15  -51.82187559 -058.46851526 281.59 Main Apron 1
15  -51.82135024 -058.46830913 281.65 Main Apron 2
15  -51.81553764 -058.47337269 195.00 North Stand 1
15  -51.81758839 -058.46543989 195.00 North Stand 2
15  -51.81966990 -058.45227894 195.00 North Stand 3
15  -51.82040523 -058.44809790 195.00 North Stand 4
18  -51.81940061 -058.45753654 1 BCN
19  -51.82240746 -058.45194424 1 WS
19  -51.81874569 -058.47955464 1 WS
19  -51.81780819 -058.43368350 1 WS
19  -51.82455251 -058.44022629 1 WS
50 12855 Mount Pleasant Information
53 13030 Mount Pleasant Ground
54 13335 Mount Pleasant Tower
55 13150 Island Radar
55 11850 Mount Pleasant Approach
