1       17 1 0 EHGG Eelde
100   45.11   1   0 0.00 1 3 0 05   53.11496944  006.56915079    0.00    0.00 2  7 0 0 23   53.12495644  006.59029279    0.00    0.00 3  1 0 0
100   45.11   1   0 0.00 0 1 0 01   53.11738300  006.57688455    0.00    0.00 2  0 0 0 19   53.13070600  006.58029555    0.00    0.00 2  0 0 0
21   53.11639746  006.57109434  2  51.79   3.00 05  PAPI-4L
110   1 0.00   0.00 Apron Eelde
112  53.12720460  006.58836228  53.12712142  006.58852691 
111  53.12720460  006.58836228 
112  53.12720460  006.58836228  53.12710994  006.58848865  51 102 
112  53.12637772  006.58923314  53.12590095  006.58938039 
111  53.12637772  006.58923314 
112  53.12637772  006.58923314  53.12623997  006.58926183   1 102 
111  53.12488592  006.58959683 
111  53.12506563  006.58997881  51 102 
111  53.12638778  006.58969036  51 102 
111  53.12749024  006.59111645  51 
111  53.12766040  006.59107859 
111  53.12729324  006.59057345  51 
111  53.12723304  006.59065871  51 102 
111  53.12664084  006.58984677  51 102 
112  53.12662039  006.58955474  53.12666229  006.58940832  51 102 
112  53.12732096  006.58883536  53.12745452  006.58875638 
111  53.12732096  006.58883536 
112  53.12732096  006.58883536  53.12747068  006.58884254  51 102 
111  53.12782978  006.58939174  51 102 
111  53.12765181  006.58980658 
111  53.12811702  006.59044882 
111  53.12846023  006.59089687  51 102 
111  53.12853759  006.59073731  51 102 
111  53.12821948  006.59026630  51 102 
111  53.12821620  006.58987233  51 
111  53.12908550  006.58998211  51 
111  53.12912542  006.58974157  51 
111  53.12886342  006.58969407  51 
111  53.12889010  006.58925095  51 
111  53.12870039  006.58922551  51 
111  53.12859442  006.58947211  51 
111  53.12846224  006.58978808  51 
111  53.12827153  006.58974814  51 
111  53.12823869  006.58971229  20 
112  53.12831792  006.58958392  53.12840748  006.58957109 
111  53.12831792  006.58958392 
112  53.12831792  006.58958392  53.12829124  006.58954730 
112  53.12822811  006.58946706  53.12821106  006.58944415 
111  53.12822811  006.58946706 
112  53.12822811  006.58946706  53.12824846  006.58964399  20 
111  53.12812454  006.58962143  51 102 
111  53.12786956  006.58927514  51 
111  53.12772275  006.58907778  51 102 
112  53.12746847  006.58872582  53.12745293  006.58870326 
111  53.12746847  006.58872582 
112  53.12746847  006.58872582  53.12739628  006.58860049  51 102 
112  53.12754758  006.58820921  53.12761293  006.58815931 
111  53.12754758  006.58820921 
112  53.12754758  006.58820921  53.12755882  006.58818993 
111  53.12806918  006.58712631 
113  53.12790335  006.58690150  51 102 
110   2 0.00 219.50 Apron Eelde Concrete
111  53.12790335  006.58690008 
111  53.12806918  006.58712489 
112  53.12754754  006.58820785  53.12751448  006.58827538 
111  53.12754754  006.58820785 
112  53.12754754  006.58820785  53.12758733  006.58818491   1 102 
112  53.12772965  006.58819941  53.12776928  006.58825510  51 102 
111  53.12802612  006.58861655 
111  53.12809593  006.58870743 
111  53.12812913  006.58863905 
111  53.12816575  006.58869445 
111  53.12836099  006.58826837 
111  53.12843909  006.58819960 
111  53.12853605  006.58830767 
111  53.12857435  006.58823300 
111  53.12844813  006.58807187 
111  53.12843296  006.58799416 
111  53.12895615  006.58690972 
111  53.12973599  006.58531275 
111  53.13028939  006.58601444 
111  53.13135277  006.58616986 
111  53.13135277  006.58588221 
111  53.13061361  006.58578240 
111  53.13048748  006.58572651 
111  53.13029037  006.58558410 
111  53.13025458  006.58565923 
111  53.12984949  006.58508667 
112  53.13013690  006.58447504  53.13018329  006.58436873 
111  53.13013690  006.58447504 
112  53.13013690  006.58447504  53.13036017  006.58448954 
112  53.13034554  006.58515184  53.13033684  006.58520499 
111  53.13034554  006.58515184 
112  53.13034554  006.58515184  53.13047022  006.58517600 
111  53.13095458  006.58520055 
111  53.13099396  006.58425080 
111  53.13044246  006.58417199 
111  53.13039648  006.58431666 
111  53.13032530  006.58431430 
111  53.13025378  006.58422064 
112  53.13025426  006.58400695  53.13030411  006.58390210 
111  53.13025426  006.58400695 
112  53.13025426  006.58400695  53.13033487  006.58385083 
112  53.13046916  006.58352338  53.13049415  006.58346207 
111  53.13046916  006.58352338 
112  53.13046916  006.58352338  53.13050734  006.58348868 
112  53.13056831  006.58360149  53.13055512  006.58367784 
111  53.13056831  006.58360149 
112  53.13056831  006.58360149  53.13061690  006.58361074 
111  53.13152026  006.58371985 
111  53.13144382  006.58342192 
111  53.13111240  006.58336471 
111  53.13111504  006.58322443 
111  53.13117035  006.58321595 
111  53.13118616  006.58288707 
111  53.13098875  006.58287379 
111  53.13097562  006.58319398 
111  53.13102829  006.58319828 
111  53.13102033  006.58335163 
111  53.13061257  006.58328604  51 102 
112  53.13036254  006.58290025  53.13030982  006.58281678 
111  53.13036254  006.58290025 
112  53.13036254  006.58290025  53.13023337  006.58271573  51 102 
111  53.13034940  006.58243558 
113  53.13018262  006.58221468  51 102 
111  53.12824875  006.58824004  51 102 
111  53.12818388  006.58815197  51 102 
111  53.12857986  006.58733675  51 102 
113  53.12864182  006.58742521  20 
111  53.12838957  006.58821336 
111  53.12834594  006.58824873 
111  53.12832472  006.58822711 
111  53.12836716  006.58814262 
113  53.12841197  006.58815834 
110   1 0.00   0.00 Road
111  53.12808600  006.58869336 
111  53.12802968  006.58862120 
111  53.12801644  006.58869233  20 
111  53.12783357  006.58905895  20 
111  53.12772906  006.58908461 
111  53.12786560  006.58926939  20 
113  53.12789544  006.58912081  20 
110   2 0.00 219.50 Avia Noord Apron
111  53.12830434  006.58912893 
111  53.12817531  006.58939860 
111  53.12842411  006.58972024 
113  53.12855028  006.58946490 
110   1 0.00   0.00 B
112  53.13045712  006.58089226  53.13046341  006.58113014 
111  53.13045712  006.58089226 
112  53.13045712  006.58089226  53.13045369  006.58105318  51 102 
112  53.13043241  006.58146566  53.13041748  006.58166361 
111  53.13043241  006.58146566 
112  53.13043241  006.58146566  53.13040744  006.58180463  51 102 
111  53.13018407  006.58221944 
111  53.13035132  006.58243805  51 102 
112  53.13058877  006.58189292  53.13063460  006.58171264  51 102 
111  53.13067490  006.58062850 
113  53.13017467  006.58050719   1 102 
110   1 0.00   0.00 C
111  53.12142698  006.57757775  51 102 
112  53.11699002  006.56819099  53.11681743  006.56780055  51 102 
112  53.11602334  006.56783002  53.11587984  006.56797971  51 102 
111  53.11512902  006.56894231 
112  53.11543070  006.56958819  53.11538907  006.56949860  51 102 
112  53.11540003  006.56908956  53.11543299  006.56894216  51 102 
112  53.11604751  006.56819837  53.11623771  006.56803681  51 102 
112  53.11673737  006.56836909  53.11682921  006.56856596  51 102 
113  53.12104241  006.57748148 
110   1 0.00   0.00 Asph between 23 01
111  53.11927100  006.57770960 
112  53.11960155  006.57841221  53.11970148  006.57863849 
111  53.11960155  006.57841221 
112  53.11960155  006.57841221  53.11957285  006.57816459 
112  53.12005647  006.57791220  53.12058150  006.57803993 
111  53.12005647  006.57791220 
114  53.12005647  006.57791220  53.11998705  006.57788810 
120 Fuel location
111  53.12788192  006.58840475  20 
111  53.12799369  006.58817381  20 
111  53.12789231  006.58804093  20 
115  53.12778456  006.58826640 
120 GA 1 taxi
111  53.12812734  006.58752468   1 
115  53.12801625  006.58774879 
120 GA 2 taxi
111  53.12821549  006.58764431   1 
115  53.12810428  006.58786864 
120 GA 3 taxi
111  53.12831119  006.58777652   1 
115  53.12820010  006.58800063 
120 GA 4 taxi
111  53.12836080  006.58704845   1 
115  53.12824971  006.58727256 
120 GA 5 taxi
111  53.12845127  006.58716692   1 
115  53.12834018  006.58739103 
120 GA 6 taxi
111  53.12854562  006.58730046   1 
115  53.12843453  006.58752457 
120 GA a exit
111  53.12804808  006.58717384   1 
115  53.12831956  006.58754548 
120 GA taxy b entry
112  53.12814276  006.58673883  53.12819189  006.58664055   1 
111  53.12827633  006.58671299   1 
116  53.12825055  006.58651751  53.12828027  006.58645767 
120 GA b entry
111  53.12827636  006.58671305   1 
115  53.12854640  006.58708376 
120 GA taxy exit
112  53.12791805  006.58719791  53.12796719  006.58709963   1 
111  53.12804803  006.58717379   1 
116  53.12802615  006.58697864  53.12805588  006.58691880 
120 GA 1 taxi in s
111  53.12797810  006.58782536   1 
115  53.12801626  006.58774877 
120 GA 2 taxi in s
111  53.12806616  006.58794537   1 
115  53.12810428  006.58786864 
120 GA 3 taxi in s
111  53.12816181  006.58807708   1 
115  53.12820011  006.58800061 
120 GA 1 taxi out
112  53.12812733  006.58752477  53.12819934  006.58738152   1 
115  53.12813686  006.58729526 
120 GA 2 taxi out
112  53.12821553  006.58764437  53.12828547  006.58750168   1 
115  53.12822548  006.58741657 
120 GA 3 taxi out
112  53.12831119  006.58777653  53.12838085  006.58763437   1 
115  53.12831962  006.58754558 
120 GA 4 taxi out
112  53.12824986  006.58727201  53.12819729  006.58737746   1 
115  53.12813677  006.58729519 
120 GA 5 taxi out
112  53.12834002  006.58739129  53.12828617  006.58749868   1 
115  53.12822540  006.58741659 
120 GA 6 taxi out
112  53.12843449  006.58752401  53.12838229  006.58762988   1 
115  53.12831964  006.58754568 
120 GA 1 taxi in
112  53.12797810  006.58782537  53.12792552  006.58793081   1 
115  53.12786501  006.58784855 
120 GA 2 taxi in
112  53.12806615  006.58794535  53.12801358  006.58805080   1 
115  53.12795306  006.58796853 
120 GA 3 taxi in
112  53.12816181  006.58807707  53.12810923  006.58818252   1 
115  53.12804872  006.58810025 
120 GA 4 taxi in
112  53.12836083  006.58704845  53.12842332  006.58692474   1 
115  53.12835888  006.58682640 
120 GA 5 taxi in
112  53.12845057  006.58716867  53.12851423  006.58704156   1 
115  53.12845242  006.58695479 
120 GA 6 taxi in
112  53.12854605  006.58729945  53.12860739  006.58717566   1 
115  53.12854635  006.58708373 
120 Apron line
111  53.12772950  006.58820049   2 
115  53.13032017  006.58284123 
120 Apron white line
111  53.12797421  006.58769448  21 
115  53.12823385  006.58804990 
120 Avia Noord taxi 1
112  53.12710032  006.58874279  53.12719798  006.58861234   1 
111  53.12736059  006.58868673   1 
116  53.12734238  006.58832634  53.12740836  006.58820437 
120 Avia Noord hold line
111  53.12826388  006.58961392   3 
115  53.12822174  006.58956060 
120 Avia Noord taxi
111  53.12736064  006.58868545   1 
115  53.12812769  006.58969885 
120 Fire taxi
112  53.12842144  006.58983401  53.12829135  006.58982796   1 
116  53.12812772  006.58969863  53.12808903  006.58964040 
120 Road line 2
111  53.12805007  006.58864783  20 
115  53.12801643  006.58869233 
120 NNAC hold
111  53.12718567  006.59059365   2 
115  53.12714850  006.59066971 
120 NNAC taxi 1
111  53.12716872  006.59062818   1 
111  53.12647313  006.58970917   1 
116  53.12617866  006.58949033  53.12607501  006.58952005 
120 NNAC taxi 2
112  53.12663643  006.58928397  53.12654046  006.58939209   1 
116  53.12655265  006.58981002  53.12667565  006.58996769 
120 Fuel taxi
111  53.12778003  006.58773371   1 
112  53.12810139  006.58817388  53.12818530  006.58829310   1 
112  53.12799771  006.58838252  53.12791714  006.58827023   1 
115  53.12767407  006.58794340 
120 Exit Fuel
112  53.12766510  006.58770985  53.12761211  006.58781501   1 
111  53.12767438  006.58794306   1 
116  53.12753492  006.58796129  53.12748097  006.58806164 
120 Entry Fuel
112  53.12764760  006.58774699  53.12769721  006.58764825   1 
111  53.12777997  006.58773376   1 
116  53.12776057  006.58751883  53.12780874  006.58742089 
120 Hold 01
111  53.11937888  006.57905483  54 
115  53.11970639  006.57861377 
120 Hold I 05
111  53.12026985  006.57796432  54 
115  53.12033114  006.57729523 
120 taxi 23-01 19-05
111  53.12030548  006.57762973   1 
112  53.11973979  006.57748806  53.11964401  006.57746300 
111  53.11973979  006.57748806 
112  53.11973979  006.57748806  53.11932630  006.57748251   1 
112  53.11940902  006.57854828  53.11947431  006.57868937   1 
115  53.11954928  006.57884359 
120 taxi 05-19
112  53.11908799  006.57732152  53.11902464  006.57730752   1 
116  53.11869573  006.57703967  53.11857615  006.57678764 
120 taxi 19
111  53.11973983  006.57748798   1 
115  53.11908753  006.57732113 
120 Apron centerline taxi
111  53.12972566  006.58004639   1 101 
112  53.13014806  006.58015619  53.13036328  006.58020748   1 101 
112  53.13055682  006.58088329  53.13054857  006.58114971   1 101 
111  53.13053664  006.58142356   1 101 
112  53.13026522  006.58235394  53.13000708  006.58289171   1 101 
112  53.12755413  006.58792667  53.12737759  006.58824250   1 101 
112  53.12667862  006.58924897  53.12636839  006.58944093 
111  53.12667862  006.58924897 
112  53.12667862  006.58924897  53.12641264  006.58951100   1 101 
112  53.12498161  006.58979554  53.12487947  006.58981790 
111  53.12498161  006.58979554 
112  53.12498161  006.58979554  53.12485726  006.58982314   1 101 
112  53.12468037  006.58971029  53.12462695  006.58959598   1 101 
115  53.12435540  006.58902168 
120 Hold 23
111  53.12571557  006.58983822  56 
115  53.12567019  006.58940482 
120 Hold 19
111  53.13043759  006.58139633  54 
115  53.13063618  006.58142893 
120 C centerline
111  53.12123933  006.57753085   1 101 
112  53.11690685  006.56831985  53.11675168  006.56799009   1 101 
112  53.11604414  006.56800523  53.11588743  006.56817273   1 101 
112  53.11533200  006.56891973  53.11525143  006.56902560   1 101 
116  53.11528834  006.56982676  53.11536405  006.56999028 
120 C center 19
112  53.12123902  006.57752838  53.12127940  006.57761465   1 
112  53.12154193  006.57794909  53.12163047  006.57797189   1 
115  53.12182778  006.57802270 
120 Taxi to C
111  53.11528871  006.56982714   1 101 
115  53.11554434  006.57036872 
120 Taxi 05 19 straight
111  53.11869533  006.57703802   1 
115  53.11838373  006.57637988 
120 Hold 05
111  53.11570011  006.56860311  54 
115  53.11558810  006.56836018 
120 Road line
111  53.12824944  006.58823969  20 
115  53.12805007  006.58864779 
14   53.12096400  006.57972255    0 0 ATC Tower
15   53.12844080  006.58965799 220.00 AN 1
15   53.12850090  006.58952744 220.00 AN 2
15   53.12822459  006.58938273  40.00 AN 3
15   53.12827775  006.58925910  40.00 AN 4
15   53.12822106  006.58962986 135.28 Avia Noord Dep
15   53.12789528  006.58823575 220.00 Fuel station
15   53.12806531  006.58765298 310.00 GA 1
15   53.12815602  006.58776896 310.00 GA 2
15   53.12825482  006.58789150 310.00 GA 3
15   53.12833136  006.58710792 130.00 GA 4
15   53.12842097  006.58722686 130.00 GA 5
15   53.12852022  006.58735180 130.00 GA 6
15   53.12932272  006.58565273 130.00 Large aircraft stand
15   53.12735425  006.59071768 130.00 NNAC 1
15   53.12742970  006.59083161 130.00 NNAC 2
15   53.12750648  006.59093308 130.00 NNAC 3
15   53.12757389  006.59101885 130.00 NNAC 4
15   53.12720252  006.59067295 220.00 NNAC DEP
18   53.12060200  006.57888555 1 BCN
19   53.11535280  006.56766466 1 WS
19   53.12558372  006.58849325 1 WS
19   53.11750400  006.57554755 1 WS
19   53.13083805  006.58112651 1 WS
20   53.12575329  006.59012430 170.00  0 3 {@L}A{@R}23{@Y}{@@}A
20   53.12563552  006.58918658 170.00  0 3 {@L}A{@R}23{@Y}{@@}A
20   53.12733291  006.58893617 313.13  0 2 {@L}A{@Y}{^u}APRON{|}AVIA_NOORD{^r}{@@}{^l}AVIA_NOORD
20   53.12637321  006.58981850 335.39  0 2 {@L}A{@Y}{^u}APRON{|}NNAC{^r}{@@}{^l}NNAC
20   53.13022087  006.58134425 280.00  0 2 {@L}B{@R}19{@Y}{@@}B
20   53.13086413  006.58151536 280.00  0 2 {@L}B{@R}19{@Y}{@@}B
20   53.11583321  006.56883850 140.00  0 3 {@L}C{@R}05{@Y}{@@}C
20   53.11542757  006.56800986 140.00  0 3 {@L}C{@R}05{@Y}{@@}C
20   53.11921190  006.57929088 233.00  0 3 {@R}01
20   53.11990222  006.57839596 233.00  0 3 {@R}01
20   53.12699797  006.58820755 228.21  0 2 {@Y}{^l}{@L}A{@Y}{^r}
20   53.12606897  006.58919491 220.00  0 2 {@Y}{^l}{@L}A{@Y}{^r}
20   53.12770187  006.58674671 217.37  0 2 {@Y}{^l}A_23-01{|}B_19-05{^r}
20   53.12857381  006.58490536 217.37  0 2 {@Y}{^l}A_23-01{|}B_19-05{^r}
20   53.12466324  006.58863963  50.00  0 3 {@Y}{^lu}A
20   53.13046307  006.58256975 310.61  0 2 {@Y}{^lu}B{@L,@@}APRON
20   53.12755258  006.58741762 309.00  0 2 {@Y}{^u,|,^u}GA_4-6{|}GA_1-3{^r}{@@}{^l}GA_1-3
20   53.12783051  006.58687689 309.00  0 2 {@Y}{^u}{@R}{no-entry}{^r}{@@}{^l}{no-entry,@Y}{^u}
20   53.12745356  006.58764796 309.00  0 2 {@Y}{^u}{@R}{no-entry}{^r}{@@}{^l}{no-entry}{@Y}{^u}
20   53.12731916  006.58796800 129.00  0 2 {@Y}A{@L,@@}APRON
20   53.12757660  006.58826116 129.00  0 2 {@Y}A{^ru}{@L,@@}APRON
20   53.12752292  006.58738307 309.00  0 2 {@Y}AVGAS{^r}{@@}{^l}AVGAS
20   53.13006371  006.58215481 310.61  0 2 {@Y}B{@L,@@}APRON
20   53.12997066  006.58075165  10.32  0 3 {@Y}B{^ru}
20   53.12145793  006.57734809 233.62  0 2 {@Y}C
20   53.12075593  006.57710784 233.62  0 2 {@Y}C
20   53.11584451  006.56995801 233.00  0 3 {@Y}C{^ru}
20   53.12187037  006.57756633 190.00  0 3 {@Y}C{^ru}
20   53.12805401  006.58638852 309.00  0 2 {@Y}GA_4-6{^r}{@@}{^l}GA_4-6{|}{^u}GA_1-3{|,^u}
50 13355 ATIS
53 12170 GND/CLNC DEL
54 11870 TWR
54 11970 TWR
55 11970 APP
55 12030 APP
