1     1830 0 1 ENOP FAGERHAUG
100   18.29   1   0 0.25 0 1 0 07   62.64884000  009.83892500    0.00   32.00 2  0 0 0 25   62.65171400  009.85607700    0.00   32.00 2  0 0 0
110   1 0.30  69.95 Default taxiway for RWY 07
111  62.64876481  009.83898471   3 102 
111  62.64837617  009.83929335   3 102 
111  62.65125122  009.85644373   3 102 
111  62.65163986  009.85613506 
112  62.65158345  009.85579854  62.65160954  009.85596848   3 102 
111  62.65151677  009.85604216   3 102 
112  62.65139308  009.85614039  62.65130032  009.85621407   3 102 
111  62.65127212  009.85604581   3 102 
111  62.64990511  009.84789128   3 102 
111  62.65021644  009.84764402 
111  62.65018823  009.84747576   3 102 
111  62.64987690  009.84772302   3 102 
112  62.64850989  009.83956847  62.64848169  009.83940022   3 102 
111  62.64857445  009.83932655   3 102 
112  62.64869814  009.83922832  62.64879091  009.83915465   3 102 
113  62.64882122  009.83932122 
120 Default hold RWY 07 (near)
111  62.64860809  009.83910918   4 
115  62.64863630  009.83927744 
120 Default hold RWY 07 (centre)
111  62.65003151  009.84760023   4 
115  62.65005972  009.84776849 
120 Default hold RWY 07 (far)
111  62.65145493  009.85609127   4 
115  62.65148314  009.85625953 
18   62.65081777  009.84706510 1 BCN
19   62.64901550  009.83840431 1 WS
19   62.65153843  009.85659764 1 WS
54 12295 INFO
