1      196 0 0 ENSU VINNU
100   29.87   3   0 0.00 0 0 0 10   62.65714400  008.67532800    0.00    0.00 0  0 0 0 28   62.65653300  008.68712100    0.00    0.00 0  0 0 0
110   3 0.00   0.00 Apron
111  62.65699076  008.67566406 
112  62.65643351  008.67578752  62.65629427  008.67585246 
111  62.65628242  008.67612865 
112  62.65628242  008.67612865  62.65628818  008.67638579 
112  62.65669816  008.67758252  62.65676153  008.67763896 
113  62.65688832  008.67764286 
14   62.65677639  008.67633276   82 0 Clubhouse
15   62.65678163  008.67607049   0.00 Clubhouse
19   62.65732198  008.67668367 0 New Windsock 1
