1      352 0 1 EPBC BABICE
100   89.92   2   0 0.25 1 2 0 10R  52.27045300  020.89791400    0.00    0.00 2  0 0 0 28L  52.26791100  020.91651900  528.83    0.00 2  0 0 0
110   2 0.30 102.58 Default taxiway for RWY 10R
111  52.27006032  020.89777081  53 102 
111  52.26808373  020.89705008  53 102 
111  52.26554319  020.91565620  53 102 
111  52.26751978  020.91637689 
112  52.26769600  020.91508630  52.26760569  020.91573079  53 102 
111  52.26713184  020.91555802  53 102 
112  52.26650003  020.91532765  52.26602618  020.91515487  53 102 
111  52.26611429  020.91450958  53 102 
111  52.26716429  020.90681976  53 102 
111  52.26874600  020.90739650 
111  52.26883411  020.90675121  53 102 
111  52.26725240  020.90617447  53 102 
112  52.26830239  020.89848466  52.26839050  020.89783936  53 102 
111  52.26886435  020.89801215  53 102 
112  52.26949616  020.89824253  52.26997001  020.89841531  53 102 
113  52.26988410  020.89906140 
120 Default hold RWY 10R (near)
111  52.26926836  020.89748204  54 
115  52.26918025  020.89812734 
120 Default hold RWY 10R (centre)
111  52.26804215  020.90646244  54 
115  52.26795404  020.90710773 
120 Default hold RWY 10R (far)
111  52.26681593  020.91544283  54 
115  52.26672782  020.91608813 
18   52.27194582  020.90822239 1 BCN
19   52.27181252  020.89705489 1 WS
19   52.26655135  020.91737750 1 WS
54 11917 INFO
