1      392 0 1 EPDE DEBLIN
100   60.05   1   0 0.25 0 2 0 12   51.55694400  021.87805600    0.00    0.00 2  0 0 0 30   51.54555600  021.90916700    0.00    0.00 2  0 0 0
110   1 0.30 120.47 Default taxiway for RWY 12
111  51.55671307  021.87783746   3 102 
111  51.55554681  021.87673376   3 102 
111  51.54416292  021.90785288   3 102 
111  51.54532918  021.90895631 
112  51.54560321  021.90820722  51.54546426  021.90857993   3 102 
111  51.54518483  021.90831555   3 102 
112  51.54481224  021.90796304  51.54453280  021.90769865   3 102 
111  51.54466981  021.90732411   3 102 
111  51.55001922  021.89270093   3 102 
111  51.55095262  021.89358415 
111  51.55108963  021.89320961   3 102 
111  51.55015623  021.89232639   3 102 
112  51.55550564  021.87770322  51.55564266  021.87732867   3 102 
111  51.55592210  021.87759312   3 102 
112  51.55629469  021.87794572  51.55657412  021.87821017   3 102 
113  51.55643904  021.87858654 
120 Default hold RWY 12 (near)
111  51.55624540  021.87739488   4 
115  51.55610839  021.87776942 
120 Default hold RWY 12 (centre)
111  51.55062196  021.89276708   4 
115  51.55048495  021.89314162 
120 Default hold RWY 12 (far)
111  51.54499853  021.90813929   4 
115  51.54486151  021.90851383 
18   51.55288225  021.89515307 4 BCN
19   51.55791544  021.87796693 1 WS
19   51.54458453  021.90925540 1 WS
54 12850 INFO
