1      604 1 1 EPLL LUBLINEK
100   45.11   1   0 0.00 0 2 0 07L  51.71619353  019.37210200    0.00    0.00 3  7 0 0 25R  51.72366647  019.40635600    0.00    0.00 3  7 0 0
100  174.96   3   0 0.00 0 0 0 07R  51.71928159  019.39670348    0.00    0.00 0  0 0 0 25L  51.72137441  019.40629652    0.00    0.00 0  0 0 0
21   51.71716994  019.37462678  2  70.59   3.00 07L PAPI-4L
10   51.72260400  019.40736800 xxx 143.13   794 0.0 0.0    39 101101  1 0 0 0.00 0
10   51.72615600  019.40336700 xxx 160.36   645 0.0 0.0   266 101101  2 0 0 0.00 0
10   51.72529800  019.40490900 xxx 314.00   279 0.0 0.0    75 161161  1 0 0 0.00 0
10   51.72444100  019.40568300 xxx 339.97   500 0.0 0.0    75 161161  1 0 0 0.00 0
10   51.72635600  019.40424700 xxx 159.11   649 0.0 0.0   174 101101  1 0 0 0.00 0
10   51.72533700  019.40507800 xxx 157.33   224 0.0 0.0    91 101101  1 0 0 0.00 0
10   51.72232100  019.40802500 xxx  52.62    95 0.0 0.0    43 101101  2 0 0 0.00 0
10   51.72278900  019.40745500 xxx  52.24   107 0.0 0.0    44 101101  2 0 0 0.00 0
10   51.72325800  019.40689800 xxx  52.50    98 0.0 0.0    48 101101  2 0 0 0.00 0
14   51.72723600  019.40333400  100 0 Tower
15   51.72666700  019.40290000 251.00 Aircraft stand 1
15   51.72636700  019.40306700 251.00 Aircraft stand 2
15   51.72601700  019.40311700 251.00 Aircraft stand 3
18   51.72286100  019.39570700 0 BCN
19   51.72316000  019.39940100 1 WS
54 12422 TWR
