1      548 1 1 EPML MIELEC
100   45.11   2   0 0.25 0 0 0 09   50.32228300  021.44407500  188.06    0.00 2  0 0 0 27   50.32219700  021.47911400    0.00    0.00 2  0 0 0
100   24.99   2   0 0.25 0 0 0 18   50.32672200  021.45305600    0.00    0.00 2  0 0 0 36   50.32080800  021.45303600    0.00    0.00 2  0 0 0
110   2 0.30  90.21 Default taxiway for RWY 09
111  50.32208227  021.44407387  53 
111  50.32106512  021.44406812  53 
111  50.32098438  021.47910718  53 
111  50.32200153  021.47911293 
112  50.32200300  021.47847710  50.32200002  021.47879500  53 
111  50.32175645  021.47879363  53 
112  50.32143168  021.47879179  50.32118810  021.47879041  53 
111  50.32118883  021.47847249  53 
111  50.32122737  021.46174775  53 
111  50.32204154  021.46175236 
111  50.32204227  021.46143444  53 
111  50.32122810  021.46142983  53 
112  50.32126663  021.44470509  50.32126737  021.44438718  53 
111  50.32151095  021.44438856  53 
112  50.32183572  021.44439040  50.32207929  021.44439177  53 
113  50.32208080  021.44470970 
120 Default hold RWY 09 (near)
111  50.32167406  021.44407156  54 
115  50.32167333  021.44438948 
120 Default hold RWY 09 (centre)
111  50.32163406  021.46143213  54 
115  50.32163333  021.46175005 
120 Default hold RWY 09 (far)
111  50.32159406  021.47879271  54 
115  50.32159332  021.47911062 
19   50.32289341  021.44344261 1 WS
19   50.32694619  021.45358524 1 WS
19   50.32158640  021.47974594 1 WS
19   50.32058381  021.45250683 1 WS
54 12270 INFO
54 12335 INFO
54 11910 TEST
