1      371 0 1 EPPW POWIDZ
100   60.05   2   0 0.25 0 0 0 11R  52.38382800  017.82741400    0.00    0.00 2  0 0 0 29L  52.37439700  017.87677200    0.00    0.00 2  0 0 0
100   29.87   2   0 0.25 0 0 0 11L  52.38598900  017.82850000    0.00    0.00 2  0 0 0 29R  52.37861900  017.86670300    0.00    0.00 2  0 0 0
21   52.38371200  017.83044413  1 107.36   3.00 11R VASI
21   52.37451426  017.87374265  1 287.40   3.00 29L VASI
110   2 0.30 107.36 Default taxiway for RWY 11R
111  52.38357227  017.82728301  53 
111  52.38228075  017.82662148  53 
111  52.37286003  017.87599019  53 
111  52.37415155  017.87665158 
112  52.37431279  017.87580660  52.37423003  017.87622799  53 
111  52.37392058  017.87606952  53 
112  52.37350798  017.87585823  52.37319853  017.87569976  53 
111  52.37327915  017.87527727  53 
111  52.37778796  017.85164915  53 
111  52.37882160  017.85217854 
111  52.37890222  017.85175605  53 
111  52.37786858  017.85122666  53 
112  52.38237739  017.82759855  52.38245801  017.82717606  53 
111  52.38276746  017.82733456  53 
112  52.38318006  017.82754590  52.38348951  017.82770440  53 
113  52.38341103  017.82812799 
110   2 0.30 107.52 Default taxiway for RWY 11L
111  52.38586298  017.82843480  53 
111  52.38521999  017.82810215  53 
111  52.37785615  017.86631159  53 
111  52.37849914  017.86664419 
112  52.37858008  017.86622420  52.37853746  017.86643308  53 
111  52.37838366  017.86635352  53 
112  52.37817859  017.86624745  52.37802479  017.86616789  53 
111  52.37806526  017.86595790  53 
111  52.38164600  017.84737817  53 
111  52.38216082  017.84764450 
111  52.38220129  017.84743450  53 
111  52.38168647  017.84716817  53 
112  52.38526722  017.82858845  52.38530769  017.82837846  53 
111  52.38546149  017.82845803  53 
112  52.38566656  017.82856412  52.38582036  017.82864369  53 
113  52.38578204  017.82885479 
120 Default hold RWY 11R (near)
111  52.38305438  017.82701774  54 
115  52.38297376  017.82744023 
120 Default hold RWY 11L (near)
111  52.38560450  017.82830107  54 
115  52.38556403  017.82851107 
120 Default hold RWY 11R (centre)
111  52.37838433  017.85149080  54 
115  52.37830371  017.85191329 
120 Default hold RWY 11L (centre)
111  52.38194281  017.84730078  54 
115  52.38190234  017.84751078 
120 Default hold RWY 11R (far)
111  52.37371428  017.87596387  54 
115  52.37363366  017.87638637 
120 Default hold RWY 11L (far)
111  52.37828113  017.86630049  54 
115  52.37824066  017.86651049 
19   52.38645444  017.82827894 1 WS
19   52.38476156  017.82696461 1 WS
19   52.37346326  017.87722025 1 WS
19   52.37815348  017.86692362 1 WS
54 12850 INFO
