1      164 0 1 EPTO TORUN
100   57.00   2   0 0.25 0 0 0 11R  53.03048900  018.53779200    0.00    0.00 2  0 0 0 29L  53.02780300  018.55481900    0.00    0.00 2  0 0 0
100   57.00   2   0 0.25 0 0 0 01   53.02709400  018.53674400    0.00    0.00 2  0 0 0 19   53.03796400  018.54149200    0.00    0.00 2  0 0 0
100   99.97   3   0 0.25 0 0 0 11L  53.03083300  018.54444400    0.00    0.00 1  0 0 0 29R  53.02885000  018.55669200    0.00    0.00 1  0 0 0
110   2 0.30  14.72 Default taxiway for RWY 01
111  53.02702942  018.53715282  53 
111  53.02670311  018.53921863  53 
111  53.03757320  018.54396606  53 
111  53.03789951  018.54189972 
112  53.03740340  018.54168308  53.03765089  018.54179502  53 
111  53.03757271  018.54229007  53 
112  53.03746847  018.54295013  53.03739029  018.54344518  53 
111  53.03714223  018.54333685  53 
111  53.03232733  018.54123402  53 
111  53.03258850  018.53958043 
111  53.03234044  018.53947211  53 
111  53.03207927  018.54112569  53 
112  53.02726436  018.53902286  53.02701631  018.53891453  53 
111  53.02709449  018.53841960  53 
112  53.02719873  018.53775969  53.02727691  018.53726476  53 
113  53.02752553  018.53736947 
110   2 0.30 104.69 Default taxiway for RWY 11R
111  53.03024309  018.53768480  53 
111  53.02900049  018.53714309  53 
111  53.02631571  018.55417119  53 
111  53.02755831  018.55471286 
112  53.02768839  018.55388782  53.02762118  018.55429940  53 
111  53.02732347  018.55416962  53 
112  53.02692654  018.55399659  53.02662884  018.55386682  53 
111  53.02669388  018.55345430  53 
111  53.02787367  018.54597155  53 
111  53.02886818  018.54640509 
111  53.02893322  018.54599257  53 
111  53.02793871  018.54555903  53 
112  53.02911850  018.53807629  53.02918354  018.53766376  53 
111  53.02948124  018.53779355  53 
112  53.02987817  018.53796659  53.03017588  018.53809637  53 
113  53.03011301  018.53850984 
120 Default hold RWY 01 (near)
111  53.02689855  018.53798132  54 
115  53.02714661  018.53808964 
120 Default hold RWY 11R (near)
111  53.02974475  018.53746755  54 
115  53.02967971  018.53788007 
120 Default hold RWY 01 (centre)
111  53.03220957  018.54030071  54 
115  53.03245763  018.54040904 
120 Default hold RWY 11R (centre)
111  53.02843488  018.54577533  54 
115  53.02836984  018.54618785 
120 Default hold RWY 11R (far)
111  53.02712501  018.55408311  54 
115  53.02705997  018.55449563 
120 Default hold RWY 01 (far)
111  53.03752059  018.54262010  54 
115  53.03776864  018.54272843 
18   53.02731292  018.55755300 0 Prevent beacon
19   53.02679299  018.53529226 1 WS
19   53.03236999  018.54358254 1 WS
19   53.03136201  018.53729084 1 WS
19   53.03826495  018.54294416 1 WS
19   53.02692992  018.55531978 1 WS
19   53.02731292  018.55755300 1 WS
54 12220 AERO
