1       62 0 0 ESKC Uppsala Sundbro
100   40.23   3   0 0.25 0 2 0 03   59.92032142  017.53384760    0.00    0.00 1 12 0 0 21   59.92522918  017.53950140    0.00    0.00 1 12 0 0
100   40.23   3   0 0.25 0 0 0 06   59.92418498  017.53166275    0.00    0.00 1  0 0 0 24   59.92656882  017.53927545    0.00    0.00 1  0 0 0
100   40.23   3   0 0.25 0 0 0 32   59.92223605  017.53600375    0.00    0.00 1  0 0 0 14   59.92540495  017.53140965    0.00    0.00 1  0 0 0
19   59.92027939  017.53254797 1 WS
19   59.92445366  017.53047572 1 WS
19   59.92601712  017.53186172 1 WS
19   59.92527116  017.54080124 1 WS
19   59.92630007  017.54046251 1 WS
19   59.92162390  017.53555164 1 WS
