1      773 0 1 ESKD Dala Jarna
100   24.08   1   0 0.25 0 2 0 21   60.55958436  014.38146692    0.00    0.00 2 12 0 0 03   60.55264364  014.37298308    0.00    0.00 2 12 0 0
110   1 0.30 211.00 Default taxiway for RWY 21
111  60.55963901  014.38128190   3 102 
111  60.55991922  014.38033327   3 102 
111  60.55297877  014.37184785   3 102 
111  60.55269856  014.37279628 
112  60.55288430  014.37302337  60.55279259  014.37290590   3 102 
111  60.55285956  014.37267922   3 102 
112  60.55294886  014.37237697  60.55301583  014.37215029   3 102 
111  60.55310870  014.37226384   3 102 
111  60.55634675  014.37622271   3 102 
111  60.55612235  014.37698232 
111  60.55621522  014.37709586   3 102 
111  60.55643962  014.37633625   3 102 
112  60.55967767  014.38029512  60.55977054  014.38040867   3 102 
111  60.55970357  014.38063540   3 102 
112  60.55961427  014.38093771  60.55954730  014.38116444   3 102 
113  60.55945327  014.38105481 
120 Default hold RWY 21 (near)
111  60.55975179  014.38090009   4 
115  60.55965892  014.38078656 
120 Default hold RWY 21 (centre)
111  60.55632800  014.37671409   4 
115  60.55623513  014.37660056 
120 Default hold RWY 21 (far)
111  60.55290421  014.37252809   4 
115  60.55281134  014.37241456 
18   60.55572408  014.37854466 1 BCN
19   60.55262458  014.37219174 1 WS
19   60.55960338  014.38225845 1 WS
