1       43 0 0 ESNP Pitea
100   24.99   1   0 0.25 0 1 1 16   65.40263300  021.25777700    0.00    0.00 2  0 0 0 34   65.39403300  021.26388800    0.00    0.00 2  0 0 0
101   21.34 0 34R  65.39266600  021.28619604 16L  65.38794400  021.29290196
10   65.38897700  021.27090500 xxx 283.54   255 0.0 0.0    42 161161  1 0 0 0.35 0
10   65.38903800  021.26969700 xxx 253.54   246 0.0 0.0    41 161161  1 0 0 0.35 0
10   65.38884000  021.27003500 xxx 253.54    46 0.0 0.0   141 161161  1 0 0 0.35 0
10   65.38929000  021.26995700 xxx 253.54    46 0.0 0.0   141 161161  1 0 0 0.35 0
14   65.38957200  021.27063400   15 0 ATC Tower
18   65.39639300  021.26446300 1 BCN
19   65.40500600  021.25835200 1 WS
19   65.38752700  021.26849900 1 WS
