1      597 1 1 ETHM MENDIG
100   35.66   1   0 0.25 0 3 0 08   50.36416700  007.30433300    0.00    0.00 2  0 0 0 26   50.36777800  007.32638900    0.00    0.00 2  0 0 0
21   50.36496189  007.30692604  2  75.60   3.00 08  PAPI-4L
21   50.36698360  007.32379539  2 255.61   3.00 26  PAPI-4L
110   1 0.30  75.60 Default taxiway for RWY 08
111  50.36401376  007.30439469   3 102 
111  50.36323448  007.30470843   3 102 
111  50.36684757  007.32676278   3 102 
111  50.36762685  007.32644902 
112  50.36754702  007.32596174  50.36758475  007.32620626   3 102 
111  50.36739824  007.32628135   3 102 
112  50.36714957  007.32638147  50.36696307  007.32645656   3 102 
111  50.36692316  007.32621292   3 102 
111  50.36521640  007.31579485   3 102 
111  50.36584026  007.31554368 
111  50.36580035  007.31530004   3 102 
111  50.36517649  007.31555121   3 102 
112  50.36346973  007.30513314  50.36342982  007.30488950   3 102 
111  50.36361632  007.30481441   3 102 
112  50.36386499  007.30471430  50.36405150  007.30463921   3 102 
113  50.36409359  007.30488197 
120 Default hold RWY 08 (near)
111  50.36370074  007.30452072   4 
115  50.36374066  007.30476436 
120 Default hold RWY 08 (centre)
111  50.36548733  007.31542606   4 
115  50.36552724  007.31566970 
120 Default hold RWY 08 (far)
111  50.36727391  007.32633141   4 
115  50.36731383  007.32657505 
18   50.36705969  007.31491980 4 BCN
19   50.36455210  007.30365854 1 WS
19   50.36739277  007.32706334 1 WS
54 12210 TWR
