1       35 0 1 25TA FERRIS
100   22.86   2   0 0.25 0 0 0 09   29.83661400 -094.97310600    0.00    0.00 2  0 0 0 27   29.83661400 -094.96175000    0.00    0.00 2  0 0 0
110   2 0.30  90.00 Default taxiway for RWY 09
111  29.83651339 -094.97310599  53 
111  29.83599683 -094.97310596  53 
111  29.83599732 -094.96174996  53 
111  29.83651388 -094.96174999 
112  29.83651387 -094.96198715  29.83651162 -094.96186857  53 
111  29.83638818 -094.96186857  53 
112  29.83622361 -094.96186856  29.83610017 -094.96186855  53 
111  29.83610017 -094.96198713  53 
111  29.83609994 -094.96736868  53 
111  29.83651364 -094.96736870 
111  29.83651363 -094.96748728  53 
111  29.83609993 -094.96748726  53 
112  29.83609970 -094.97286881  29.83609970 -094.97298739  53 
111  29.83622314 -094.97298740  53 
112  29.83638771 -094.97298741  29.83651115 -094.97298741  53 
113  29.83651340 -094.97286883 
120 Default hold RWY 09 (near)
111  29.83630541 -094.97310598  54 
115  29.83630542 -094.97298740 
120 Default hold RWY 09 (centre)
111  29.83630565 -094.96748727  54 
115  29.83630566 -094.96736869 
120 Default hold RWY 09 (far)
111  29.83630589 -094.96186856  54 
115  29.83630590 -094.96174998 
19   29.83692120 -094.97334318 1 WS
19   29.83630678 -094.96151286 1 WS
