1      100 0 1 2L0  PINEVILLE MUNI
100   22.86   1   0 0.25 0 2 0 17   31.34611100 -092.44388600    0.00    0.00 2  0 0 1 35   31.33805600 -092.44361100    0.00    0.00 2  0 0 0
21   31.34431989 -092.44350406  1 178.33   3.00 17  VASI
21   31.33984711 -092.44399291  1 358.33   3.00 35  VASI
110   1 0.30 178.33 Default taxiway for RWY 17
111  31.34610807 -092.44400376   3 102 
111  31.34609301 -092.44460834   3 102 
111  31.33803801 -092.44433326   3 102 
111  31.33805307 -092.44372873 
112  31.33825871 -092.44373575  31.33815582 -092.44373487   3 102 
111  31.33815222 -092.44387933   3 102 
112  31.33814743 -092.44407193  31.33814383 -092.44421639   3 102 
111  31.33824665 -092.44421990   3 102 
111  31.34201710 -092.44434865   3 102 
111  31.34202916 -092.44386448 
111  31.34213198 -092.44386799   3 102 
111  31.34211992 -092.44435217   3 102 
112  31.34589037 -092.44448093  31.34599319 -092.44448444   3 102 
111  31.34599679 -092.44433997   3 102 
112  31.34600158 -092.44414735  31.34600518 -092.44400288   3 102 
113  31.34590243 -092.44399674 
120 Default hold RWY 17 (near)
111  31.34610201 -092.44424717   4 
115  31.34599919 -092.44424366 
120 Default hold RWY 17 (centre)
111  31.34212592 -092.44411140   4 
115  31.34202310 -092.44410788 
120 Default hold RWY 17 (far)
111  31.33814983 -092.44397563   4 
115  31.33804701 -092.44397212 
18   31.34210697 -092.44290748 1 BCN
19   31.34632559 -092.44353345 1 WS
19   31.33784141 -092.44396351 1 WS
51 12280 UNICOM
