1     3815 0 1 2NE4 Spring Lake
100   18.29   3   0 0.25 0 0 0 09   42.45046658 -102.13745598    0.00    0.00 1  0 0 0 27   42.44951396 -102.13013404    0.00    0.00 1  0 0 0
100   18.29   3   0 0.25 0 0 0 05   42.44857429 -102.13653565    0.00    0.00 1  0 0 0 23   42.45140625 -102.13105437    0.00    0.00 1  0 0 0
100   18.29   3   0 0.25 0 0 0 36   42.44823442 -102.13421460    0.00    0.00 1  0 0 0 18   42.45174612 -102.13337542    0.00    0.00 1  0 0 0
19   42.45073827 -102.13761756 1 WS
19   42.44811521 -102.13458281 1 WS
19   42.44868211 -102.13691026 1 WS
19   42.45186533 -102.13300719 1 WS
19   42.45129841 -102.13067975 1 WS
19   42.44924225 -102.12997250 1 WS
