1      450 0 1 61Y  Ralph E Koch Airport
100   30.48   3   0 0.25 0 0 0 04   38.20544959 -087.77623075    0.00    0.00 1  0 0 0 22   38.20971873 -087.77242649    0.00    0.00 1  0 0 0
100   30.48   3   0 0.25 0 0 0 09   38.20742112 -087.77670028    0.00    0.00 1  0 0 0 27   38.20774720 -087.77195696    0.00    0.00 1  0 0 0
100   30.48   3   0 0.25 0 0 0 18   38.20944775 -087.77453611    0.00    0.00 1  0 0 0 36   38.20572057 -087.77412113    0.00    0.00 1  0 0 0
19   38.20546089 -087.77685988 1 WS
19   38.20780709 -087.77709368 1 WS
19   38.20975686 -087.77404490 1 WS
19   38.20970742 -087.77179732 1 WS
19   38.20736122 -087.77156359 1 WS
19   38.20541146 -087.77461232 1 WS
