1     1350 0 1 64Y  Wadena Municipal
100   60.96   3   0 0.25 0 2 0 17   46.44592185 -095.11762630    0.00    0.00 1  0 0 0 35   46.43733425 -095.11631648    0.00    0.00 1  0 0 0
100   48.77   3   0 0.25 0 0 0 02   46.43868870 -095.11887053    0.00    0.00 1  0 0 0 20   46.44456740 -095.11507225    0.00    0.00 1  0 0 0
100   57.91   3   0 0.25 0 0 0 15   46.44449282 -095.11899904    0.00    0.00 1  0 0 0 33   46.43876328 -095.11494374    0.00    0.00 1  0 0 0
18   46.44182875 -095.11420020 1 BCN
19   46.43855551 -095.12000225 1 WS
19   46.44530395 -095.11831092 1 WS
19   46.44655346 -095.11652180 1 WS
19   46.44470055 -095.11394039 1 WS
19   46.43795217 -095.11563183 1 WS
19   46.43670265 -095.11742080 1 WS
