1        0 0 1 65LA SOUTHERN SEAPLANE
100   12.19   1   0 0.25 0 3 0 02   29.86194400 -090.02388900    0.00    0.00 2  0 0 0 20   29.87000000 -090.02027800    0.00    0.00 2  0 0 0
110   1 0.30  21.24 Default taxiway for RWY 02
111  29.86192494 -090.02383246   3 102 
111  29.86182475 -090.02353523   3 102 
111  29.86988080 -090.01992449   3 102 
111  29.86998099 -090.02022174 
112  29.86987872 -090.02026758  29.86992905 -090.02024224   3 102 
111  29.86990520 -090.02017148   3 102 
112  29.86987340 -090.02007714  29.86984955 -090.02000638   3 102 
111  29.86979841 -090.02002930   3 102 
111  29.86589822 -090.02177737   3 102 
111  29.86597853 -090.02201564 
111  29.86592740 -090.02203855   3 102 
111  29.86584709 -090.02180028   3 102 
112  29.86194690 -090.02354835  29.86189576 -090.02357127   3 102 
111  29.86191961 -090.02364203   3 102 
112  29.86195141 -090.02373637  29.86197526 -090.02380712   3 102 
113  29.86202721 -090.02378662 
120 Default hold RWY 02 (near)
111  29.86188438 -090.02371212   4 
115  29.86193551 -090.02368920 
120 Default hold RWY 02 (centre)
111  29.86588684 -090.02191821   4 
115  29.86593797 -090.02189530 
120 Default hold RWY 02 (far)
111  29.86988930 -090.02012431   4 
115  29.86994043 -090.02010139 
18   29.86610983 -090.02249698 1 BCN
19   29.86190135 -090.02411172 1 WS
19   29.87004263 -090.02005526 1 WS
