1      250 0 1 65TA Flying C Ranch
100    9.14   1   0 0.25 0 0 0 16   30.34672467 -096.30818432    0.00    0.00 2  0 0 0 34   30.33980477 -096.30618514    0.00    0.00 2  0 0 0
110   1 0.30 166.00 Default taxiway for RWY 16
111  30.34671526 -096.30822805   3 
111  30.34666495 -096.30846189   3 
111  30.33974507 -096.30646255   3 
111  30.33979538 -096.30622873 
112  30.33987522 -096.30625180  30.33983476 -096.30624279   3 
111  30.33982281 -096.30629830   3 
112  30.33980688 -096.30637231  30.33979494 -096.30642782   3 
111  30.33983486 -096.30643936   3 
111  30.34319500 -096.30741019   3 
111  30.34323536 -096.30722262 
111  30.34327528 -096.30723416   3 
111  30.34323492 -096.30742173   3 
112  30.34659506 -096.30839255  30.34663498 -096.30840409   3 
111  30.34664692 -096.30834858   3 
112  30.34666285 -096.30827456  30.34667480 -096.30821905   3 
113  30.34663542 -096.30820498 
120 Default hold RWY 16 (near)
111  30.34669481 -096.30832310   4 
115  30.34665489 -096.30831157 
120 Default hold RWY 16 (centre)
111  30.34325483 -096.30732921   4 
115  30.34321491 -096.30731767 
120 Default hold RWY 16 (far)
111  30.33981485 -096.30633530   4 
115  30.33977493 -096.30632377 
19   30.34683437 -096.30806861 1 WS
19   30.33969506 -096.30630084 1 WS
