1     1242 0 1 85F  Huscher Field
100   36.58   3   0 0.25 0 0 0 17   34.62234382 -098.59579698    0.00    0.00 1  0 0 0 35   34.61669006 -098.59543692    0.00    0.00 1  0 0 0
100   16.76   3   0 0.25 0 0 0 12   34.62116771 -098.59827891    0.00    0.00 1  0 0 0 30   34.61786617 -098.59295499    0.00    0.00 1  0 0 0
100   15.24   3   0 0.25 0 0 0 08   34.61941430 -098.59799688    0.00    0.00 1  0 0 0 26   34.61961958 -098.59323702    0.00    0.00 1  0 0 0
19   34.61961256 -098.59817640 1 WS
19   34.62143814 -098.59826084 1 WS
19   34.62269837 -098.59521876 1 WS
19   34.61942131 -098.59305751 1 WS
19   34.61759574 -098.59297308 1 WS
19   34.61633551 -098.59601511 1 WS
