1     2630 0 1 89TE LAJITAS INTL
100   30.48   1   0 0.25 0 2 0 07   29.27583700 -103.69876900    0.00    0.00 2  0 0 0 25   29.28007300 -103.67574700    0.00    0.00 2  0 0 0
110   1 0.30  78.08 Default taxiway for RWY 07
111  29.27570501 -103.69873706   3 102 
111  29.27503184 -103.69857419   3 102 
111  29.27926981 -103.67555313   3 102 
111  29.27994298 -103.67571601 
112  29.27988634 -103.67602370  29.27991246 -103.67586933   3 102 
111  29.27975143 -103.67583037   3 102 
112  29.27953672 -103.67577842  29.27937568 -103.67573945   3 102 
111  29.27934736 -103.67589329   3 102 
111  29.27729918 -103.68701922   3 102 
111  29.27783816 -103.68714962 
111  29.27780984 -103.68730346   3 102 
111  29.27727086 -103.68717306   3 102 
112  29.27522267 -103.69829898  29.27519435 -103.69845282   3 102 
111  29.27535539 -103.69849178   3 102 
112  29.27557010 -103.69854373  29.27573113 -103.69858269   3 102 
113  29.27576165 -103.69842938 
120 Default hold RWY 07 (near)
111  29.27543442 -103.69867160   4 
115  29.27546274 -103.69851776 
120 Default hold RWY 07 (centre)
111  29.27753925 -103.68723799   4 
115  29.27756757 -103.68708415 
120 Default hold RWY 07 (far)
111  29.27964407 -103.67580439   4 
115  29.27967239 -103.67565054 
18   29.27889533 -103.68748578 1 BCN
19   29.27618294 -103.69917408 1 WS
19   29.27972699 -103.67534197 1 WS
