1     4900 0 1 8V8  Otter Creek Ranch
100   30.48   3   0 0.25 0 0 0 05   43.87319352 -107.34220488    0.00    0.00 1  0 0 0 23   43.87672536 -107.33405068    0.00    0.00 1  0 0 0
100   30.48   3   0 0.25 0 0 0 09   43.87535759 -107.34034307    0.00    0.00 1  0 0 0 27   43.87456129 -107.33591249    0.00    0.00 1  0 0 0
100   22.86   3   0 0.25 0 0 0 36   43.87349561 -107.33863409    0.00    0.00 1  0 0 0 18   43.87642327 -107.33762147    0.00    0.00 1  0 0 0
19   43.87582317 -107.34057422 1 WS
19   43.87337032 -107.33911664 1 WS
19   43.87340490 -107.34282502 1 WS
19   43.87654856 -107.33713889 1 WS
19   43.87651393 -107.33343053 1 WS
19   43.87409570 -107.33568138 1 WS
