1      967 0 1 8Y2  Buffalo Municipal
100   18.29   1   0 0.25 0 2 0 17   45.16261277 -093.84323972    0.00    0.00 2  0 0 0 35   45.15548194 -093.84337138    0.00    0.00 2  0 0 0
110   1 0.30 180.75 Default taxiway for RWY 17
111  45.16261381 -093.84335323   3 102 
111  45.16261920 -093.84393990   3 102 
111  45.15548837 -093.84407149   3 102 
111  45.15548298 -093.84348489 
112  45.15564754 -093.84348185  45.15556529 -093.84348656   3 102 
111  45.15556658 -093.84362658   3 102 
112  45.15556829 -093.84381327  45.15556958 -093.84395329   3 102 
111  45.15565186 -093.84395177   3 102 
111  45.15901157 -093.84388977   3 102 
111  45.15900725 -093.84341982 
111  45.15908954 -093.84341830   3 102 
111  45.15909386 -093.84388825   3 102 
112  45.16245357 -093.84382624  45.16253585 -093.84382472   3 102 
111  45.16253456 -093.84368469   3 102 
112  45.16253285 -093.84349797  45.16253156 -093.84335794   3 102 
113  45.16244925 -093.84335627 
120 Default hold RWY 17 (near)
111  45.16261598 -093.84358981   4 
115  45.16253370 -093.84359133 
120 Default hold RWY 17 (centre)
111  45.15909171 -093.84365487   4 
115  45.15900942 -093.84365639 
120 Default hold RWY 17 (far)
111  45.15556743 -093.84371993   4 
115  45.15548515 -093.84372145 
18   45.15904244 -093.84248868 1 BCN
19   45.16277412 -093.84288659 1 WS
19   45.15532059 -093.84372447 1 WS
