1      841 0 1 40R  Sybert Farm
100   30.48   3   0 0.25 0 0 0 10   30.78959794 -097.65699533    0.00    0.00 1  0 0 0 28   30.78855538 -097.65302579    0.00    0.00 1  0 0 0
100   30.48   3   0 0.25 0 0 0 02   30.78761025 -097.65588032    0.00    0.00 1  0 0 0 20   30.79054307 -097.65414080    0.00    0.00 1  0 0 0
100   30.48   3   0 0.25 0 0 0 05   30.78832969 -097.65634950    0.00    0.00 1  0 0 0 23   30.78982363 -097.65367162    0.00    0.00 1  0 0 0
19   30.78755264 -097.65645202 1 WS
19   30.78852536 -097.65687814 1 WS
19   30.79007160 -097.65716066 1 WS
19   30.79060067 -097.65356909 1 WS
19   30.78962795 -097.65314298 1 WS
19   30.78808171 -097.65286048 1 WS
