1     2455 0 1 43E  Moreton
100   42.67   4   0 0.25 0 1 0 13   34.02462078 -112.83041620    0.00    0.00 1  0 0 0 31   34.01432476 -112.82105548    0.00    0.00 1  0 0 0
100   21.95   4   0 0.25 0 0 0 17   34.02303376 -112.82551068    0.00    0.00 1  0 0 0 35   34.01591178 -112.82596100    0.00    0.00 1  0 0 0
100   19.81   4   0 0.25 0 0 0 09   34.02008981 -112.82896041    0.00    0.00 1  0 0 0 27   34.01885573 -112.82251127    0.00    0.00 1  0 0 0
19   34.02038916 -112.82909781 1 WS
19   34.02527414 -112.83014001 1 WS
19   34.02321548 -112.82514127 1 WS
19   34.01855637 -112.82237390 1 WS
19   34.01367142 -112.82133169 1 WS
19   34.01573006 -112.82633038 1 WS
