1      200 0 1 4B8  ROBERTSON FLD
100   22.86   1   0 0.25 0 2 0 02   41.68555600 -072.86694200    0.00    0.00 2  0 0 1 20   41.69500000 -072.86250300    0.00    0.00 2  0 0 1
110   1 0.30  19.34 Default taxiway for RWY 02
111  41.68552268 -072.86681488   3 102 
111  41.68535161 -072.86616222   3 102 
111  41.69479570 -072.86172375   3 102 
111  41.69496677 -072.86237651 
112  41.69477265 -072.86246774  41.69486897 -072.86241928   3 102 
111  41.69482809 -072.86226330   3 102 
112  41.69477359 -072.86205533  41.69473271 -072.86189935   3 102 
111  41.69463565 -072.86194497   3 102 
111  41.69015625 -072.86405015   3 102 
111  41.69029325 -072.86457289 
111  41.69019619 -072.86461850   3 102 
111  41.69005919 -072.86409576   3 102 
112  41.68557980 -072.86620095  41.68548274 -072.86624657   3 102 
111  41.68552362 -072.86640253   3 102 
112  41.68557812 -072.86661047  41.68561900 -072.86676643   3 102 
113  41.68571680 -072.86672365 
120 Default hold RWY 02 (near)
111  41.68545381 -072.86655211   4 
115  41.68555087 -072.86650650 
120 Default hold RWY 02 (centre)
111  41.69012732 -072.86435571   4 
115  41.69022438 -072.86431010 
120 Default hold RWY 02 (far)
111  41.69480084 -072.86215931   4 
115  41.69489790 -072.86211370 
18   41.69051488 -072.86563145 1 BCN
19   41.68546362 -072.86742139 1 WS
19   41.69509236 -072.86202354 1 WS
51 12280 CTAF/UNICOM
52 13450 BRADLEY CLNC DEL
