1     1953 0 1 4V8  Mount Snow
100   22.86   1   0 0.25 0 2 0 01   42.92356250 -072.86479861    0.00    0.00 2  0 0 0 19   42.93072638 -072.86649444    0.00    0.00 2  0 0 0
21   42.92528914 -072.86558685  5 350.17   3.00 01  VASI-3L
21   42.92899974 -072.86570608  5 170.17   3.00 19  VASI-3L
110   1 0.30 350.17 Default taxiway for RWY 01
111  42.92357968 -072.86466323   3 102 
111  42.92366790 -072.86396816   3 102 
111  42.93083179 -072.86566370   3 102 
111  42.93074357 -072.86635884 
112  42.93054087 -072.86631087  42.93064261 -072.86633183   3 102 
111  42.93066369 -072.86616572   3 102 
112  42.93069179 -072.86594424  42.93071287 -072.86577813   3 102 
111  42.93061152 -072.86575415   3 102 
111  42.92728295 -072.86496634   3 102 
111  42.92721230 -072.86552303 
111  42.92711095 -072.86549904   3 102 
111  42.92718160 -072.86494235   3 102 
112  42.92385303 -072.86415455  42.92375168 -072.86413056   3 102 
111  42.92373060 -072.86429665   3 102 
112  42.92370250 -072.86451810  42.92368142 -072.86468419   3 102 
113  42.92378238 -072.86471121 
120 Default hold RWY 01 (near)
111  42.92361520 -072.86438339   4 
115  42.92371655 -072.86440738 
120 Default hold RWY 01 (centre)
111  42.92714647 -072.86521918   4 
115  42.92724782 -072.86524317 
120 Default hold RWY 01 (far)
111  42.93067774 -072.86605498   4 
115  42.93077909 -072.86607897 
18   42.92702083 -072.86661328 1 BCN
19   42.92330734 -072.86516401 1 WS
19   42.93098155 -072.86612900 1 WS
