1   1470 0 1 0B7  Warren-Sugarbush
10  44.117375  -72.826977 04x  30.700  2575 0000.0000 0000.0000   30 121111 01 0 2 0.25 0 0300.0300 
10  44.117743  -72.826232 xxx  30.700  1450 0000.0000 0000.0000   75 111111 03 1 1 0.25 0 0300.0300 
10  44.114039  -72.828374 xxx 211.811   107 0000.0000 0000.0000  148 111111 13 0 0 0.25 0 
10  44.118146  -72.826190 xxx 209.732  3653 0000.0000 0000.0000  279 111111 12 0 0 0.25 0 
10  44.116214  -72.829017 xxx 208.389   678 0000.0000 0000.0000  325 111111 04 0 0 0.25 0 
10  44.117686  -72.826983 xxx 300.625    88 0000.0000 0000.0000   30 161161 01 0 0 0.25 0 
10  44.117681  -72.826991 xxx 305.203    19 0000.0000 0000.0000    4 161161 01 0 0 0.25 0 
14  44.116440  -72.829483 100 0 Tower
19  44.120466  -72.824734 1 Windsock
19  44.114536  -72.829621 1 Windsock
