1    164 1 0 EDDI Berlin Tempelhof
10  52.474968  013.402807 09L  85.83   6870 1381.1677    0.0000  141 331331 01 0 1 0.20 1 0350.0370
10  52.471051  013.404569 09R  87.65   6969  873.0846    0.0000  141 345345 01 0 3 0.20 1 0300.0350
10  52.481374  013.399251 H1x 180.65     43    0.0000    0.0000   43 121121 01 0 0 0.20 1 0000.0000
10  52.475436  013.390038 xxx  16.74    112    0.0000    0.0000   79 161161 02 0 0 0.25 0 0000.0000
10  52.477187  013.391273 xxx  23.90   1292    0.0000    0.0000   79 161161 02 0 0 0.25 0 0000.0000
10  52.476569  013.416132 xxx  93.24    328    0.0000    0.0000   79 161161 02 0 0 0.25 0 0000.0000
10  52.478309  013.409352 xxx 133.75    348    0.0000    0.0000   79 161161 02 0 0 0.25 0 0000.0000
10  52.479018  013.392694 xxx  34.17    210    0.0000    0.0000   79 111111 02 0 0 0.25 0 0000.0000
10  52.480037  013.400274 xxx 274.94   1759    0.0000    0.0000   79 161161 02 0 0 0.25 0 0000.0000
10  52.471712  013.389824 xxx  15.50    657    0.0000    0.0000   79 161161 02 0 0 0.25 0 0000.0000
10  52.474362  013.417713 xxx 349.80   1456    0.0000    0.0000   79 161161 02 0 0 0.25 0 0000.0000
10  52.471575  013.416982 xxx  64.80    269    0.0000    0.0000   79 161161 02 0 0 0.25 0 0000.0000
10  52.476113  013.415716 xxx 174.98    292    0.0000    0.0000  100 161161 02 0 0 0.25 0 0000.0000
10  52.479636  013.405686 xxx 105.94    177    0.0000    0.0000   79 161161 02 0 0 0.25 0 0000.0000
10  52.471472  013.391032 xxx 331.18    493    0.0000    0.0000   79 161161 02 0 0 0.25 0 0000.0000
10  52.481416  013.390488 xxx  48.11    571    0.0000    0.0000 1982 111111 02 0 0 0.25 0 0000.0000
10  52.481391  013.399830 xxx 283.24    673    0.0000    0.0000  754 111111 01 0 0 0.25 0 0000.0000
10  52.476423  013.416951 xxx 139.26    148    0.0000    0.0000   79 161161 02 0 0 0.25 0 0000.0000
10  52.472068  013.418084 xxx 208.51     82    0.0000    0.0000   79 161161 02 0 0 0.25 0 0000.0000
10  52.472236  013.418208 xxx 198.06     82    0.0000    0.0000   79 161161 02 0 0 0.25 0 0000.0000
10  52.471923  013.418634 xxx 156.98    325    0.0000    0.0000   79 161161 02 0 0 0.25 0 0000.0000
10  52.471669  013.418638 xxx  23.53     40    0.0000    0.0000   79 161161 02 0 0 0.25 0 0000.0000
10  52.471552  013.418503 xxx  39.78     79    0.0000    0.0000   79 111111 02 0 0 0.25 0 0000.0000
10  52.475981  013.417179 xxx  18.63     33    0.0000    0.0000   82 161161 02 0 0 0.25 0 0000.0000
10  52.475851  013.417070 xxx  34.88     66    0.0000    0.0000   82 161161 02 0 0 0.25 0 0000.0000
10  52.475718  013.416838 xxx  56.51     66    0.0000    0.0000   82 161161 02 0 0 0.25 0 0000.0000
10  52.475501  013.416994 xxx 292.53     33    0.0000    0.0000   82 161161 02 0 0 0.25 0 0000.0000
10  52.475430  013.417200 xxx 307.78     66    0.0000    0.0000   82 161161 02 0 0 0.25 0 0000.0000
10  52.476117  013.391689 xxx 349.32     82    0.0000    0.0000  302 111111 01 0 0 0.25 0 0000.0000
10  52.474909  013.389851 xxx   9.91    289    0.0000    0.0000   79 161161 02 0 0 0.25 0 0000.0000
10  52.475297  013.417373 xxx 330.01     66    0.0000    0.0000   79 161161 02 0 0 0.25 0 0000.0000
10  52.471046  013.391327 xxx   4.80     40    0.0000    0.0000   82 161161 02 0 0 0.25 0 0000.0000
10  52.470899  013.391226 xxx  35.08     66    0.0000    0.0000   82 161161 02 0 0 0.25 0 0000.0000
10  52.476354  013.389929 xxx 358.30    410    0.0000    0.0000  643 111111 01 0 0 0.25 0 0000.0000
10  52.476704  013.388539 xxx 357.94    135    0.0000    0.0000   66 111111 01 0 0 0.25 0 0000.0000
10  52.477243  013.391696 xxx 357.12    207    0.0000    0.0000  157 111111 01 0 0 0.25 0 0000.0000
10  52.470802  013.390132 xxx 118.13     59    0.0000    0.0000   82 111111 02 0 0 0.25 0 0000.0000
10  52.473355  013.389220 xxx  39.03     30    0.0000    0.0000  125 111111 02 0 0 0.25 0 0000.0000
10  52.478173  013.392071 xxx  14.15    207    0.0000    0.0000   59 111111 01 0 0 0.25 0 0000.0000
10  52.476234  013.390621 xxx 358.70    692    0.0000    0.0000  656 111111 01 0 0 0.25 0 0000.0000
10  52.473698  013.389730 xxx  28.28     30    0.0000    0.0000   85 111111 02 0 0 0.25 0 0000.0000
10  52.477134  013.388831 xxx 359.72    733    0.0000    0.0000 1243 111111 02 0 0 0.25 0 0000.0000
10  52.477778  013.391878 xxx   6.73    187    0.0000    0.0000   91 111111 01 0 0 0.25 0 0000.0000
10  52.478943  013.389720 xxx  20.29    924    0.0000    0.0000 1237 111111 02 0 0 0.25 0 0000.0000
10  52.470907  013.389892 xxx 134.38     66    0.0000    0.0000   82 161161 02 0 0 0.25 0 0000.0000
10  52.473326  013.389189 xxx  23.22     23    0.0000    0.0000  125 111111 02 0 0 0.25 0 0000.0000
10  52.471029  013.389727 xxx 156.01     81    0.0000    0.0000   82 161161 02 0 0 0.25 0 0000.0000
10  52.473449  013.389478 xxx  52.44    141    0.0000    0.0000  144 111111 02 0 0 0.25 0 0000.0000
10  52.470847  013.391925 xxx 104.23     46    0.0000    0.0000   82 161161 02 0 0 0.25 0 0000.0000
10  52.470909  013.391708 xxx 120.48     66    0.0000    0.0000   82 161161 02 0 0 0.25 0 0000.0000
10  52.471027  013.391467 xxx 136.98     66    0.0000    0.0000   82 161161 02 0 0 0.25 0 0000.0000
10  52.474520  013.390319 xxx 113.53     33    0.0000    0.0000   82 111111 02 0 0 0.25 0 0000.0000
10  52.474604  013.390110 xxx 130.31     73    0.0000    0.0000   82 161161 02 0 0 0.25 0 0000.0000
10  52.474762  013.389932 xxx 155.82     73    0.0000    0.0000   79 161161 02 0 0 0.25 0 0000.0000
10  52.472446  013.390278 xxx 339.89    309    0.0000    0.0000   79 161161 02 0 0 0.25 0 0000.0000
10  52.473251  013.389913 xxx 348.74    315    0.0000    0.0000   79 161161 02 0 0 0.25 0 0000.0000
10  52.473932  013.389758 xxx 357.64    204    0.0000    0.0000   79 161161 02 0 0 0.25 0 0000.0000
10  52.473042  013.389432 xxx   1.06    226    0.0000    0.0000  236 111111 02 0 0 0.25 0 0000.0000
10  52.478090  013.398170 xxx 349.19   1529    0.0000    0.0000   46 111111 01 0 0 0.25 0 0000.0000
10  52.479765  013.404751 xxx 100.61    256    0.0000    0.0000   79 161161 02 0 0 0.25 0 0000.0000
10  52.475742  013.415394 xxx  46.16    174    0.0000    0.0000  100 161161 02 0 0 0.25 0 0000.0000
10  52.473511  013.389478 xxx 355.91    535    0.0000    0.0000  472 111111 01 0 0 0.25 0 0000.0000
10  52.471116  013.391385 xxx 325.78    334    0.0000    0.0000  259 111111 01 0 0 0.25 0 0000.0000
10  52.472607  013.390457 xxx 345.47    178    0.0000    0.0000  115 111111 01 0 0 0.25 0 0000.0000
10  52.471071  013.389641 xxx 180.38    186    0.0000    0.0000   79 111111 02 0 0 0.25 0 0000.0000
10  52.470833  013.391055 xxx 241.94     66    0.0000    0.0000   82 111111 02 0 0 0.25 0 0000.0000
10  52.472593  013.389735 xxx 312.33    246    0.0000    0.0000  236 111111 02 0 0 0.25 0 0000.0000
10  52.472234  013.389958 xxx 330.23     76    0.0000    0.0000  125 111111 02 0 0 0.25 0 0000.0000
10  52.472082  013.390426 xxx 333.74    178    0.0000    0.0000  259 111111 01 0 0 0.25 0 0000.0000
10  52.472134  013.390107 xxx 350.30    122    0.0000    0.0000  164 111111 02 0 0 0.25 0 0000.0000
10  52.472243  013.390271 xxx 300.72    200    0.0000    0.0000  164 111111 02 0 0 0.25 0 0000.0000
10  52.472703  013.389171 xxx 327.32     23    0.0000    0.0000  125 111111 02 0 0 0.25 0 0000.0000
10  52.472730  013.389168 xxx 348.40     43    0.0000    0.0000  125 111111 02 0 0 0.25 0 0000.0000
10  52.474982  013.388919 xxx 342.04    660    0.0000    0.0000  472 111111 01 0 0 0.25 0 0000.0000
10  52.474691  013.390326 xxx  38.85    535    0.0000    0.0000  472 111111 01 0 0 0.25 0 0000.0000
10  52.474074  013.390442 xxx  22.14    207    0.0000    0.0000  203 111111 01 0 0 0.25 0 0000.0000
10  52.473506  013.390434 xxx   9.85    207    0.0000    0.0000   92 111111 01 0 0 0.25 0 0000.0000
10  52.475298  013.391522 xxx  22.14     82    0.0000    0.0000  302 111111 01 0 0 0.25 0 0000.0000
10  52.475165  013.391407 xxx  31.18     82    0.0000    0.0000  302 111111 01 0 0 0.25 0 0000.0000
10  52.475455  013.391620 xxx  15.49     82    0.0000    0.0000  302 111111 01 0 0 0.25 0 0000.0000
10  52.475621  013.391688 xxx  10.10     82    0.0000    0.0000  302 111111 01 0 0 0.25 0 0000.0000
10  52.475791  013.391725 xxx   3.77     82    0.0000    0.0000  302 111111 01 0 0 0.25 0 0000.0000
10  52.475947  013.391722 xxx 356.51     82    0.0000    0.0000  302 111111 01 0 0 0.25 0 0000.0000
10  52.480215  013.395894 xxx  85.09    223    0.0000    0.0000   79 111111 02 0 0 0.25 0 0000.0000
10  52.476302  013.391623 xxx 345.39     82    0.0000    0.0000  302 111111 01 0 0 0.25 0 0000.0000
10  52.475843  013.388111 xxx  26.27    266    0.0000    0.0000  203 111111 01 0 0 0.25 0 0000.0000
10  52.480652  013.395791 xxx 261.33     82    0.0000    0.0000  302 111111 01 0 0 0.25 0 0000.0000
10  52.476714  013.391703 xxx 348.18    207    0.0000    0.0000  203 111111 01 0 0 0.25 0 0000.0000
10  52.480678  013.396094 xxx 264.71     82    0.0000    0.0000  302 111111 01 0 0 0.25 0 0000.0000
10  52.480688  013.396353 xxx 267.54     82    0.0000    0.0000  302 111111 01 0 0 0.25 0 0000.0000
10  52.480694  013.396643 xxx 269.15     82    0.0000    0.0000  302 111111 01 0 0 0.25 0 0000.0000
10  52.480672  013.397300 xxx  96.22     82    0.0000    0.0000  302 111111 01 0 0 0.25 0 0000.0000
10  52.480690  013.396965 xxx 272.85     82    0.0000    0.0000  302 111111 01 0 0 0.25 0 0000.0000
10  52.481203  013.392927 xxx  59.70    420    0.0000    0.0000 1208 111111 02 0 0 0.25 0 0000.0000
10  52.480129  013.390860 xxx  36.72    447    0.0000    0.0000 1214 111111 02 0 0 0.25 0 0000.0000
10  52.480614  013.395483 xxx 257.14     82    0.0000    0.0000  302 111111 01 0 0 0.25 0 0000.0000
10  52.481610  013.394687 xxx 253.34    479    0.0000    0.0000 1188 111111 02 0 0 0.25 0 0000.0000
10  52.480413  013.400967 xxx  55.32     82    0.0000    0.0000  302 111111 01 0 0 0.25 0 0000.0000
10  52.480159  013.399700 xxx  89.75     82    0.0000    0.0000  302 111111 01 0 0 0.25 0 0000.0000
10  52.480167  013.399437 xxx  96.48     82    0.0000    0.0000  302 111111 01 0 0 0.25 0 0000.0000
10  52.481426  013.393774 xxx  66.63    479    0.0000    0.0000 1188 111111 02 0 0 0.25 0 0000.0000
10  52.480179  013.399947 xxx  81.49     82    0.0000    0.0000  302 111111 01 0 0 0.25 0 0000.0000
10  52.480216  013.400228 xxx  76.10     82    0.0000    0.0000  302 111111 01 0 0 0.25 0 0000.0000
10  52.480257  013.400500 xxx  69.77     82    0.0000    0.0000  302 111111 01 0 0 0.25 0 0000.0000
10  52.480326  013.400725 xxx  62.51     82    0.0000    0.0000  302 111111 01 0 0 0.25 0 0000.0000
10  52.480588  013.401369 xxx  51.39    167    0.0000    0.0000  302 111111 01 0 0 0.25 0 0000.0000
10  52.480981  013.402406 xxx 244.32     82    0.0000    0.0000  302 111111 01 0 0 0.25 0 0000.0000
10  52.481120  013.403639 xxx 271.04     82    0.0000    0.0000  302 111111 01 0 0 0.25 0 0000.0000
10  52.481110  013.404006 xxx  96.41    115    0.0000    0.0000  302 111111 01 0 0 0.25 0 0000.0000
10  52.481130  013.403485 xxx 266.10     82    0.0000    0.0000  302 111111 01 0 0 0.25 0 0000.0000
10  52.481111  013.403175 xxx 265.10     82    0.0000    0.0000  302 111111 01 0 0 0.25 0 0000.0000
10  52.481087  013.402904 xxx 258.77     82    0.0000    0.0000  302 111111 01 0 0 0.25 0 0000.0000
10  52.481046  013.402659 xxx 251.51     82    0.0000    0.0000  302 111111 01 0 0 0.25 0 0000.0000
10  52.480839  013.401969 xxx 239.15    181    0.0000    0.0000  302 111111 01 0 0 0.25 0 0000.0000
10  52.480643  013.397607 xxx 280.14     82    0.0000    0.0000  302 111111 01 0 0 0.25 0 0000.0000
10  52.480525  013.397864 xxx 283.51     82    0.0000    0.0000  361 111111 01 0 0 0.25 0 0000.0000
10  52.481746  013.396113 xxx 265.34    565    0.0000    0.0000 1188 111111 02 0 0 0.25 0 0000.0000
10  52.480417  013.398413 xxx 287.42    207    0.0000    0.0000  361 111111 01 0 0 0.25 0 0000.0000
10  52.480294  013.399093 xxx 284.37    161    0.0000    0.0000  361 111111 01 0 0 0.25 0 0000.0000
10  52.479272  013.407221 xxx 117.41    204    0.0000    0.0000   79 161161 02 0 0 0.25 0 0000.0000
10  52.478998  013.407996 xxx 122.73    203    0.0000    0.0000   79 161161 02 0 0 0.25 0 0000.0000
10  52.482109  013.397906 xxx 104.12    617    0.0000    0.0000  814 111111 02 0 0 0.25 0 0000.0000
10  52.481621  013.401420 xxx 293.35    738    0.0000    0.0000  512 111111 01 0 0 0.25 0 0000.0000
10  52.479485  013.406447 xxx 110.17    190    0.0000    0.0000   79 161161 02 0 0 0.25 0 0000.0000
10  52.481391  013.403396 xxx 300.49    371    0.0000    0.0000  341 111111 01 0 0 0.25 0 0000.0000
10  52.480995  013.404487 xxx 124.66    239    0.0000    0.0000  190 111111 01 0 0 0.25 0 0000.0000
10  52.479771  013.406618 xxx 131.11   1027    0.0000    0.0000   72 111111 01 0 0 0.25 0 0000.0000
10  52.480872  013.404521 xxx 104.80    181    0.0000    0.0000  171 111111 01 0 0 0.25 0 0000.0000
10  52.481408  013.403955 xxx 108.97    181    0.0000    0.0000  171 111111 01 0 0 0.25 0 0000.0000
10  52.483085  013.399715 xxx 109.30    276    0.0000    0.0000   16 111111 01 0 0 0.25 0 0000.0000
10  52.480752  013.405101 xxx 120.01    181    0.0000    0.0000  190 111111 01 0 0 0.25 0 0000.0000
10  52.481813  013.402807 xxx 114.52     62    0.0000    0.0000  171 111111 01 0 0 0.25 0 0000.0000
10  52.478749  013.408570 xxx 129.74    132    0.0000    0.0000   79 161161 02 0 0 0.25 0 0000.0000
10  52.477812  013.410229 xxx 131.11    203    0.0000    0.0000   79 161161 02 0 0 0.25 0 0000.0000
10  52.477480  013.410929 xxx 123.57    203    0.0000    0.0000   79 161161 02 0 0 0.25 0 0000.0000
10  52.477209  013.411691 xxx 116.24    203    0.0000    0.0000   79 161161 02 0 0 0.25 0 0000.0000
10  52.477001  013.412499 xxx 109.87    203    0.0000    0.0000   79 161161 02 0 0 0.25 0 0000.0000
10  52.476832  013.413350 xxx 104.45    210    0.0000    0.0000   79 161161 02 0 0 0.25 0 0000.0000
10  52.476710  013.414234 xxx 100.80    203    0.0000    0.0000   79 161161 02 0 0 0.25 0 0000.0000
10  52.476629  013.415046 xxx  97.53    171    0.0000    0.0000   79 161161 02 0 0 0.25 0 0000.0000
10  52.471790  013.417654 xxx 236.15     82    0.0000    0.0000   79 161161 02 0 0 0.25 0 0000.0000
10  52.471911  013.417910 xxx 224.58     82    0.0000    0.0000   79 161161 02 0 0 0.25 0 0000.0000
10  52.471520  013.418400 xxx 236.19     82    0.0000    0.0000   79 161161 02 0 0 0.25 0 0000.0000
10  52.471771  013.418683 xxx   7.98     33    0.0000    0.0000   78 161161 02 0 0 0.25 0 0000.0000
10  52.471622  013.418896 xxx 145.18    109    0.0000    0.0000   79 161161 02 0 0 0.25 0 0000.0000
10  52.472482  013.418288 xxx 164.46    128    0.0000    0.0000   79 161161 02 0 0 0.25 0 0000.0000
10  52.472369  013.418272 xxx   4.88     33    0.0000    0.0000   79 161161 02 0 0 0.25 0 0000.0000
10  52.480953  013.392259 xxx  54.73    447    0.0000    0.0000 1214 111111 02 0 0 0.25 0 0000.0000
10  52.480293  013.391086 xxx  41.74    447    0.0000    0.0000 1214 111111 02 0 0 0.25 0 0000.0000
10  52.473639  013.389649 xxx  38.25     30    0.0000    0.0000   85 111111 02 0 0 0.25 0 0000.0000
10  52.472006  013.389976 xxx  50.80     30    0.0000    0.0000   85 111111 02 0 0 0.25 0 0000.0000
10  52.474605  013.415935 xxx 175.39    574    0.0000    0.0000   95 111111 01 0 0 0.25 0 0000.0000
10  52.471978  013.416757 xxx 166.80    272    0.0000    0.0000   95 111111 01 0 0 0.25 0 0000.0000
10  52.474134  013.415764 xxx 174.57    121    0.0000    0.0000  100 111111 01 0 0 0.25 0 0000.0000
10  52.474308  013.415826 xxx 212.30    102    0.0000    0.0000  100 111111 01 0 0 0.25 0 0000.0000
10  52.473980  013.415874 xxx 310.74    102    0.0000    0.0000  100 111111 01 0 0 0.25 0 0000.0000
10  52.471544  013.416680 xxx 217.24    102    0.0000    0.0000  100 111111 01 0 0 0.25 0 0000.0000
10  52.470793  013.416962 xxx 177.68    298    0.0000    0.0000  100 111111 01 0 0 0.25 0 0000.0000
10  52.471184  013.416693 xxx 207.07     75    0.0000    0.0000  100 111111 01 0 0 0.25 0 0000.0000
10  52.469520  013.414673 xxx 237.83   1276    0.0000    0.0000   67 111111 01 0 0 0.25 0 0000.0000
10  52.470457  013.416847 xxx 200.33     75    0.0000    0.0000   54 111111 01 0 0 0.25 0 0000.0000
10  52.470315  013.392324 xxx 322.26    433    0.0000    0.0000  256 111111 01 0 0 0.25 0 0000.0000
10  52.469546  013.393343 xxx 319.13    308    0.0000    0.0000  256 111111 01 0 0 0.25 0 0000.0000
10  52.468977  013.394229 xxx 314.26    308    0.0000    0.0000  256 111111 01 0 0 0.25 0 0000.0000
10  52.468454  013.395199 xxx 308.96    308    0.0000    0.0000  259 111111 01 0 0 0.25 0 0000.0000
10  52.467966  013.396255 xxx 305.30    308    0.0000    0.0000  259 111111 01 0 0 0.25 0 0000.0000
10  52.467520  013.397343 xxx 300.00    308    0.0000    0.0000  246 111111 01 0 0 0.25 0 0000.0000
10  52.467174  013.398425 xxx 294.90    275    0.0000    0.0000  246 111111 01 0 0 0.25 0 0000.0000
10  52.466909  013.399534 xxx 288.25    295    0.0000    0.0000  246 111111 01 0 0 0.25 0 0000.0000
10  52.466692  013.400780 xxx 284.02    308    0.0000    0.0000  246 111111 01 0 0 0.25 0 0000.0000
10  52.466511  013.402091 xxx 281.19    308    0.0000    0.0000  246 111111 01 0 0 0.25 0 0000.0000
10  52.466395  013.403396 xxx 275.56    301    0.0000    0.0000  249 111111 01 0 0 0.25 0 0000.0000
10  52.466353  013.404701 xxx 270.20    308    0.0000    0.0000  246 111111 01 0 0 0.25 0 0000.0000
10  52.466402  013.405974 xxx 261.84    295    0.0000    0.0000  246 111111 01 0 0 0.25 0 0000.0000
10  52.466548  013.407121 xxx 254.05    262    0.0000    0.0000  246 111111 01 0 0 0.25 0 0000.0000
10  52.466793  013.408244 xxx 247.03    301    0.0000    0.0000  246 111111 01 0 0 0.25 0 0000.0000
10  52.467154  013.409338 xxx 236.48    301    0.0000    0.0000  246 111111 01 0 0 0.25 0 0000.0000
10  52.467629  013.410346 xxx 229.64    301    0.0000    0.0000  253 111111 01 0 0 0.25 0 0000.0000
10  52.468172  013.411322 xxx 226.02    308    0.0000    0.0000  253 111111 01 0 0 0.25 0 0000.0000
10  52.468596  013.412011 xxx 222.68    157    0.0000    0.0000  253 111111 01 0 0 0.25 0 0000.0000
10  52.468743  013.412172 xxx 215.51     72    0.0000    0.0000  253 111111 01 0 0 0.25 0 0000.0000
10  52.468564  013.412654 xxx 223.60     52    0.0000    0.0000   30 111111 01 0 0 0.25 0 0000.0000
10  52.468978  013.396937 xxx 334.02     82    0.0000    0.0000  302 111111 01 0 0 0.25 0 0000.0000
10  52.468289  013.396936 xxx  22.94     82    0.0000    0.0000  302 111111 01 0 0 0.25 0 0000.0000
10  52.468143  013.396812 xxx  31.28     82    0.0000    0.0000  302 111111 01 0 0 0.25 0 0000.0000
10  52.468437  013.397023 xxx  14.10     82    0.0000    0.0000  302 111111 01 0 0 0.25 0 0000.0000
10  52.468575  013.397063 xxx   3.42     75    0.0000    0.0000  302 111111 01 0 0 0.25 0 0000.0000
10  52.468711  013.397053 xxx 353.65     82    0.0000    0.0000  302 111111 01 0 0 0.25 0 0000.0000
10  52.468860  013.397006 xxx 345.44     75    0.0000    0.0000  302 111111 01 0 0 0.25 0 0000.0000
10  52.469097  013.396816 xxx 323.62     82    0.0000    0.0000  302 111111 01 0 0 0.25 0 0000.0000
10  52.469347  013.394883 xxx 234.02     75    0.0000    0.0000  302 111111 01 0 0 0.25 0 0000.0000
10  52.469465  013.396004 xxx 284.06     82    0.0000    0.0000  302 111111 01 0 0 0.25 0 0000.0000
10  52.469419  013.396230 xxx 292.58     69    0.0000    0.0000  302 111111 01 0 0 0.25 0 0000.0000
10  52.469494  013.395740 xxx 275.41     82    0.0000    0.0000  302 111111 01 0 0 0.25 0 0000.0000
10  52.469491  013.395520 xxx 263.50     82    0.0000    0.0000  302 111111 01 0 0 0.25 0 0000.0000
10  52.469464  013.395289 xxx 254.05     75    0.0000    0.0000  302 111111 01 0 0 0.25 0 0000.0000
10  52.469413  013.395069 xxx 244.98     75    0.0000    0.0000  302 111111 01 0 0 0.25 0 0000.0000
10  52.469264  013.394726 xxx 224.42     75    0.0000    0.0000  302 111111 01 0 0 0.25 0 0000.0000
10  52.468770  013.409767 xxx 236.82     75    0.0000    0.0000  302 111111 01 0 0 0.25 0 0000.0000
10  52.468857  013.410903 xxx 285.54     75    0.0000    0.0000  302 111111 01 0 0 0.25 0 0000.0000
10  52.468809  013.411101 xxx 297.88     82    0.0000    0.0000  302 111111 01 0 0 0.25 0 0000.0000
10  52.468887  013.410653 xxx 276.56     82    0.0000    0.0000  302 111111 01 0 0 0.25 0 0000.0000
10  52.468893  013.410409 xxx 267.57     75    0.0000    0.0000  302 111111 01 0 0 0.25 0 0000.0000
10  52.468874  013.410199 xxx 256.85     82    0.0000    0.0000  302 111111 01 0 0 0.25 0 0000.0000
10  52.468828  013.409958 xxx 248.66     82    0.0000    0.0000  302 111111 01 0 0 0.25 0 0000.0000
10  52.468673  013.409560 xxx 228.43     82    0.0000    0.0000  302 111111 01 0 0 0.25 0 0000.0000
10  52.467677  013.409287 xxx 150.02     75    0.0000    0.0000  302 111111 01 0 0 0.25 0 0000.0000
10  52.468357  013.409216 xxx 199.14     82    0.0000    0.0000  302 111111 01 0 0 0.25 0 0000.0000
10  52.468473  013.409305 xxx 210.15     75    0.0000    0.0000  302 111111 01 0 0 0.25 0 0000.0000
10  52.468208  013.409152 xxx 189.91     82    0.0000    0.0000  302 111111 01 0 0 0.25 0 0000.0000
10  52.468065  013.409129 xxx 180.10     75    0.0000    0.0000  302 111111 01 0 0 0.25 0 0000.0000
10  52.467920  013.409147 xxx 170.95     75    0.0000    0.0000  302 111111 01 0 0 0.25 0 0000.0000
10  52.467792  013.409199 xxx 160.38     75    0.0000    0.0000  302 111111 01 0 0 0.25 0 0000.0000
10  52.467523  013.409444 xxx 144.14     82    0.0000    0.0000  302 111111 01 0 0 0.25 0 0000.0000
10  52.468585  013.409427 xxx 218.24     69    0.0000    0.0000  302 111111 01 0 0 0.25 0 0000.0000
10  52.468725  013.411322 xxx 125.70     82    0.0000    0.0000  302 111111 01 0 0 0.25 0 0000.0000
10  52.469218  013.396664 xxx 319.92     82    0.0000    0.0000  302 111111 01 0 0 0.25 0 0000.0000
10  52.469314  013.396507 xxx 308.62     75    0.0000    0.0000  302 111111 01 0 0 0.25 0 0000.0000
10  52.469376  013.396371 xxx 302.51     49    0.0000    0.0000  302 111111 01 0 0 0.25 0 0000.0000
10  52.468739  013.395867 xxx 308.96    413    0.0000    0.0000  259 111111 01 0 0 0.25 0 0000.0000
10  52.468159  013.410234 xxx 221.57    381    0.0000    0.0000  259 111111 01 0 0 0.25 0 0000.0000
10  52.467342  013.408844 xxx   0.28     52    0.0000    0.0000   30 111111 01 0 0 0.25 0 0000.0000
10  52.469504  013.394154 xxx  88.38     52    0.0000    0.0000   30 111111 01 0 0 0.25 0 0000.0000
10  52.467894  013.397332 xxx 357.84     52    0.0000    0.0000   30 111111 01 0 0 0.25 0 0000.0000
10  52.469341  013.392364 xxx  12.96     39    0.0000    0.0000   30 111111 01 0 0 0.25 0 0000.0000
10  52.469431  013.392468 xxx  52.77    118    0.0000    0.0000   23 111111 01 0 0 0.25 0 0000.0000
10  52.469383  013.392211 xxx 138.99    282    0.0000    0.0000   16 111111 01 0 0 0.25 0 0000.0000
10  52.468918  013.392896 xxx 135.91    184    0.0000    0.0000   16 111111 01 0 0 0.25 0 0000.0000
10  52.468583  013.393486 xxx 130.57    184    0.0000    0.0000   16 111111 01 0 0 0.25 0 0000.0000
10  52.468276  013.394121 xxx 126.26    184    0.0000    0.0000   16 111111 01 0 0 0.25 0 0000.0000
10  52.469386  013.392293 xxx  88.85     33    0.0000    0.0000   23 111111 01 0 0 0.25 0 0000.0000
10  52.468001  013.394775 xxx 122.89    184    0.0000    0.0000   16 111111 01 0 0 0.25 0 0000.0000
10  52.467639  013.395672 xxx 123.87    308    0.0000    0.0000   16 111111 01 0 0 0.25 0 0000.0000
10  52.467274  013.396595 xxx 121.08    184    0.0000    0.0000   16 111111 01 0 0 0.25 0 0000.0000
10  52.466986  013.397422 xxx 118.57    282    0.0000    0.0000   16 111111 01 0 0 0.25 0 0000.0000
10  52.466662  013.398484 xxx 114.60    256    0.0000    0.0000   16 111111 01 0 0 0.25 0 0000.0000
10  52.466371  013.399554 xxx 113.49    282    0.0000    0.0000   16 111111 01 0 0 0.25 0 0000.0000
10  52.466147  013.400448 xxx 110.44    157    0.0000    0.0000   16 111111 01 0 0 0.25 0 0000.0000
10  52.466006  013.401141 xxx 106.16    171    0.0000    0.0000   16 111111 01 0 0 0.25 0 0000.0000
10  52.465893  013.401860 xxx 102.48    171    0.0000    0.0000   16 111111 01 0 0 0.25 0 0000.0000
10  52.466066  013.401822 xxx  12.92    125    0.0000    0.0000   10 111111 01 0 0 0.25 0 0000.0000
10  52.467106  013.401874 xxx 359.53    210    0.0000    0.0000   10 111111 01 0 0 0.25 0 0000.0000
10  52.467335  013.401942 xxx 358.14     46    0.0000    0.0000   43 111111 01 0 0 0.25 0 0000.0000
10  52.465876  013.404825 xxx 358.15    125    0.0000    0.0000   16 111111 01 0 0 0.25 0 0000.0000
10  52.465806  013.402644 xxx  98.46    184    0.0000    0.0000   16 111111 01 0 0 0.25 0 0000.0000
10  52.465746  013.403425 xxx  95.57    184    0.0000    0.0000   16 111111 01 0 0 0.25 0 0000.0000
10  52.465718  013.404245 xxx  90.97    184    0.0000    0.0000   16 111111 01 0 0 0.25 0 0000.0000
10  52.465725  013.405043 xxx  87.95    177    0.0000    0.0000   16 111111 01 0 0 0.25 0 0000.0000
10  52.465759  013.405836 xxx  83.42    184    0.0000    0.0000   16 111111 01 0 0 0.25 0 0000.0000
10  52.465821  013.406507 xxx  78.88    151    0.0000    0.0000   16 111111 01 0 0 0.25 0 0000.0000
10  52.465922  013.407224 xxx  75.57    184    0.0000    0.0000   16 111111 01 0 0 0.25 0 0000.0000
10  52.466062  013.408008 xxx  72.15    184    0.0000    0.0000   16 111111 01 0 0 0.25 0 0000.0000
10  52.466232  013.408763 xxx  67.09    184    0.0000    0.0000   16 111111 01 0 0 0.25 0 0000.0000
10  52.466449  013.409502 xxx  61.77    184    0.0000    0.0000   16 111111 01 0 0 0.25 0 0000.0000
10  52.466741  013.409762 xxx 128.65    131    0.0000    0.0000   16 111111 01 0 0 0.25 0 0000.0000
10  52.466702  013.410197 xxx  56.01    184    0.0000    0.0000   16 111111 01 0 0 0.25 0 0000.0000
10  52.466993  013.410850 xxx  51.95    184    0.0000    0.0000   16 111111 01 0 0 0.25 0 0000.0000
10  52.467303  013.411465 xxx  48.57    184    0.0000    0.0000   16 111111 01 0 0 0.25 0 0000.0000
10  52.467636  013.412033 xxx  43.54    184    0.0000    0.0000   16 111111 01 0 0 0.25 0 0000.0000
10  52.467920  013.412462 xxx  42.03    112    0.0000    0.0000   16 111111 01 0 0 0.25 0 0000.0000
10  52.468088  013.412728 xxx  48.23     66    0.0000    0.0000   16 111111 01 0 0 0.25 0 0000.0000
10  52.468182  013.412897 xxx  49.44     39    0.0000    0.0000   16 111111 01 0 0 0.25 0 0000.0000
10  52.468247  013.413041 xxx  57.49     46    0.0000    0.0000   16 111111 01 0 0 0.25 0 0000.0000
10  52.468735  013.414558 xxx  62.47    729    0.0000    0.0000   16 111111 01 0 0 0.25 0 0000.0000
10  52.468063  013.416256 xxx 171.93    834    0.0000    0.0000   16 111111 01 0 0 0.25 0 0000.0000
10  52.467749  013.414839 xxx 173.01    735    0.0000    0.0000   10 111111 01 0 0 0.25 0 0000.0000
10  52.469439  013.411598 xxx 200.51    374    0.0000    0.0000   10 111111 01 0 0 0.25 0 0000.0000
10  52.466531  013.410420 xxx 121.87    177    0.0000    0.0000   16 111111 01 0 0 0.25 0 0000.0000
10  52.466726  013.410727 xxx 144.49    117    0.0000    0.0000   10 111111 01 0 0 0.25 0 0000.0000
10  52.466568  013.410879 xxx 356.48     19    0.0000    0.0000   10 111111 01 0 0 0.25 0 0000.0000
10  52.466526  013.410879 xxx  13.06     19    0.0000    0.0000   10 111111 01 0 0 0.25 0 0000.0000
10  52.466490  013.410853 xxx  35.48     19    0.0000    0.0000   10 111111 01 0 0 0.25 0 0000.0000
10  52.466448  013.410759 xxx  56.48     39    0.0000    0.0000   10 111111 01 0 0 0.25 0 0000.0000
10  52.466793  013.415014 xxx  20.78     19    0.0000    0.0000   10 111111 01 0 0 0.25 0 0000.0000
10  52.466754  013.414988 xxx  39.46     19    0.0000    0.0000   10 111111 01 0 0 0.25 0 0000.0000
10  52.466728  013.414945 xxx  59.78     19    0.0000    0.0000   10 111111 01 0 0 0.25 0 0000.0000
10  52.466763  013.415152 xxx 103.66     19    0.0000    0.0000   10 111111 01 0 0 0.25 0 0000.0000
10  52.466776  013.415088 xxx 129.46     19    0.0000    0.0000   10 111111 01 0 0 0.25 0 0000.0000
10  52.466809  013.415046 xxx 149.78     19    0.0000    0.0000   10 111111 01 0 0 0.25 0 0000.0000
10  52.466385  013.410826 xxx 113.30     46    0.0000    0.0000   16 111111 01 0 0 0.25 0 0000.0000
10  52.466350  013.410998 xxx 102.62     46    0.0000    0.0000   16 111111 01 0 0 0.25 0 0000.0000
10  52.466330  013.411226 xxx  93.23     58    0.0000    0.0000   16 111111 01 0 0 0.25 0 0000.0000
10  52.466327  013.411582 xxx  89.66    105    0.0000    0.0000   16 111111 01 0 0 0.25 0 0000.0000
10  52.466330  013.411911 xxx  85.79     52    0.0000    0.0000   16 111111 01 0 0 0.25 0 0000.0000
10  52.466434  013.412940 xxx  79.90    426    0.0000    0.0000   16 111111 01 0 0 0.25 0 0000.0000
10  52.466786  013.415709 xxx  83.26    315    0.0000    0.0000   16 111111 01 0 0 0.25 0 0000.0000
10  52.466638  013.414470 xxx  74.90    282    0.0000    0.0000   16 111111 01 0 0 0.25 0 0000.0000
10  52.466857  013.416443 xxx  55.04     26    0.0000    0.0000   16 111111 01 0 0 0.25 0 0000.0000
10  52.466880  013.416490 xxx  27.74     12    0.0000    0.0000   16 111111 01 0 0 0.25 0 0000.0000
10  52.466919  013.416510 xxx   9.74     19    0.0000    0.0000   16 111111 01 0 0 0.25 0 0000.0000
10  52.467537  013.416278 xxx 352.08    177    0.0000    0.0000   49 111111 04 0 0 0.25 0 0000.0000
10  52.469419  013.400962 xxx  70.94   1614    0.0000    0.0000   10 111111 01 0 0 0.25 0 0000.0000
10  52.470217  013.404396 xxx   2.21    512    0.0000    0.0000   16 111111 01 0 0 0.25 0 0000.0000
10  52.470018  013.404644 xxx 132.07    170    0.0000    0.0000   10 111111 01 0 0 0.25 0 0000.0000
10  52.469866  013.405155 xxx  90.07    111    0.0000    0.0000   10 111111 01 0 0 0.25 0 0000.0000
10  52.470021  013.405201 xxx 179.17    118    0.0000    0.0000   69 111111 01 0 0 0.25 0 0000.0000
10  52.470412  013.417350 xxx  91.37    105    0.0000    0.0000   16 111111 01 0 0 0.25 0 0000.0000
10  52.469252  013.416033 xxx  14.07     72    0.0000    0.0000   16 111111 01 0 0 0.25 0 0000.0000
10  52.469413  013.416119 xxx  21.34     52    0.0000    0.0000   16 111111 01 0 0 0.25 0 0000.0000
10  52.469521  013.416201 xxx  31.35     46    0.0000    0.0000   16 111111 01 0 0 0.25 0 0000.0000
10  52.469902  013.416719 xxx  40.92    321    0.0000    0.0000   16 111111 01 0 0 0.25 0 0000.0000
10  52.470253  013.417219 xxx  48.65     33    0.0000    0.0000   16 111111 01 0 0 0.25 0 0000.0000
10  52.470324  013.417360 xxx  54.65     46    0.0000    0.0000   16 111111 01 0 0 0.25 0 0000.0000
10  52.470392  013.417541 xxx  61.25     46    0.0000    0.0000   16 111111 01 0 0 0.25 0 0000.0000
10  52.470438  013.417705 xxx  70.25     46    0.0000    0.0000   16 111111 01 0 0 0.25 0 0000.0000
10  52.470623  013.418814 xxx  75.02    492    0.0000    0.0000   16 111111 01 0 0 0.25 0 0000.0000
10  52.470823  013.419950 xxx  60.25     46    0.0000    0.0000   16 111111 01 0 0 0.25 0 0000.0000
10  52.470894  013.420104 xxx  46.25     46    0.0000    0.0000   16 111111 01 0 0 0.25 0 0000.0000
10  52.470973  013.420217 xxx  35.95     39    0.0000    0.0000   16 111111 01 0 0 0.25 0 0000.0000
10  52.471037  013.420284 xxx  26.85     39    0.0000    0.0000   16 111111 01 0 0 0.25 0 0000.0000
10  52.471113  013.420323 xxx   8.85     26    0.0000    0.0000   16 111111 01 0 0 0.25 0 0000.0000
10  52.471174  013.420330 xxx 356.85     26    0.0000    0.0000   16 111111 01 0 0 0.25 0 0000.0000
10  52.471483  013.420248 xxx 350.03    220    0.0000    0.0000   16 111111 01 0 0 0.25 0 0000.0000
10  52.471837  013.419877 xxx 293.03    144    0.0000    0.0000   16 111111 01 0 0 0.25 0 0000.0000
10  52.471908  013.419974 xxx 306.60     65    0.0000    0.0000   16 111111 01 0 0 0.25 0 0000.0000
10  52.471811  013.420128 xxx 329.90     39    0.0000    0.0000   16 111111 01 0 0 0.25 0 0000.0000
10  52.474285  013.418752 xxx 350.23   1654    0.0000    0.0000   16 111111 01 0 0 0.25 0 0000.0000
10  52.474324  013.419034 xxx 350.01   1660    0.0000    0.0000   16 111111 01 0 0 0.25 0 0000.0000
10  52.472025  013.419411 xxx 330.10     33    0.0000    0.0000   16 111111 01 0 0 0.25 0 0000.0000
10  52.471966  013.419481 xxx 314.80     26    0.0000    0.0000   16 111111 01 0 0 0.25 0 0000.0000
10  52.471930  013.419550 xxx 303.32     19    0.0000    0.0000   16 111111 01 0 0 0.25 0 0000.0000
10  52.472069  013.419688 xxx 338.90     26    0.0000    0.0000   16 111111 01 0 0 0.25 0 0000.0000
10  52.472015  013.419746 xxx 317.10     26    0.0000    0.0000   16 111111 01 0 0 0.25 0 0000.0000
10  52.471976  013.419820 xxx 307.85     19    0.0000    0.0000   16 111111 01 0 0 0.25 0 0000.0000
10  52.473304  013.416303 xxx  77.84   1188    0.0000    0.0000   10 111111 01 0 0 0.25 0 0000.0000
10  52.473796  013.418837 xxx 350.43    141    0.0000    0.0000   21 111111 01 0 0 0.25 0 0000.0000
10  52.472490  013.407359 xxx  87.68   2145    0.0000    0.0000   10 111111 01 0 0 0.25 0 0000.0000
10  52.471835  013.403562 xxx 316.40    649    0.0000    0.0000   10 111111 01 0 0 0.25 0 0000.0000
10  52.472753  013.405489 xxx 357.50    229    0.0000    0.0000   10 111111 01 0 0 0.25 0 0000.0000
10  52.472320  013.400567 xxx  88.10    977    0.0000    0.0000   10 111111 01 0 0 0.25 0 0000.0000
10  52.472754  013.393652 xxx  89.95   1430    0.0000    0.0000   10 111111 01 0 0 0.25 0 0000.0000
10  52.473554  013.401360 xxx 325.91   1043    0.0000    0.0000   10 111111 01 0 0 0.25 0 0000.0000
10  52.472517  013.397644 xxx 304.50    236    0.0000    0.0000   10 111111 01 0 0 0.25 0 0000.0000
10  52.472773  013.412940 xxx 247.70    249    0.0000    0.0000   10 111111 01 0 0 0.25 0 0000.0000
10  52.472936  013.413605 xxx 249.48     79    0.0000    0.0000   10 111111 01 0 0 0.25 0 0000.0000
10  52.472610  013.412095 xxx 264.08     79    0.0000    0.0000   10 111111 01 0 0 0.25 0 0000.0000
10  52.472632  013.412344 xxx 255.08     33    0.0000    0.0000   10 111111 01 0 0 0.25 0 0000.0000
10  52.472715  013.397156 xxx 297.97     39    0.0000    0.0000   10 111111 01 0 0 0.25 0 0000.0000
10  52.472757  013.396937 xxx 276.97     39    0.0000    0.0000   10 111111 01 0 0 0.25 0 0000.0000
10  52.472745  013.397050 xxx 285.97     19    0.0000    0.0000   10 111111 01 0 0 0.25 0 0000.0000
10  52.472305  013.398165 xxx 114.97     39    0.0000    0.0000   10 111111 01 0 0 0.25 0 0000.0000
10  52.472269  013.398389 xxx  93.97     46    0.0000    0.0000   10 111111 01 0 0 0.25 0 0000.0000
10  52.472277  013.398277 xxx 102.97     19    0.0000    0.0000   10 111111 01 0 0 0.25 0 0000.0000
10  52.470082  013.390536 xxx 114.79    479    0.0000    0.0000   16 111111 01 0 0 0.25 0 0000.0000
10  52.469776  013.391579 xxx 124.59     46    0.0000    0.0000   16 111111 01 0 0 0.25 0 0000.0000
10  52.469707  013.391726 xxx 127.97     46    0.0000    0.0000   16 111111 01 0 0 0.25 0 0000.0000
10  52.470391  013.389294 xxx  99.79     46    0.0000    0.0000   16 111111 01 0 0 0.25 0 0000.0000
10  52.470369  013.389478 xxx 103.77     39    0.0000    0.0000   16 111111 01 0 0 0.25 0 0000.0000
10  52.470412  013.389110 xxx 282.79     39    0.0000    0.0000   16 111111 01 0 0 0.25 0 0000.0000
10  52.470450  013.388953 xxx 299.07     46    0.0000    0.0000   16 111111 01 0 0 0.25 0 0000.0000
10  52.470745  013.388069 xxx 118.41    433    0.0000    0.0000   16 111111 01 0 0 0.25 0 0000.0000
10  52.471816  013.387173 xxx 270.14    289    0.0000    0.0000   10 111111 01 0 0 0.25 0 0000.0000
10  52.472443  013.388204 xxx 210.69    341    0.0000    0.0000   10 111111 01 0 0 0.25 0 0000.0000
10  52.471958  013.387728 xxx   0.58    126    0.0000    0.0000   56 111111 01 0 0 0.25 0 0000.0000
10  52.472565  013.386535 xxx 179.43    735    0.0000    0.0000   16 111111 01 0 0 0.25 0 0000.0000
10  52.471050  013.387177 xxx 307.14     33    0.0000    0.0000   16 111111 01 0 0 0.25 0 0000.0000
10  52.471117  013.387055 xxx 315.67     46    0.0000    0.0000   16 111111 01 0 0 0.25 0 0000.0000
10  52.471198  013.386920 xxx 315.69     39    0.0000    0.0000   16 111111 01 0 0 0.25 0 0000.0000
10  52.471281  013.386811 xxx 325.05     46    0.0000    0.0000   16 111111 01 0 0 0.25 0 0000.0000
10  52.471383  013.386709 xxx 330.59     46    0.0000    0.0000   16 111111 01 0 0 0.25 0 0000.0000
10  52.471534  013.386614 xxx 343.05     79    0.0000    0.0000   16 111111 01 0 0 0.25 0 0000.0000
10  52.471689  013.390776 xxx 329.02    184    0.0000    0.0000  259 111111 01 0 0 0.25 0 0000.0000
10  52.471570  013.386338 xxx 270.14     98    0.0000    0.0000   23 111111 01 0 0 0.25 0 0000.0000
10  52.475092  013.386344 xxx 180.59    774    0.0000    0.0000   16 111111 01 0 0 0.25 0 0000.0000
10  52.473732  013.386440 xxx 161.69     46    0.0000    0.0000   16 111111 01 0 0 0.25 0 0000.0000
10  52.473612  013.386494 xxx 166.27     46    0.0000    0.0000   16 111111 01 0 0 0.25 0 0000.0000
10  52.473847  013.386379 xxx 345.29     46    0.0000    0.0000   16 111111 01 0 0 0.25 0 0000.0000
10  52.473972  013.386339 xxx 352.17     46    0.0000    0.0000   16 111111 01 0 0 0.25 0 0000.0000
10  52.478392  013.395665 xxx  57.85   1096    0.0000    0.0000   13 111111 01 0 0 0.25 0 0000.0000
10  52.477419  013.392500 xxx  84.85    216    0.0000    0.0000   13 111111 01 0 0 0.25 0 0000.0000
10  52.477471  013.393106 xxx  73.95     59    0.0000    0.0000   13 111111 01 0 0 0.25 0 0000.0000
10  52.477570  013.393510 xxx  63.85     52    0.0000    0.0000   13 111111 01 0 0 0.25 0 0000.0000
10  52.477518  013.393320 xxx  67.29     52    0.0000    0.0000   13 111111 01 0 0 0.25 0 0000.0000
10  52.475521  013.399345 xxx 328.41    453    0.0000    0.0000   16 111111 01 0 0 0.25 0 0000.0000
10  52.478454  013.400301 xxx 257.55    991    0.0000    0.0000   33 111111 01 0 0 0.25 0 0000.0000
10  52.476217  013.400103 xxx 248.01    571    0.0000    0.0000   33 111111 01 0 0 0.25 0 0000.0000
10  52.476691  013.402354 xxx 254.01    499    0.0000    0.0000   33 111111 01 0 0 0.25 0 0000.0000
10  52.476739  013.405603 xxx 275.91    991    0.0000    0.0000   33 111111 01 0 0 0.25 0 0000.0000
10  52.476526  013.408446 xxx 280.63    309    0.0000    0.0000   33 111111 01 0 0 0.25 0 0000.0000
10  52.474638  013.400226 xxx 268.81     13    0.0000    0.0000   36 111111 01 0 0 0.25 0 0000.0000
10  52.475038  013.399887 xxx 209.31     13    0.0000    0.0000   36 111111 01 0 0 0.25 0 0000.0000
10  52.475029  013.399753 xxx 305.31     26    0.0000    0.0000   36 111111 01 0 0 0.25 0 0000.0000
10  52.474641  013.400143 xxx 220.81     13    0.0000    0.0000   36 111111 01 0 0 0.25 0 0000.0000
10  52.472415  013.402582 xxx 265.81     13    0.0000    0.0000   36 111111 01 0 0 0.25 0 0000.0000
10  52.472335  013.402829 xxx 244.81     13    0.0000    0.0000   36 111111 01 0 0 0.25 0 0000.0000
10  52.472338  013.402745 xxx 214.81     13    0.0000    0.0000   36 111111 01 0 0 0.25 0 0000.0000
10  52.472483  013.405471 xxx 298.44     13    0.0000    0.0000   36 111111 01 0 0 0.25 0 0000.0000
10  52.472476  013.405548 xxx 238.71     13    0.0000    0.0000   36 111111 01 0 0 0.25 0 0000.0000
10  52.470831  013.404465 xxx 299.80     13    0.0000    0.0000   36 111111 01 0 0 0.25 0 0000.0000
10  52.470823  013.404373 xxx 242.21     13    0.0000    0.0000   36 111111 01 0 0 0.25 0 0000.0000
10  52.470165  013.404313 xxx 308.21     13    0.0000    0.0000   49 111111 01 0 0 0.25 0 0000.0000
10  52.470086  013.404319 xxx 221.21     20    0.0000    0.0000   43 111111 01 0 0 0.25 0 0000.0000
10  52.470102  013.405020 xxx 359.21     20    0.0000    0.0000   36 111111 01 0 0 0.25 0 0000.0000
10  52.469936  013.405387 xxx 269.21     13    0.0000    0.0000   62 111111 01 0 0 0.25 0 0000.0000
10  52.469776  013.405142 xxx 269.21     33    0.0000    0.0000   62 111111 01 0 0 0.25 0 0000.0000
10  52.477055  013.402086 xxx 175.61    289    0.0000    0.0000   13 111111 01 0 0 0.25 0 0000.0000
10  52.470112  013.404635 xxx 267.74     26    0.0000    0.0000   62 111111 01 0 0 0.25 0 0000.0000
10  52.476063  013.398976 xxx 323.01    125    0.0000    0.0000   69 111111 01 0 0 0.25 0 0000.0000
10  52.476225  013.398971 xxx 324.63    210    0.0000    0.0000   49 111111 01 0 0 0.25 0 0000.0000
10  52.476115  013.399306 xxx 272.41    158    0.0000    0.0000   36 111111 01 0 0 0.25 0 0000.0000
10  52.477721  013.404048 xxx 349.61    656    0.0000    0.0000   13 111111 01 0 0 0.25 0 0000.0000
10  52.477162  013.402494 xxx 266.01    190    0.0000    0.0000  168 111111 02 0 0 0.25 0 0000.0000
10  52.477487  013.403508 xxx 259.61    269    0.0000    0.0000   13 111111 01 0 0 0.25 0 0000.0000
10  52.476820  013.402505 xxx 266.01    184    0.0000    0.0000   69 111111 02 0 0 0.25 0 0000.0000
10  52.475878  013.399052 xxx 299.01     20    0.0000    0.0000   36 111111 01 0 0 0.25 0 0000.0000
10  52.477411  013.402765 xxx 267.04     66    0.0000    0.0000   36 111111 02 0 0 0.25 0 0000.0000
10  52.480327  013.405987 xxx 208.11    624    0.0000    0.0000   13 111111 01 0 0 0.25 0 0000.0000
10  52.479371  013.405200 xxx 203.90    171    0.0000    0.0000   13 111111 01 0 0 0.25 0 0000.0000
10  52.479081  013.405011 xxx 193.90     66    0.0000    0.0000   13 111111 01 0 0 0.25 0 0000.0000
10  52.478776  013.404967 xxx 181.10    164    0.0000    0.0000   13 111111 01 0 0 0.25 0 0000.0000
10  52.478497  013.404483 xxx 257.43    302    0.0000    0.0000   13 111111 05 0 0 0.25 0 0000.0000
10  52.478559  013.405524 xxx 277.12    256    0.0000    0.0000   13 111111 05 0 0 0.25 0 0000.0000
10  52.478658  013.404273 xxx 257.43    315    0.0000    0.0000   13 111111 05 0 0 0.25 0 0000.0000
10  52.478512  013.403397 xxx 242.43     59    0.0000    0.0000   13 111111 05 0 0 0.25 0 0000.0000
10  52.478549  013.403522 xxx 248.03     33    0.0000    0.0000   13 111111 05 0 0 0.25 0 0000.0000
10  52.478465  013.403217 xxx 258.53     40    0.0000    0.0000   13 111111 05 0 0 0.25 0 0000.0000
10  52.478455  013.403062 xxx 270.35     40    0.0000    0.0000   13 111111 05 0 0 0.25 0 0000.0000
10  52.478499  013.402810 xxx 291.39     86    0.0000    0.0000   13 111111 05 0 0 0.25 0 0000.0000
10  52.478594  013.402314 xxx 285.39    158    0.0000    0.0000   16 111111 05 0 0 0.25 0 0000.0000
10  52.478442  013.406332 xxx 129.83     40    0.0000    0.0000   13 111111 05 0 0 0.25 0 0000.0000
10  52.478493  013.406181 xxx 111.83     40    0.0000    0.0000   13 111111 05 0 0 0.25 0 0000.0000
10  52.478364  013.406441 xxx 146.53     40    0.0000    0.0000   13 111111 05 0 0 0.25 0 0000.0000
10  52.478270  013.406515 xxx 162.83     47    0.0000    0.0000   13 111111 05 0 0 0.25 0 0000.0000
10  52.478655  013.404973 xxx 163.53     72    0.0000    0.0000   33 111111 05 0 0 0.25 0 0000.0000
10  52.478603  013.404918 xxx 196.53     40    0.0000    0.0000   13 111111 05 0 0 0.25 0 0000.0000
10  52.478806  013.404934 xxx 199.53     53    0.0000    0.0000   13 111111 05 0 0 0.25 0 0000.0000
10  52.478374  013.403910 xxx 204.85     40    0.0000    0.0000   13 111111 05 0 0 0.25 0 0000.0000
10  52.478555  013.403831 xxx 200.23     33    0.0000    0.0000   13 111111 05 0 0 0.25 0 0000.0000
10  52.478487  013.403794 xxx 149.43     86    0.0000    0.0000   20 111111 05 0 0 0.25 0 0000.0000
10  52.477947  013.406722 xxx 322.83     40    0.0000    0.0000   13 111111 05 0 0 0.25 0 0000.0000
10  52.477882  013.406827 xxx 308.83     33    0.0000    0.0000   13 111111 05 0 0 0.25 0 0000.0000
10  52.478039  013.406635 xxx 335.63     40    0.0000    0.0000   13 111111 05 0 0 0.25 0 0000.0000
10  52.478142  013.406575 xxx 345.83     53    0.0000    0.0000   13 111111 05 0 0 0.25 0 0000.0000
10  52.477828  013.406940 xxx 304.03     40    0.0000    0.0000   13 111111 05 0 0 0.25 0 0000.0000
10  52.477778  013.407088 xxx 295.83     40    0.0000    0.0000   13 111111 05 0 0 0.25 0 0000.0000
10  52.477705  013.407404 xxx 289.23    112    0.0000    0.0000   13 111111 05 0 0 0.25 0 0000.0000
10  52.477611  013.407937 xxx 283.81    138    0.0000    0.0000   13 111111 05 0 0 0.25 0 0000.0000
10  52.477527  013.408526 xxx 282.21    131    0.0000    0.0000   13 111111 05 0 0 0.25 0 0000.0000
10  52.477469  013.409045 xxx 277.81    112    0.0000    0.0000   13 111111 05 0 0 0.25 0 0000.0000
10  52.477903  013.410741 xxx 236.93    512    0.0000    0.0000   13 111111 01 0 0 0.25 0 0000.0000
10  52.478191  013.413520 xxx 169.24    453    0.0000    0.0000   13 111111 01 0 0 0.25 0 0000.0000
10  52.478611  013.412707 xxx 242.46    538    0.0000    0.0000   16 111111 01 0 0 0.25 0 0000.0000
10  52.478726  013.414991 xxx 290.05    478    0.0000    0.0000   16 111111 01 0 0 0.25 0 0000.0000
10  52.478092  013.416224 xxx 351.43    223    0.0000    0.0000   16 111111 01 0 0 0.25 0 0000.0000
10  52.477141  013.417989 xxx 350.86    388    0.0000    0.0000   16 111111 01 0 0 0.25 0 0000.0000
10  52.477762  013.417040 xxx 260.98    223    0.0000    0.0000   16 111111 01 0 0 0.25 0 0000.0000
10  52.477511  013.413357 xxx 261.08    151    0.0000    0.0000   20 111111 01 0 0 0.25 0 0000.0000
10  52.478694  013.410992 xxx 316.62    420    0.0000    0.0000   16 111111 01 0 0 0.25 0 0000.0000
10  52.477804  013.412736 xxx 333.18    289    0.0000    0.0000   13 111111 01 0 0 0.25 0 0000.0000
10  52.478294  013.412439 xxx 332.40    151    0.0000    0.0000   13 111111 01 0 0 0.25 0 0000.0000
10  52.478122  013.411804 xxx 325.96    131    0.0000    0.0000   13 111111 01 0 0 0.25 0 0000.0000
10  52.478122  013.412178 xxx 334.66     53    0.0000    0.0000  150 111111 01 0 0 0.25 0 0000.0000
10  52.478138  013.413025 xxx 334.96     99    0.0000    0.0000  118 111111 01 0 0 0.25 0 0000.0000
10  52.478169  013.412630 xxx 334.96     53    0.0000    0.0000   85 111111 01 0 0 0.25 0 0000.0000
10  52.478225  013.413364 xxx 242.50     66    0.0000    0.0000   10 111111 01 0 0 0.25 0 0000.0000
10  52.477497  013.409673 xxx 247.50     53    0.0000    0.0000   13 111111 01 0 0 0.25 0 0000.0000
10  52.477458  013.409418 xxx 263.60     66    0.0000    0.0000   13 111111 01 0 0 0.25 0 0000.0000
10  52.479498  013.409660 xxx 312.35    420    0.0000    0.0000   16 111111 01 0 0 0.25 0 0000.0000
10  52.480218  013.408327 xxx 310.36    374    0.0000    0.0000   16 111111 01 0 0 0.25 0 0000.0000
10  52.480796  013.407148 xxx 306.61    302    0.0000    0.0000   16 111111 01 0 0 0.25 0 0000.0000
10  52.482036  013.403612 xxx 298.22   1542    0.0000    0.0000   16 111111 01 0 0 0.25 0 0000.0000
10  52.481639  013.406915 xxx 195.99    472    0.0000    0.0000   16 111111 01 0 0 0.25 0 0000.0000
10  52.482998  013.401979 xxx 207.19    276    0.0000    0.0000   16 111111 01 0 0 0.25 0 0000.0000
10  52.482547  013.406106 xxx 109.25    492    0.0000    0.0000   16 111111 01 0 0 0.25 0 0000.0000
10  52.482910  013.404394 xxx 109.25    335    0.0000    0.0000   16 111111 01 0 0 0.25 0 0000.0000
10  52.483195  013.402935 xxx 106.53    361    0.0000    0.0000   16 111111 01 0 0 0.25 0 0000.0000
10  52.483411  013.401568 xxx 102.37    315    0.0000    0.0000   16 111111 01 0 0 0.25 0 0000.0000
10  52.483226  013.400733 xxx 201.19    204    0.0000    0.0000   16 111111 01 0 0 0.25 0 0000.0000
10  52.481085  013.405674 xxx 208.96    191    0.0000    0.0000   13 111111 01 0 0 0.25 0 0000.0000
10  52.476566  013.418129 xxx   2.83     46    0.0000    0.0000   16 111111 01 0 0 0.25 0 0000.0000
10  52.477773  013.416324 xxx 324.43     20    0.0000    0.0000   16 111111 01 0 0 0.25 0 0000.0000
10  52.477737  013.416381 xxx 303.43     20    0.0000    0.0000   16 111111 01 0 0 0.25 0 0000.0000
10  52.477719  013.416482 xxx 275.43     33    0.0000    0.0000   16 111111 01 0 0 0.25 0 0000.0000
10  52.477747  013.417792 xxx 142.93     27    0.0000    0.0000   16 111111 01 0 0 0.25 0 0000.0000
10  52.477786  013.417728 xxx 121.93     20    0.0000    0.0000   16 111111 01 0 0 0.25 0 0000.0000
10  52.477804  013.417622 xxx  94.93     40    0.0000    0.0000   16 111111 01 0 0 0.25 0 0000.0000
10  52.478410  013.416139 xxx 159.43     20    0.0000    0.0000   16 111111 01 0 0 0.25 0 0000.0000
10  52.478456  013.416101 xxx 140.13     20    0.0000    0.0000   16 111111 01 0 0 0.25 0 0000.0000
10  52.478493  013.416026 xxx 116.13     26    0.0000    0.0000   16 111111 01 0 0 0.25 0 0000.0000
10  52.478957  013.413933 xxx 100.17     26    0.0000    0.0000   16 111111 01 0 0 0.25 0 0000.0000
10  52.478956  013.413823 xxx  78.53     26    0.0000    0.0000   16 111111 01 0 0 0.25 0 0000.0000
10  52.477692  013.417834 xxx 343.93     26    0.0000    0.0000   16 111111 01 0 0 0.25 0 0000.0000
10  52.476589  013.418359 xxx 153.03     27    0.0000    0.0000   16 111111 01 0 0 0.25 0 0000.0000
10  52.476634  013.418306 xxx 132.03     20    0.0000    0.0000   16 111111 01 0 0 0.25 0 0000.0000
10  52.476653  013.418196 xxx  94.13     33    0.0000    0.0000   23 111111 01 0 0 0.25 0 0000.0000
10  52.476704  013.418187 xxx 134.43     53    0.0000    0.0000   16 111111 01 0 0 0.25 0 0000.0000
10  52.477563  013.413682 xxx  26.50     26    0.0000    0.0000   20 111111 01 0 0 0.25 0 0000.0000
10  52.477756  013.413859 xxx 287.50    105    0.0000    0.0000   10 111111 01 0 0 0.25 0 0000.0000
10  52.478038  013.414266 xxx 259.63    197    0.0000    0.0000   10 111111 01 0 0 0.25 0 0000.0000
10  52.478130  013.414367 xxx 227.50    105    0.0000    0.0000   10 111111 01 0 0 0.25 0 0000.0000
10  52.478040  013.413626 xxx 314.50     40    0.0000    0.0000   10 111111 01 0 0 0.25 0 0000.0000
10  52.477994  013.413760 xxx 281.30     33    0.0000    0.0000   10 111111 01 0 0 0.25 0 0000.0000
10  52.478113  013.414741 xxx 227.50     40    0.0000    0.0000   23 111111 01 0 0 0.25 0 0000.0000
10  52.482291  013.407165 xxx 150.19     40    0.0000    0.0000   16 111111 01 0 0 0.25 0 0000.0000
10  52.483036  013.401870 xxx 104.16     53    0.0000    0.0000   16 111111 01 0 0 0.25 0 0000.0000
10  52.482964  013.401071 xxx 186.29     72    0.0000    0.0000   26 111111 01 0 0 0.25 0 0000.0000
10  52.483282  013.402158 xxx 158.59     40    0.0000    0.0000   16 111111 01 0 0 0.25 0 0000.0000
10  52.483038  013.400667 xxx 168.19     40    0.0000    0.0000   16 111111 01 0 0 0.25 0 0000.0000
10  52.482676  013.401759 xxx 168.19     40    0.0000    0.0000   16 111111 01 0 0 0.25 0 0000.0000
10  52.483471  013.400821 xxx 150.19     40    0.0000    0.0000   16 111111 01 0 0 0.25 0 0000.0000
10  52.483458  013.400921 xxx 230.19     40    0.0000    0.0000   16 111111 01 0 0 0.25 0 0000.0000
10  52.483057  013.400596 xxx 240.19     40    0.0000    0.0000   16 111111 01 0 0 0.25 0 0000.0000
10  52.482699  013.401676 xxx 258.19     40    0.0000    0.0000   16 111111 01 0 0 0.25 0 0000.0000
10  52.483546  013.400305 xxx  96.60    269    0.0000    0.0000   16 111111 01 0 0 0.25 0 0000.0000
10  52.483088  013.400260 xxx 109.30    171    0.0000    0.0000   16 111111 01 0 0 0.25 0 0000.0000
10  52.483244  013.399462 xxx 106.04    204    0.0000    0.0000   16 111111 01 0 0 0.25 0 0000.0000
10  52.483621  013.399405 xxx 100.00    151    0.0000    0.0000   16 111111 01 0 0 0.25 0 0000.0000
10  52.483431  013.399181 xxx  13.30    171    0.0000    0.0000   16 111111 01 0 0 0.25 0 0000.0000
10  52.483019  013.399003 xxx  13.30    171    0.0000    0.0000   49 111111 01 0 0 0.25 0 0000.0000
10  52.483084  013.402348 xxx  13.30    145    0.0000    0.0000  128 111111 01 0 0 0.25 0 0000.0000
10  52.482944  013.401973 xxx 225.19     40    0.0000    0.0000   16 111111 01 0 0 0.25 0 0000.0000
10  52.482956  013.400374 xxx 273.99     40    0.0000    0.0000   16 111111 01 0 0 0.25 0 0000.0000
10  52.482961  013.400516 xxx 255.29     33    0.0000    0.0000   16 111111 01 0 0 0.25 0 0000.0000
10  52.483320  013.399179 xxx 159.19     33    0.0000    0.0000   16 111111 01 0 0 0.25 0 0000.0000
10  52.483603  013.399206 xxx 154.09     33    0.0000    0.0000   16 111111 01 0 0 0.25 0 0000.0000
10  52.475996  013.386401 xxx 210.19     33    0.0000    0.0000   16 111111 01 0 0 0.25 0 0000.0000
10  52.476099  013.386496 xxx 225.49     59    0.0000    0.0000   36 111111 01 0 0 0.25 0 0000.0000
10  52.476113  013.386396 xxx 237.19     33    0.0000    0.0000   30 111111 01 0 0 0.25 0 0000.0000
10  52.471612  013.386506 xxx 218.49     33    0.0000    0.0000   16 111111 01 0 0 0.25 0 0000.0000
10  52.471793  013.386607 xxx 222.19     26    0.0000    0.0000   16 111111 01 0 0 0.25 0 0000.0000
10  52.471841  013.386612 xxx 312.19     33    0.0000    0.0000   16 111111 01 0 0 0.25 0 0000.0000
10  52.471542  013.386581 xxx 302.90     26    0.0000    0.0000   16 111111 01 0 0 0.25 0 0000.0000
10  52.472730  013.390690 xxx 222.19     26    0.0000    0.0000   16 111111 01 0 0 0.25 0 0000.0000
10  52.472759  013.390690 xxx 297.19     26    0.0000    0.0000   16 111111 01 0 0 0.25 0 0000.0000
10  52.473278  013.390531 xxx   4.15     59    0.0000    0.0000   23 111111 01 0 0 0.25 0 0000.0000
10  52.472470  013.390721 xxx 339.47     66    0.0000    0.0000   23 111111 01 0 0 0.25 0 0000.0000
10  52.473757  013.390682 xxx  14.39     72    0.0000    0.0000   23 111111 01 0 0 0.25 0 0000.0000
10  52.474014  013.418791 xxx  10.85     40    0.0000    0.0000   16 111111 01 0 0 0.25 0 0000.0000
10  52.473604  013.418912 xxx 313.85     26    0.0000    0.0000   16 111111 01 0 0 0.25 0 0000.0000
10  52.475391  013.415441 xxx 289.54    141    0.0000    0.0000  100 111111 01 0 0 0.25 0 0000.0000
10  52.474073  013.414395 xxx 266.01    542    0.0000    0.0000  115 111111 01 0 0 0.25 0 0000.0000
10  52.473148  013.405948 xxx  87.50    229    0.0000    0.0000   10 111111 01 0 0 0.25 0 0000.0000
10  52.472531  013.398936 xxx 359.24    190    0.0000    0.0000   10 111111 01 0 0 0.25 0 0000.0000
10  52.476849  013.409214 xxx 189.81    322    0.0000    0.0000   13 111111 01 0 0 0.25 0 0000.0000
10  52.477367  013.409304 xxx 147.90     26    0.0000    0.0000   13 111111 05 0 0 0.25 0 0000.0000
10  52.477430  013.409193 xxx 126.14     46    0.0000    0.0000   13 111111 05 0 0 0.25 0 0000.0000
10  52.477313  013.409340 xxx 177.03     19    0.0000    0.0000   13 111111 05 0 0 0.25 0 0000.0000
10  52.479256  013.397682 xxx 197.31     72    0.0000    0.0000   23 111111 01 0 0 0.25 0 0000.0000
10  52.479091  013.397634 xxx 269.31     66    0.0000    0.0000   16 111111 01 0 0 0.25 0 0000.0000
10  52.479091  013.397746 xxx 308.31     66    0.0000    0.0000   43 111111 01 0 0 0.25 0 0000.0000
10  52.479175  013.397618 xxx 222.11     72    0.0000    0.0000   16 111111 01 0 0 0.25 0 0000.0000
10  52.478064  013.398308 xxx  17.01     98    0.0000    0.0000   36 111111 01 0 0 0.25 0 0000.0000
10  52.478241  013.398414 xxx  98.01     66    0.0000    0.0000   16 111111 01 0 0 0.25 0 0000.0000
10  52.478261  013.398255 xxx 127.61     66    0.0000    0.0000   36 111111 01 0 0 0.25 0 0000.0000
10  52.478122  013.398441 xxx  44.01     72    0.0000    0.0000   16 111111 01 0 0 0.25 0 0000.0000
10  52.476132  013.387723 xxx 309.19     33    0.0000    0.0000   16 111111 01 0 0 0.25 0 0000.0000
10  52.476099  013.387801 xxx 351.19     33    0.0000    0.0000   36 111111 01 0 0 0.25 0 0000.0000
10  52.476028  013.387801 xxx   3.19     33    0.0000    0.0000   30 111111 01 0 0 0.25 0 0000.0000
10  52.475853  013.387195 xxx 349.08    115    0.0000    0.0000   66 111111 13 0 0 0.00 0 0000.0000
10  52.473651  013.416115 xxx 167.20    154    0.0000    0.0000   92 111111 01 0 0 0.25 0 0000.0000
10  52.472893  013.416487 xxx 166.41    436    0.0000    0.0000   54 111111 01 0 0 0.25 0 0000.0000
10  52.472357  013.416596 xxx 301.54     56    0.0000    0.0000   75 111111 01 0 0 0.25 0 0000.0000
10  52.473301  013.416240 xxx 328.84    141    0.0000    0.0000   54 111111 01 0 0 0.25 0 0000.0000
10  52.472653  013.396917 xxx 315.97     39    0.0000    0.0000   10 111111 01 0 0 0.25 0 0000.0000
10  52.472736  013.396722 xxx 294.97     39    0.0000    0.0000   10 111111 01 0 0 0.25 0 0000.0000
10  52.472702  013.396834 xxx 306.97     19    0.0000    0.0000   10 111111 01 0 0 0.25 0 0000.0000
10  52.472455  013.397133 xxx 330.97     39    0.0000    0.0000   10 111111 01 0 0 0.25 0 0000.0000
10  52.472568  013.397027 xxx 321.97     39    0.0000    0.0000   10 111111 01 0 0 0.25 0 0000.0000
10  52.472517  013.397088 xxx 324.97     19    0.0000    0.0000   10 111111 01 0 0 0.25 0 0000.0000
10  52.472212  013.397251 xxx 351.97     39    0.0000    0.0000   10 111111 01 0 0 0.25 0 0000.0000
10  52.472351  013.397204 xxx 339.97     39    0.0000    0.0000   10 111111 01 0 0 0.25 0 0000.0000
10  52.472284  013.397232 xxx 339.97     19    0.0000    0.0000   10 111111 01 0 0 0.25 0 0000.0000
10  52.471989  013.397340 xxx  42.97     19    0.0000    0.0000   10 111111 01 0 0 0.25 0 0000.0000
10  52.472100  013.397327 xxx 324.97     26    0.0000    0.0000   10 111111 01 0 0 0.25 0 0000.0000
10  52.472044  013.397363 xxx 357.97     32    0.0000    0.0000   10 111111 01 0 0 0.25 0 0000.0000
10  52.471968  013.397283 xxx  88.90     19    0.0000    0.0000   10 111111 01 0 0 0.25 0 0000.0000
10  52.472099  013.397202 xxx 222.97     19    0.0000    0.0000   10 111111 01 0 0 0.25 0 0000.0000
10  52.471982  013.397215 xxx 126.97     26    0.0000    0.0000   10 111111 01 0 0 0.25 0 0000.0000
10  52.472035  013.397175 xxx 177.97     39    0.0000    0.0000   10 111111 01 0 0 0.25 0 0000.0000
10  52.472115  013.397270 xxx 268.90     19    0.0000    0.0000   10 111111 01 0 0 0.25 0 0000.0000
10  52.472144  013.397264 xxx 178.90     19    0.0000    0.0000   10 111111 01 0 0 0.25 0 0000.0000
10  52.480313  013.403332 xxx 346.68    328    0.0000    0.0000   20 111111 01 0 0 0.25 0 0000.0000
10  52.471257  013.404371 xxx  41.93     26    0.0000    0.0000   26 111111 01 0 0 0.25 0 0000.0000
14  52.477205  013.387576 170.00 0 Tower Viewpoint
15  52.471393  013.418705 267.65 27L Startup Location
15  52.470674  013.389652  87.65 09R Startup Location
15  52.474411  013.390271  85.83 09L Startup Location
15  52.475543  013.415549 265.83 27R Startup Location
15  52.481372  013.399261 188.00 Helipad 01
15  52.479824  013.389192  20.00 01
15  52.479535  013.389680  20.00 02
15  52.479230  013.390161  20.00 03
15  52.478851  013.390803  20.00 04
15  52.478569  013.391297  20.00 05
15  52.480743  013.389583  20.00 06
15  52.480485  013.390084  20.00 07
15  52.480133  013.390655  20.00 08
15  52.479855  013.391130  20.00 09
15  52.479500  013.391663  20.00 10
15  52.481251  013.390700  20.00 11
15  52.480974  013.391207  20.00 12
15  52.480692  013.391702  20.00 13
15  52.480379  013.392202  20.00 14
15  52.480028  013.392722  20.00 15
15  52.481795  013.391734  20.00 16
15  52.481509  013.392209  20.00 17
15  52.481220  013.392703  20.00 18
15  52.480845  013.393339  20.00 19
15  52.480563  013.393839  20.00 20
15  52.479644  013.389076 200.00 01A
15  52.479085  013.390071 200.00 03A
15  52.478702  013.390707 200.00 04A
15  52.478409  013.391195 200.00 05A
15  52.480500  013.389570 200.00 06A
15  52.480333  013.389975 200.00 07A
15  52.479977  013.390559 200.00 08A
15  52.479707  013.391028 200.00 09A
15  52.479343  013.391573 200.00 10A
15  52.481115  013.390617 200.00 11A
15  52.480821  013.391118 200.00 12A
15  52.480532  013.391605 200.00 13A
15  52.480231  013.392106 200.00 14A
15  52.479871  013.392626 200.00 15A
15  52.481642  013.391631 200.00 16A
15  52.481357  013.392113 200.00 17A
15  52.480684  013.393236 200.00 19A
15  52.480407  013.393737 200.00 20A
15  52.481736  013.390777 228.00 25
15  52.481998  013.391419 228.00 26
15  52.481221  013.397989 189.00 GA East 01
15  52.481252  013.397690 189.00 GA East 02
15  52.481271  013.397379 188.00 GA East 03
15  52.481561  013.397410 181.00 GA East 04
15  52.481196  013.395405 178.00 GA East 05
15  52.477311  013.390567  90.00 GA West 01
15  52.477304  013.390029  90.00 GA West 02
15  52.477487  013.390029  90.00 GA West 03
18  52.481785  013.389892 5 BCN
19  52.479635  013.397921 1 Windsock 1
19  52.472848  013.397342 1 Windsock 2
19  52.473428  013.414098 1 Windsock 3
50 12880 Atis
