1     302 1 1 EDDK Koln Bonn
10  50.867832  007.147384 14L 137.56  12485    0.0000  197.0197  197 344345 01 0 3 0.25 1 0300.0300
10  50.864896  007.139525 06x  64.35   8039    0.0000  197.0197  148 331331 02 0 3 0.25 1 0300.0300
10  50.864675  007.129802 14R 137.55   6095    0.0000  197.0197  148 331331 01 0 2 0.25 1 0300.0300
10  50.860234  007.152089 xxx 137.56   6250    0.0000    0.0000  130 161161 02 0 0 0.25 0 0000.0000
10  50.872213  007.136437 xxx 136.81   5666    0.0000    0.0000  130 161161 02 0 0 0.25 0 0000.0000
10  50.873543  007.133042 xxx 137.31   5517    0.0000    0.0000  130 161161 02 0 0 0.25 0 0000.0000
10  50.869933  007.131795 xxx 318.00   3180    0.0000    0.0000 2145 111111 02 0 0 0.25 0 0000.0000
10  50.859234  007.129653 xxx 103.00   2923    0.0000    0.0000   50 161161 02 0 0 0.25 0 0000.0000
10  50.874443  007.130090 xxx 137.91   3100    0.0000    0.0000  466 111111 02 0 0 0.25 0 0000.0000
10  50.865578  007.120349 xxx 345.70   2800    0.0000    0.0000  470 111111 02 0 0 0.25 0 0000.0000
10  50.865200  007.120991 xxx 165.70   2836    0.0000    0.0000  700 111111 02 0 0 0.25 0 0000.0000
10  50.870372  007.150242 xxx  65.05   2153    0.0000    0.0000   50 161161 02 0 0 0.25 0 0000.0000
10  50.880804  007.120653 xxx 127.00   2400    0.0000    0.0000  250 111111 02 0 0 0.25 0 0000.0000
10  50.863720  007.144746 xxx 232.00   2144    0.0000    0.0000   50 111111 02 0 0 0.25 0 0000.0000
10  50.871473  007.126803 xxx 136.00   1600    0.0000    0.0000  910 111111 02 0 0 0.25 0 0000.0000
10  50.869133  007.142134 xxx 101.00   1819    0.0000    0.0000  130 161161 02 0 0 0.25 0 0000.0000
10  50.875567  007.121790 xxx 118.00   1600    0.0000    0.0000  400 111111 02 0 0 0.25 0 0000.0000
10  50.866813  007.152397 xxx  63.00   2076    0.0000    0.0000   50 161161 02 0 0 0.25 0 0000.0000
10  50.867265  007.141966 xxx 138.00   1290    0.0000    0.0000  130 161161 02 0 0 0.25 0 0000.0000
10  50.869141  007.137694 xxx 137.91   1240    0.0000    0.0000  480 111111 02 0 0 0.25 0 0000.0000
10  50.873272  007.137171 xxx 100.00   1292    0.0000    0.0000  130 161161 02 0 0 0.25 0 0000.0000
10  50.878450  007.124809 xxx  21.00   1200    0.0000    0.0000  620 111111 02 0 0 0.25 0 0000.0000
10  50.864856  007.133404 xxx 137.91   1100    0.0000    0.0000   70 161161 02 0 0 0.25 0 0000.0000
10  50.878116  007.129309 xxx  78.30   1354    0.0000    0.0000  130 161161 02 0 0 0.25 0 0000.0000
10  50.856006  007.161395 xxx  47.60   1101    0.0000    0.0000  130 161161 02 0 0 0.25 0 0000.0000
10  50.867071  007.146898 xxx 157.00   1384    0.0000    0.0000   50 111111 02 0 0 0.25 0 0000.0000
10  50.861420  007.123943 xxx 143.00    800    0.0000    0.0000  330 111111 02 0 0 0.25 0 0000.0000
10  50.862592  007.153198 xxx 346.40   1189    0.0000    0.0000  130 161161 02 0 0 0.25 0 0000.0000
10  50.871180  007.122274 xxx  50.00    700    0.0000    0.0000  130 161161 02 0 0 0.25 0 0000.0000
10  50.861191  007.125119 xxx 108.00    674    0.0000    0.0000  150 111111 02 0 0 0.25 0 0000.0000
10  50.858503  007.136173 xxx 228.10    840    0.0000    0.0000   50 161161 02 0 0 0.25 0 0000.0000
10  50.869313  007.155441 xxx 107.40    440    0.0000    0.0000  179 111111 02 0 0 0.25 0 0000.0000
10  50.869706  007.120698 xxx 200.00    673    0.0000    0.0000  120 111111 02 0 0 0.25 0 0000.0000
10  50.870882  007.154558 xxx 154.00    540    0.0000    0.0000  270 161161 02 0 0 0.25 0 0000.0000
10  50.861366  007.123215 xxx 348.00    501    0.0000    0.0000  250 111111 02 0 0 0.25 0 0000.0000
10  50.860661  007.152276 xxx  72.00    350    0.0000    0.0000  130 161161 02 0 0 0.25 0 0000.0000
10  50.871045  007.123408 xxx  92.00    621    0.0000    0.0000  148 111111 02 0 0 0.25 0 0000.0000
10  50.868678  007.156382 xxx 156.00    440    0.0000    0.0000  240 111111 02 0 0 0.25 0 0000.0000
10  50.867913  007.126958 xxx  50.00    636    0.0000    0.0000  130 161161 02 0 0 0.25 0 0000.0000
10  50.860837  007.151662 xxx 109.00    380    0.0000    0.0000   77 111111 02 0 0 0.25 0 0000.0000
10  50.869965  007.154869 xxx 202.00    404    0.0000    0.0000  199 111111 02 0 0 0.25 0 0000.0000
10  50.879943  007.128325 xxx  82.40    255    0.0000    0.0000  130 161161 02 0 0 0.25 0 0000.0000
10  50.853745  007.162778 xxx  83.11    284    0.0000    0.0000  130 161161 02 0 0 0.25 0 0000.0000
10  50.855411  007.164966 xxx   0.00    276    0.0000    0.0000  130 161161 02 0 0 0.25 0 0000.0000
10  50.861046  007.153353 xxx  50.00    301    0.0000    0.0000  130 111111 02 0 0 0.25 0 0000.0000
10  50.853825  007.161703 xxx 109.92    293    0.0000    0.0000  130 161161 02 0 0 0.25 0 0000.0000
10  50.879906  007.129394 xxx 102.60    290    0.0000    0.0000  130 161161 02 0 0 0.25 0 0000.0000
10  50.860651  007.123703 xxx 104.40    349    0.0000    0.0000  110 111111 02 0 0 0.25 0 0000.0000
10  50.854241  007.164475 xxx  37.00    268    0.0000    0.0000  130 161161 02 0 0 0.25 0 0000.0000
10  50.853889  007.163785 xxx  69.00    228    0.0000    0.0000  130 161161 02 0 0 0.25 0 0000.0000
10  50.854768  007.164873 xxx  10.90    226    0.0000    0.0000  130 161161 02 0 0 0.25 0 0000.0000
10  50.879702  007.127120 xxx  66.00    373    0.0000    0.0000  130 161161 02 0 0 0.25 0 0000.0000
10  50.860715  007.151814 xxx  57.00    119    0.0000    0.0000   40 111111 02 0 0 0.25 0 0000.0000
10  50.870459  007.121541 xxx 167.00    100    0.0000    0.0000  120 111111 02 0 0 0.25 0 0000.0000
10  50.876163  007.119946 xxx 110.00     90    0.0000    0.0000   60 111111 01 0 0 0.25 0 0000.0000
10  50.869399  007.154231 xxx  60.00     50    0.0000    0.0000   70 111111 02 0 0 0.25 0 0000.0000
10  50.878847  007.131207 xxx  14.00     40    0.0000    0.0000   77 111111 02 0 0 0.25 0 0000.0000
10  50.866537  007.136788 xxx  62.00   2189    0.0000    0.0000  484 161161 02 0 0 0.25 0 0000.0000
10  50.858371  007.137176 xxx 265.12    637    0.0000    0.0000   50 161161 02 0 0 0.25 0 0000.0000
10  50.857316  007.134862 xxx 180.10    283    0.0000    0.0000   50 161161 02 0 0 0.25 0 0000.0000
10  50.856518  007.135737 xxx 132.10    552    0.0000    0.0000   50 161161 02 0 0 0.25 0 0000.0000
10  50.856346  007.136904 xxx 219.10    283    0.0000    0.0000   50 161161 02 0 0 0.25 0 0000.0000
10  50.857622  007.137857 xxx 201.00    788    0.0000    0.0000   50 161161 02 0 0 0.25 0 0000.0000
10  50.859849  007.139617 xxx 200.60   1168    0.0000    0.0000   50 161161 02 0 0 0.25 0 0000.0000
10  50.860194  007.138566 xxx 174.80   1050    0.0000    0.0000   50 161161 02 0 0 0.25 0 0000.0000
10  50.862040  007.137954 xxx 150.30    394    0.0000    0.0000   50 161161 02 0 0 0.25 0 0000.0000
10  50.861672  007.139801 xxx 129.30    394    0.0000    0.0000   50 161161 02 0 0 0.25 0 0000.0000
10  50.862028  007.139179 xxx  54.30    532    0.0000    0.0000   50 161161 02 0 0 0.25 0 0000.0000
10  50.862433  007.139198 xxx 198.30    394    0.0000    0.0000   50 161161 02 0 0 0.25 0 0000.0000
10  50.862666  007.138848 xxx 138.40    256    0.0000    0.0000   50 161161 02 0 0 0.25 0 0000.0000
10  50.861635  007.140807 xxx 213.40    256    0.0000    0.0000   50 161161 02 0 0 0.25 0 0000.0000
10  50.862531  007.141512 xxx 138.40    256    0.0000    0.0000   50 161161 02 0 0 0.25 0 0000.0000
10  50.861954  007.138440 xxx 192.40    256    0.0000    0.0000   50 161161 02 0 0 0.25 0 0000.0000
10  50.857759  007.134422 xxx  96.40    256    0.0000    0.0000   50 161161 02 0 0 0.25 0 0000.0000
10  50.857333  007.134265 xxx  90.40    256    0.0000    0.0000   50 161161 02 0 0 0.25 0 0000.0000
10  50.856812  007.134454 xxx  54.40    256    0.0000    0.0000   50 161161 02 0 0 0.25 0 0000.0000
10  50.856735  007.134858 xxx   0.40    256    0.0000    0.0000   50 161161 02 0 0 0.25 0 0000.0000
10  50.855782  007.136923 xxx 144.40    256    0.0000    0.0000   50 161161 02 0 0 0.25 0 0000.0000
10  50.855966  007.135990 xxx  63.40    256    0.0000    0.0000   50 161161 02 0 0 0.25 0 0000.0000
10  50.855802  007.136412 xxx   9.40    256    0.0000    0.0000   50 161161 02 0 0 0.25 0 0000.0000
10  50.856309  007.135329 xxx  42.40    256    0.0000    0.0000   50 161161 02 0 0 0.25 0 0000.0000
10  50.856395  007.137682 xxx 132.40    256    0.0000    0.0000   50 161161 02 0 0 0.25 0 0000.0000
10  50.865402  007.147676 xxx 104.20   1968    0.0000    0.0000   50 111111 02 0 0 0.25 0 0000.0000
10  50.871882  007.153859 xxx 159.40    256    0.0000    0.0000   50 161161 02 0 0 0.25 0 0000.0000
10  50.871882  007.154773 xxx 219.40    256    0.0000    0.0000   50 161161 02 0 0 0.25 0 0000.0000
10  50.872311  007.152984 xxx 108.40    381    0.0000    0.0000   50 161161 02 0 0 0.25 0 0000.0000
10  50.872446  007.153917 xxx 204.40    256    0.0000    0.0000   50 161161 02 0 0 0.25 0 0000.0000
10  50.860985  007.155045 xxx 262.40    947    0.0000    0.0000  130 161161 02 0 0 0.25 0 0000.0000
10  50.870707  007.141203 xxx 169.00   1207    0.0000    0.0000   50 111111 02 0 0 0.25 0 0000.0000
10  50.866641  007.141400 xxx 109.00   1384    0.0000    0.0000   50 111111 02 0 0 0.25 0 0000.0000
10  50.874294  007.125025 xxx 199.21   2441    0.0000    0.0000  480 111111 02 0 0 0.25 0 0000.0000
10  50.874136  007.127499 xxx 137.91   1240    0.0000    0.0000  749 111111 02 0 0 0.25 0 0000.0000
10  50.876168  007.125521 xxx 137.91   1417    0.0000    0.0000 1281 111111 02 0 0 0.25 0 0000.0000
10  50.880388  007.123966 xxx 137.91   1350    0.0000    0.0000  700 111111 02 0 0 0.25 0 0000.0000
10  50.876663  007.120992 xxx  90.00   1240    0.0000    0.0000  400 111111 02 0 0 0.25 0 0000.0000
10  50.858964  007.127129 xxx 141.10    840    0.0000    0.0000   50 161161 02 0 0 0.25 0 0000.0000
10  50.860205  007.125846 xxx 156.10    427    0.0000    0.0000   50 161161 02 0 0 0.25 0 0000.0000
10  50.859112  007.125033 xxx 168.80    577    0.0000    0.0000  218 111111 02 0 0 0.25 0 0000.0000
10  50.857114  007.125333 xxx 134.00    472    0.0000    0.0000  323 111111 02 0 0 0.25 0 0000.0000
10  50.857479  007.126980 xxx 228.60    577    0.0000    0.0000  166 111111 02 0 0 0.25 0 0000.0000
10  50.858223  007.127865 xxx 179.00    511    0.0000    0.0000  257 111111 02 0 0 0.25 0 0000.0000
10  50.858356  007.128477 xxx  90.60    295    0.0000    0.0000  113 111111 02 0 0 0.25 0 0000.0000
10  50.857087  007.126937 xxx 138.60    295    0.0000    0.0000  218 111111 02 0 0 0.25 0 0000.0000
10  50.857600  007.128092 xxx 123.60    295    0.0000    0.0000  120 111111 02 0 0 0.25 0 0000.0000
10  50.856507  007.126039 xxx  90.60    209    0.0000    0.0000  113 111111 02 0 0 0.25 0 0000.0000
10  50.856804  007.126317 xxx 183.60    295    0.0000    0.0000  113 111111 02 0 0 0.25 0 0000.0000
10  50.858086  007.124969 xxx 171.40    256    0.0000    0.0000   50 161161 02 0 0 0.25 0 0000.0000
10  50.860003  007.124413 xxx 342.40    256    0.0000    0.0000   76 161161 02 0 0 0.25 0 0000.0000
10  50.855406  007.164666 xxx 169.92    503    0.0000    0.0000  130 161161 02 0 0 0.25 0 0000.0000
10  50.855670  007.164327 xxx 151.92    588    0.0000    0.0000  130 161161 02 0 0 0.25 0 0000.0000
10  50.855718  007.164187 xxx 151.92    706    0.0000    0.0000  110 161161 02 0 0 0.25 0 0000.0000
10  50.855334  007.159675 xxx  88.92    293    0.0000    0.0000  104 161161 02 0 0 0.25 0 0000.0000
10  50.856557  007.162951 xxx  88.92    293    0.0000    0.0000  104 161161 02 0 0 0.25 0 0000.0000
10  50.856959  007.162433 xxx 178.92    293    0.0000    0.0000  104 161161 02 0 0 0.25 0 0000.0000
10  50.854968  007.160158 xxx 178.92    293    0.0000    0.0000  104 161161 02 0 0 0.25 0 0000.0000
10  50.860426  007.152346 xxx 178.92    293    0.0000    0.0000  104 161161 02 0 0 0.25 0 0000.0000
10  50.861175  007.154208 xxx 115.92    293    0.0000    0.0000  104 161161 02 0 0 0.25 0 0000.0000
10  50.861590  007.155762 xxx 154.92    470    0.0000    0.0000  117 161161 02 0 0 0.25 0 0000.0000
10  50.860793  007.156828 xxx 115.92    490    0.0000    0.0000  123 161161 02 0 0 0.25 0 0000.0000
10  50.869251  007.144862 xxx 151.92    450    0.0000    0.0000  117 161161 02 0 0 0.25 0 0000.0000
10  50.868662  007.142089 xxx 151.92    450    0.0000    0.0000  117 161161 02 0 0 0.25 0 0000.0000
10  50.868443  007.146028 xxx 118.92    582    0.0000    0.0000  117 161161 02 0 0 0.25 0 0000.0000
10  50.869492  007.140944 xxx 118.92    582    0.0000    0.0000  117 161161 02 0 0 0.25 0 0000.0000
10  50.869066  007.140576 xxx 118.92    582    0.0000    0.0000  117 161161 02 0 0 0.25 0 0000.0000
10  50.869901  007.139533 xxx 148.92    582    0.0000    0.0000  117 161161 02 0 0 0.25 0 0000.0000
10  50.872755  007.139596 xxx 118.92    582    0.0000    0.0000  117 161161 02 0 0 0.25 0 0000.0000
10  50.873814  007.134566 xxx 118.92    582    0.0000    0.0000  117 161161 02 0 0 0.25 0 0000.0000
10  50.872970  007.135656 xxx 148.92    582    0.0000    0.0000  117 161161 02 0 0 0.25 0 0000.0000
10  50.873763  007.138277 xxx 148.92    582    0.0000    0.0000  117 161161 02 0 0 0.25 0 0000.0000
10  50.877984  007.132098 xxx 118.92    582    0.0000    0.0000  117 161161 02 0 0 0.25 0 0000.0000
10  50.877440  007.128184 xxx 118.92    582    0.0000    0.0000  117 161161 02 0 0 0.25 0 0000.0000
10  50.878019  007.126990 xxx 118.92    582    0.0000    0.0000  117 161161 02 0 0 0.25 0 0000.0000
10  50.878993  007.130690 xxx 151.92    582    0.0000    0.0000  117 161161 02 0 0 0.25 0 0000.0000
10  50.877692  007.128663 xxx 178.92    326    0.0000    0.0000  117 111111 02 0 0 0.25 0 0000.0000
10  50.879562  007.129619 xxx 118.92    582    0.0000    0.0000  117 161161 02 0 0 0.25 0 0000.0000
10  50.869877  007.121896 xxx 124.92    582    0.0000    0.0000  117 161161 02 0 0 0.25 0 0000.0000
10  50.870233  007.122116 xxx 151.92    582    0.0000    0.0000  117 161161 02 0 0 0.25 0 0000.0000
10  50.866421  007.143572 xxx 104.02    339    0.0000    0.0000  117 161161 02 0 0 0.25 0 0000.0000
10  50.867322  007.141337 xxx 104.02    339    0.0000    0.0000  117 161161 02 0 0 0.25 0 0000.0000
10  50.865735  007.143602 xxx 104.02    339    0.0000    0.0000  117 161161 02 0 0 0.25 0 0000.0000
10  50.866050  007.144391 xxx   8.02    339    0.0000    0.0000  117 161161 02 0 0 0.25 0 0000.0000
10  50.866798  007.144962 xxx 104.02    339    0.0000    0.0000  117 161161 02 0 0 0.25 0 0000.0000
10  50.866529  007.144111 xxx   8.02    339    0.0000    0.0000  117 161161 02 0 0 0.25 0 0000.0000
10  50.866182  007.142874 xxx   8.02    339    0.0000    0.0000  117 161161 02 0 0 0.25 0 0000.0000
10  50.867728  007.141379 xxx 341.02    267    0.0000    0.0000   78 161161 02 0 0 0.25 0 0000.0000
10  50.862674  007.133355 xxx   8.02    339    0.0000    0.0000  117 161161 02 0 0 0.25 0 0000.0000
10  50.862879  007.131773 xxx   8.02    339    0.0000    0.0000  117 161161 02 0 0 0.25 0 0000.0000
10  50.863100  007.132631 xxx 101.02    339    0.0000    0.0000  117 161161 02 0 0 0.25 0 0000.0000
10  50.862483  007.132438 xxx 101.02    339    0.0000    0.0000  117 161161 02 0 0 0.25 0 0000.0000
10  50.863877  007.135190 xxx 101.02    247    0.0000    0.0000   78 161161 02 0 0 0.25 0 0000.0000
10  50.864601  007.133500 xxx 101.02    175    0.0000    0.0000   78 161161 02 0 0 0.25 0 0000.0000
10  50.864799  007.133947 xxx 194.02    247    0.0000    0.0000   78 161161 02 0 0 0.25 0 0000.0000
10  50.863641  007.134707 xxx 194.02    247    0.0000    0.0000   78 161161 02 0 0 0.25 0 0000.0000
10  50.868495  007.127451 xxx 356.02    339    0.0000    0.0000  117 161161 02 0 0 0.25 0 0000.0000
10  50.867344  007.126522 xxx 359.02    339    0.0000    0.0000  117 161161 02 0 0 0.25 0 0000.0000
10  50.868129  007.127934 xxx  98.02    339    0.0000    0.0000  117 161161 02 0 0 0.25 0 0000.0000
10  50.867718  007.125990 xxx  98.02    339    0.0000    0.0000  117 161161 02 0 0 0.25 0 0000.0000
10  50.860910  007.125272 xxx  98.02    339    0.0000    0.0000  117 111111 02 0 0 0.25 0 0000.0000
10  50.859806  007.124818 xxx  98.02    136    0.0000    0.0000  117 111111 02 0 0 0.25 0 0000.0000
10  50.860405  007.125534 xxx 110.02    116    0.0000    0.0000   38 161161 02 0 0 0.25 0 0000.0000
10  50.860464  007.125842 xxx 203.02    116    0.0000    0.0000   38 161161 02 0 0 0.25 0 0000.0000
10  50.858281  007.125095 xxx 215.02    116    0.0000    0.0000   38 161161 02 0 0 0.25 0 0000.0000
10  50.858538  007.128415 xxx 137.02    116    0.0000    0.0000   38 161161 02 0 0 0.25 0 0000.0000
10  50.858179  007.128465 xxx  38.02    116    0.0000    0.0000   38 161161 02 0 0 0.25 0 0000.0000
10  50.863975  007.152295 xxx 151.12    621    0.0000    0.0000   91 161161 02 0 0 0.25 0 0000.0000
10  50.862991  007.153789 xxx 127.02    621    0.0000    0.0000   91 161161 02 0 0 0.25 0 0000.0000
10  50.872492  007.152145 xxx 197.82    100    0.0000    0.0000  100 161161 02 0 0 0.25 0 0000.0000
10  50.872788  007.154156 xxx 202.42    100    0.0000    0.0000  100 161161 02 0 0 0.25 0 0000.0000
10  50.872146  007.155119 xxx 219.02    100    0.0000    0.0000  100 161161 02 0 0 0.25 0 0000.0000
10  50.862788  007.141166 xxx 139.42    100    0.0000    0.0000  100 161161 02 0 0 0.25 0 0000.0000
10  50.862450  007.140075 xxx 142.82    100    0.0000    0.0000  100 161161 02 0 0 0.25 0 0000.0000
10  50.862921  007.139454 xxx 107.22    100    0.0000    0.0000  100 161161 02 0 0 0.25 0 0000.0000
10  50.862904  007.138529 xxx 139.42    100    0.0000    0.0000  100 161161 02 0 0 0.25 0 0000.0000
10  50.862286  007.138551 xxx 101.32    100    0.0000    0.0000  100 161161 02 0 0 0.25 0 0000.0000
10  50.862471  007.137553 xxx 147.62    100    0.0000    0.0000  100 161161 02 0 0 0.25 0 0000.0000
10  50.856057  007.134956 xxx 134.32    100    0.0000    0.0000  100 161161 02 0 0 0.25 0 0000.0000
10  50.856438  007.134869 xxx 179.92    100    0.0000    0.0000  100 161161 02 0 0 0.25 0 0000.0000
10  50.856622  007.134023 xxx 145.22    100    0.0000    0.0000  100 161161 02 0 0 0.25 0 0000.0000
10  50.855818  007.135503 xxx 154.62    100    0.0000    0.0000  100 161161 02 0 0 0.25 0 0000.0000
10  50.855478  007.136320 xxx 189.32    100    0.0000    0.0000  100 161161 02 0 0 0.25 0 0000.0000
10  50.855515  007.137216 xxx 145.22    100    0.0000    0.0000  100 161161 02 0 0 0.25 0 0000.0000
10  50.856163  007.138067 xxx 133.02    100    0.0000    0.0000  100 161161 02 0 0 0.25 0 0000.0000
10  50.857333  007.133710 xxx 180.22    100    0.0000    0.0000  100 161161 02 0 0 0.25 0 0000.0000
10  50.857791  007.133930 xxx  95.42    100    0.0000    0.0000  100 161161 02 0 0 0.25 0 0000.0000
10  50.869060  007.146208 xxx 175.42    100    0.0000    0.0000   48 161161 02 0 0 0.25 0 0000.0000
10  50.869207  007.145976 xxx 284.82    100    0.0000    0.0000   48 161161 02 0 0 0.25 0 0000.0000
10  50.871254  007.153580 xxx 284.82    100    0.0000    0.0000   48 161161 02 0 0 0.25 0 0000.0000
10  50.871617  007.154160 xxx 284.82    100    0.0000    0.0000   48 161161 02 0 0 0.25 0 0000.0000
10  50.871536  007.153893 xxx 207.62    100    0.0000    0.0000   48 161161 02 0 0 0.25 0 0000.0000
10  50.868104  007.156128 xxx 207.62    100    0.0000    0.0000   48 161161 02 0 0 0.25 0 0000.0000
10  50.866084  007.150519 xxx 183.62    100    0.0000    0.0000   48 161161 02 0 0 0.25 0 0000.0000
10  50.865978  007.149441 xxx 183.62    100    0.0000    0.0000   48 161161 02 0 0 0.25 0 0000.0000
10  50.866211  007.150318 xxx 273.92    100    0.0000    0.0000   48 161161 02 0 0 0.25 0 0000.0000
10  50.865850  007.149635 xxx 273.92    100    0.0000    0.0000   48 161161 02 0 0 0.25 0 0000.0000
10  50.865135  007.150754 xxx 159.32    192    0.0000    0.0000   67 161161 02 0 0 0.25 0 0000.0000
10  50.864712  007.151294 xxx 124.22    271    0.0000    0.0000   48 161161 02 0 0 0.25 0 0000.0000
10  50.864341  007.145707 xxx 354.02    113    0.0000    0.0000   48 161161 02 0 0 0.25 0 0000.0000
10  50.864460  007.146449 xxx 354.02    113    0.0000    0.0000   48 161161 02 0 0 0.25 0 0000.0000
10  50.864557  007.146218 xxx 267.02    113    0.0000    0.0000   48 161161 02 0 0 0.25 0 0000.0000
10  50.864202  007.145911 xxx 267.02    113    0.0000    0.0000   48 161161 02 0 0 0.25 0 0000.0000
10  50.865288  007.148096 xxx 267.02    113    0.0000    0.0000   48 161161 02 0 0 0.25 0 0000.0000
10  50.865514  007.148152 xxx 282.02    113    0.0000    0.0000   48 161161 02 0 0 0.25 0 0000.0000
10  50.865488  007.147780 xxx 237.02     80    0.0000    0.0000   48 161161 02 0 0 0.25 0 0000.0000
10  50.865397  007.148334 xxx   3.02     87    0.0000    0.0000   48 161161 02 0 0 0.25 0 0000.0000
10  50.865306  007.147696 xxx 327.02    113    0.0000    0.0000   48 161161 02 0 0 0.25 0 0000.0000
10  50.868063  007.146500 xxx 300.02    172    0.0000    0.0000   48 161161 02 0 0 0.25 0 0000.0000
10  50.867377  007.146832 xxx 291.02    113    0.0000    0.0000   48 161161 02 0 0 0.25 0 0000.0000
10  50.866879  007.146860 xxx 291.02    113    0.0000    0.0000   48 161161 02 0 0 0.25 0 0000.0000
10  50.867277  007.146607 xxx  18.02    113    0.0000    0.0000   48 161161 02 0 0 0.25 0 0000.0000
10  50.866968  007.147142 xxx  18.02    113    0.0000    0.0000   48 161161 02 0 0 0.25 0 0000.0000
10  50.865988  007.144673 xxx 330.02    113    0.0000    0.0000   48 161161 02 0 0 0.25 0 0000.0000
10  50.865798  007.144644 xxx 240.02    113    0.0000    0.0000   48 161161 02 0 0 0.25 0 0000.0000
10  50.866562  007.143835 xxx 240.02    113    0.0000    0.0000   48 161161 02 0 0 0.25 0 0000.0000
10  50.866473  007.142676 xxx 240.02    113    0.0000    0.0000   48 161161 02 0 0 0.25 0 0000.0000
10  50.866276  007.142618 xxx 330.02    113    0.0000    0.0000   48 161161 02 0 0 0.25 0 0000.0000
10  50.866982  007.140371 xxx 177.02    113    0.0000    0.0000   48 161161 02 0 0 0.25 0 0000.0000
10  50.866839  007.140008 xxx 267.02    205    0.0000    0.0000   34 161161 02 0 0 0.25 0 0000.0000
10  50.883027  007.118708 xxx  75.00    820    0.0000    0.0000  250 111111 02 0 0 0.25 0 0000.0000
10  50.882183  007.120793 xxx 125.00    800    0.0000    0.0000  750 111111 02 0 0 0.25 0 0000.0000
10  50.882517  007.118917 xxx 140.00    300    0.0000    0.0000  340 111111 02 0 0 0.25 0 0000.0000
14  50.869337  007.132960  125 0 Tower Viewpoint
15  50.869049  007.138635 245.00 Start Location
18  50.871506  007.139358 1 Rotating Beacon
19  50.878723  007.129059 1 Windsock
19  50.857441  007.159199 1 Windsock
19  50.861962  007.127784 1 Windsock
19  50.868397  007.154239 1 Windsock
19  50.869810  007.123961 1 Windsock
19  50.860680  007.137016 1 Windsock
50 11902 ATIS
52 12185 CLNC DEL
53 12172 GND
54 12497 TWR
55 12632 LANGEN RADAR
