1    115 0 1 EG32 East Fortune
10  55.999919   -2.725321 29x 290.216  1330 0000.0000 0000.0000  257 111111 02 0 0 0.25 0 0300.0300 
10  56.000602   -2.728957 xxx 290.000   289 0000.0000 0000.0000  101 111111 03 0 0 0.25 0 
10  55.999643   -2.728403 xxx   0.290   425 0000.0000 0000.0000   58 111111 01 0 0 0.25 0 
10  55.998907   -2.727564 xxx 296.281   412 0000.0000 0000.0000   87 111111 01 0 0 0.25 0 
10  55.999443   -2.725965 xxx 273.052  1343 0000.0000 0000.0000  174 111111 03 0 0 0.25 0 
10  55.999172   -2.727313 xxx 296.173   401 0000.0000 0000.0000  254 111111 03 0 0 0.25 0 
14  55.998593   -2.728075  40 0 Tower
19  56.000104   -2.729936 0 WS
51 118.75 East Fortune Air/Ground
1    1236 0 1 9Y2  East Gull Lake
10  46.383300 -094.361947 13x 134.00  2618 0000.0000 0000.0000   130 111111  3 0 1 0.25 0 0300.0300
19  46.386427 -094.365524 1 WS
19  46.380174 -094.358369 1 WS
