1    101 1 0 EGBJ GLOUCESTERSHIRE
10  51.891970   -2.163243 04x  34.350   997 0000.0000 0000.0000   62 234234 03 1 1 0.25 0 0300.0300 
10  51.889770   -2.162530 H1x 174.360    80 0000.0000 0000.0000   80 111111 08 0 0 0.25 0 0300.0300 
10  51.895580   -2.167640 H2x  84.930    80 0000.0000 0000.0000   80 111111 08 0 0 0.25 0 0300.0300 
10  51.895790   -2.165260 H3x  84.930    80 0000.0000 0000.0000   80 234234 08 0 0 0.25 0 0300.0300 
10  51.892170   -2.169120 H4x  34.350    80 0000.0000 0000.0000   80 111111 08 0 0 0.25 0 0300.0300 
10  51.892310   -2.169460 H5x  34.350    80 0000.0000 0000.0000   80 111111 08 0 0 0.25 0 0300.0300 
10  51.894174   -2.166956 09x  84.930  4656 0375.1015 0000.0000  121 322322 01 0 2 0.25 0 0525.0525 
10  51.892242   -2.164107 04x  34.350  3241 0000.0275 0000.0000  112 311311 01 0 2 0.25 0 0450.0350 
10  51.893202   -2.165669 18x 173.844  2621 0000.0000 0000.0000   59 111111 01 0 2 0.25 0 0300.0300 
10  51.890102   -2.157937 xxx  19.695   164 0000.0000 0000.0000   45 111111 01 0 0 0.25 0 
10  51.890544   -2.157831 xxx 358.584   183 0000.0000 0000.0000   45 111111 01 0 0 0.25 0 
10  51.890092   -2.160119 xxx 174.353   100 0000.0000 0000.0000   50 111111 01 0 0 0.25 0 
10  51.890412   -2.160170 xxx 174.353    95 0000.0000 0000.0000   50 111111 01 0 0 0.25 0 
10  51.891076   -2.161006 xxx  83.844    85 0000.0000 0000.0000  100 111111 02 0 0 0.25 0 
10  51.888624   -2.159707 xxx 174.353   220 0000.0000 0000.0000  154 111111 02 0 0 0.25 0 
10  51.890836   -2.158449 xxx  85.474   228 0000.0000 0000.0000   61 111111 01 0 0 0.25 0 
10  51.891683   -2.158055 xxx 171.524   661 0000.0000 0000.0000   45 111111 01 0 0 0.25 0 
10  51.892192   -2.161598 xxx 214.845  1546 0000.0000 0000.0000   35 161161 01 0 0 0.25 0 
10  51.893549   -2.159417 xxx 173.844   180 0000.0000 0000.0000  145 111111 01 0 0 0.25 0 
10  51.893972   -2.159163 xxx 135.839   480 0000.0000 0000.0000   35 161161 01 0 0 0.25 0 
10  51.893828   -2.158195 xxx 136.774   275 0000.0000 0000.0000   35 161161 01 0 0 0.25 0 
10  51.894279   -2.159103 xxx 120.586   267 0000.0000 0000.0000   35 161161 01 0 0 0.25 0 
10  51.893056   -2.158341 xxx 173.844   355 0000.0000 0000.0000  320 111111 01 0 0 0.25 0 
10  51.890798   -2.160003 xxx  85.691   474 0000.0000 0000.0000   35 161161 01 0 0 0.25 0 
10  51.890652   -2.161968 xxx  80.294   424 0000.0000 0000.0000   35 161161 01 0 0 0.25 0 
10  51.892201   -2.160244 xxx 173.844   325 0000.0000 0000.0000  120 111111 01 0 0 0.25 0 
10  51.894210   -2.159213 xxx 223.312   288 0000.0000 0000.0000   35 161161 01 0 0 0.25 0 
10  51.897090   -2.160038 xxx 287.248   208 0000.0000 0000.0000   45 161161 01 0 0 0.25 0 
10  51.897151   -2.161321 xxx  87.872   395 0000.0000 0000.0000   45 161161 01 0 0 0.25 0 
10  51.897164   -2.162523 xxx  98.651   159 0000.0000 0000.0000   45 161161 01 0 0 0.25 0 
10  51.897733   -2.164681 xxx 115.470   920 0000.0000 0000.0000   45 161161 01 0 0 0.25 0 
10  51.898281   -2.166942 xxx  92.336   209 0000.0000 0000.0000   45 161161 01 0 0 0.25 0 
10  51.898117   -2.167763 xxx  54.461   231 0000.0000 0000.0000   45 161161 01 0 0 0.25 0 
10  51.892650   -2.174591 xxx 134.446   950 0000.0000 0000.0000   45 161161 01 0 0 0.25 0 
10  51.891382   -2.172699 xxx 145.297   324 0000.0000 0000.0000   45 161161 01 0 0 0.25 0 
10  51.890498   -2.171826 xxx 330.860   440 0000.0000 0000.0000   45 161161 01 0 0 0.25 0 
10  51.889703   -2.170845 xxx 311.028   317 0000.0000 0000.0000   45 161161 01 0 0 0.25 0 
10  51.889263   -2.169915 xxx 302.147   218 0000.0000 0000.0000   45 161161 01 0 0 0.25 0 
10  51.888924   -2.168868 xxx 294.514   322 0000.0000 0000.0000   45 161161 01 0 0 0.25 0 
10  51.889419   -2.165041 xxx 359.362   165 0000.0000 0000.0000   45 161161 01 0 0 0.25 0 
10  51.889014   -2.165318 xxx  40.934   213 0000.0000 0000.0000   45 161161 01 0 0 0.25 0 
10  51.888716   -2.165986 xxx  68.761   195 0000.0000 0000.0000   45 161161 01 0 0 0.25 0 
10  51.888599   -2.166711 xxx  83.481   160 0000.0000 0000.0000   45 161161 01 0 0 0.25 0 
10  51.888605   -2.167451 xxx  96.855   187 0000.0000 0000.0000   45 161161 01 0 0 0.25 0 
10  51.896207   -2.158329 xxx 142.388   111 0000.0000 0000.0000   45 161161 01 0 0 0.25 0 
10  51.895662   -2.157989 xxx 176.149   111 0000.0000 0000.0000   45 161161 01 0 0 0.25 0 
10  51.895949   -2.158096 xxx 158.597   119 0000.0000 0000.0000   45 161161 01 0 0 0.25 0 
10  51.895375   -2.158035 xxx  14.558   116 0000.0000 0000.0000   45 161161 01 0 0 0.25 0 
10  51.894998   -2.158295 xxx  28.077   196 0000.0000 0000.0000   45 161161 01 0 0 0.25 0 
10  51.896299   -2.159623 xxx  34.350   350 0000.0000 0000.0000   53 111111 01 0 0 0.25 0 
10  51.896671   -2.159053 xxx 134.008   367 0000.0000 0000.0000   45 161161 01 0 0 0.25 0 
10  51.890387   -2.163963 xxx  75.960   502 0000.0000 0000.0000   35 161161 01 0 0 0.25 0 
10  51.892122   -2.162334 xxx 124.350   220 0000.0000 0000.0000   45 111111 03 0 0 0.25 0 
10  51.896078   -2.166171 xxx 173.844  1271 0000.0000 0000.0000  125 111111 01 0 0 0.25 0 
10  51.898018   -2.166521 xxx 173.844   168 0000.0000 0000.0000   50 111111 01 0 0 0.25 0 
10  51.894445   -2.159353 xxx 223.312   160 0000.0000 0000.0000  144 111111 01 0 0 0.25 0 
10  51.893307   -2.159340 xxx  95.309   157 0000.0000 0000.0000   32 111111 01 0 0 0.25 0 
10  51.893663   -2.159176 xxx 136.256   279 0000.0000 0000.0000  133 111111 01 0 0 0.25 0 
10  51.893606   -2.158246 xxx  83.844   151 0000.0000 0000.0000   58 111111 01 0 0 0.25 0 
10  51.891610   -2.157840 xxx  81.524    58 0000.0000 0000.0000   37 111111 01 0 0 0.25 0 
10  51.891923   -2.157898 xxx  81.524    57 0000.0000 0000.0000   25 111111 01 0 0 0.25 0 
10  51.892178   -2.157982 xxx  81.524    69 0000.0000 0000.0000   37 111111 01 0 0 0.25 0 
10  51.892480   -2.158036 xxx  81.524    69 0000.0000 0000.0000   37 111111 01 0 0 0.25 0 
10  51.891831   -2.158512 xxx 171.524   153 0000.0000 0000.0000  150 111111 01 0 0 0.25 0 
10  51.892590   -2.160712 xxx 124.845   138 0000.0000 0000.0000   55 111111 01 0 0 0.25 0 
10  51.891320   -2.158385 xxx  81.524   150 0000.0000 0000.0000   30 111111 01 0 0 0.25 0 
10  51.891288   -2.160319 xxx 173.844   345 0000.0000 0000.0000   15 111111 01 0 0 0.25 0 
10  51.891322   -2.160171 xxx  83.844    60 0000.0000 0000.0000   80 111111 01 0 0 0.25 0 
10  51.891086   -2.160104 xxx  83.844    70 0000.0000 0000.0000   60 111111 01 0 0 0.25 0 
10  51.890857   -2.161102 xxx 173.844    59 0000.0000 0000.0000   25 111111 02 0 0 0.25 0 
10  51.889738   -2.160405 xxx 174.353   738 0000.0000 0000.0000   40 161161 01 0 0 0.25 0 
10  51.888777   -2.160174 xxx  98.811    64 0000.0000 0000.0000   48 111111 01 0 0 0.25 0 
10  51.890283   -2.160369 xxx 174.353   345 0000.0000 0000.0000   22 111111 01 0 0 0.25 0 
10  51.890059   -2.160256 xxx  84.353    20 0000.0000 0000.0000   50 111111 01 0 0 0.25 0 
10  51.890383   -2.160309 xxx  84.353    20 0000.0000 0000.0000   50 111111 01 0 0 0.25 0 
10  51.889626   -2.160122 xxx 174.353   150 0000.0000 0000.0000   83 111111 01 0 0 0.25 0 
10  51.893707   -2.158156 xxx 199.290    41 0000.0000 0000.0000   34 111111 01 0 0 0.25 0 
14  51.892090   -2.160750 100 0 Tower
18  51.892170   -2.167930 1 White-Green Flash Beacon
19  51.892990   -2.167010 1 Windsock
50 127475 GLOUCESTER INFO
54 122900 GLOUCESTER TWR
54 121600 GLOUCESTER FIRE
