1      83 1 0 EGLL London Heathrow
10  51.477573 -000.461443 09L  89.67 12798 1004.0000 0000.0069   164 158158  1 0 3 0.25 0 0300.0300
10  51.464863 -000.460512 09R  89.69 12007 1007.0000 0000.0069   164 158158  1 0 3 0.25 0 0300.0300
10  51.462467 -000.450840 H1x   0.00    98 0000.0000 0000.0000    98 111111  1 0 2 0.25 0 0300.0300
10  51.465392 -000.434530 xxx   0.00   623 0.0 0.0   144 161161  1 0 0 0.25 0 
10  51.473773 -000.437406 xxx   0.00   780 0.0 0.0   105 161161  2 0 0 0.25 0 
10  51.466467 -000.446028 xxx  41.50  6123 0.0 0.0   177 161161  1 0 0 0.25 0 
10  51.464935 -000.455213 xxx  89.98  9575 0.0 0.0   289 111111  1 0 0 0.25 0 
10  51.477589 -000.453775 xxx  89.63  9299 0.0 0.0   315 111111  1 0 0 0.25 0 
10  51.464928 -000.481168 xxx  89.98  2505 0.0 0.0   289 111111  1 0 0 0.25 0 
10  51.476383 -000.490172 xxx 140.00   200 0.0 0.0   100 161161  2 0 0 0.25 0 
10  51.473361 -000.480162 xxx   0.00   689 0.0 0.0   380 111111  4 0 0 0.25 0 
10  51.466612 -000.448173 xxx 312.00   328 0.0 0.0   138 161161  2 0 0 0.25 0 
10  51.471750 -000.479441 xxx  90.00   702 0.0 0.0   538 111111  4 0 0 0.25 0 
10  51.466577 -000.448837 xxx  45.00   328 0.0 0.0    66 161161  2 0 0 0.25 0 
10  51.466367 -000.449790 xxx  90.00   249 0.0 0.0   125 161161  2 0 0 0.25 0 
10  51.462872 -000.451902 xxx  41.50  1765 0.0 0.0   164 161161  1 0 0 0.25 0 
10  51.461127 -000.454104 xxx 321.00   466 0.0 0.0   217 161161  1 0 0 0.25 0 
10  51.461884 -000.455304 xxx 333.00   328 0.0 0.0    72 161161  1 0 0 0.25 0 
10  51.466331 -000.450388 xxx 307.10   197 0.0 0.0    66 161161  2 0 0 0.25 0 
10  51.462141 -000.453394 xxx  54.00   328 0.0 0.0    66 161161  1 0 0 0.25 0 
10  51.462042 -000.454055 xxx 270.00   328 0.0 0.0    66 161161  1 0 0 0.25 0 
10  51.461782 -000.454361 xxx 270.00   348 0.0 0.0   230 161161  1 0 0 0.25 0 
10  51.462141 -000.455009 xxx 315.00   328 0.0 0.0   184 161161  1 0 0 0.25 0 
10  51.463375 -000.456465 xxx 325.30  1214 0.0 0.0   210 161161  1 0 0 0.25 0 
10  51.464382 -000.457091 xxx   0.00   328 0.0 0.0    92 161161  1 0 0 0.25 0 
10  51.463183 -000.453859 xxx  90.00  1056 0.0 0.0    98 161161  1 0 0 0.25 0 
10  51.463070 -000.455107 xxx  76.00   348 0.0 0.0    85 161161  1 0 0 0.25 0 
10  51.462811 -000.455303 xxx   0.00   328 0.0 0.0    66 161161  1 0 0 0.25 0 
10  51.462811 -000.452452 xxx   0.00   328 0.0 0.0    66 161161  1 0 0 0.25 0 
10  51.463063 -000.452770 xxx 106.00   348 0.0 0.0    85 161161  1 0 0 0.25 0 
10  51.463284 -000.451865 xxx  81.00   328 0.0 0.0    66 161161  1 0 0 0.25 0 
10  51.463276 -000.455596 xxx 279.00   328 0.0 0.0    66 161161  1 0 0 0.25 0 
10  51.465556 -000.448516 xxx  90.00   584 0.0 0.0   217 161161  1 0 0 0.25 0 
10  51.465327 -000.450249 xxx  75.00   636 0.0 0.0   112 161161  1 0 0 0.25 0 
10  51.465772 -000.450011 xxx   0.00   328 0.0 0.0    66 161161  1 0 0 0.25 0 
10  51.465624 -000.449946 xxx  27.00   328 0.0 0.0    92 161161  1 0 0 0.25 0 
10  51.465826 -000.449122 xxx 300.00   381 0.0 0.0   125 161161  1 0 0 0.25 0 
10  51.466293 -000.447121 xxx 270.00   328 0.0 0.0    98 161161  2 0 0 0.25 0 
10  51.465826 -000.447779 xxx  48.00   328 0.0 0.0   144 161161  1 0 0 0.25 0 
10  51.465934 -000.449924 xxx 330.00   328 0.0 0.0    66 161161  1 0 0 0.25 0 
10  51.465934 -000.449643 xxx   0.00   328 0.0 0.0   184 161161  1 0 0 0.25 0 
10  51.465901 -000.449130 xxx 321.00   328 0.0 0.0    66 161161  1 0 0 0.25 0 
10  51.466102 -000.447124 xxx 270.00   328 0.0 0.0   164 161161  1 0 0 0.25 0 
10  51.466521 -000.451133 xxx 270.00  2332 0.0 0.0   131 161161  2 0 0 0.25 0 
10  51.465421 -000.457862 xxx 270.00   617 0.0 0.0   223 161161  1 0 0 0.25 0 
10  51.465250 -000.456263 xxx 294.00   328 0.0 0.0    98 161161  1 0 0 0.25 0 
10  51.465548 -000.456668 xxx 330.00   328 0.0 0.0   118 161161  1 0 0 0.25 0 
10  51.465323 -000.459179 xxx  57.00   407 0.0 0.0    66 161161  1 0 0 0.25 0 
10  51.465806 -000.459140 xxx 328.80   577 0.0 0.0   203 161161  1 0 0 0.25 0 
10  51.465728 -000.458588 xxx 306.00   328 0.0 0.0    92 161161  1 0 0 0.25 0 
10  51.465741 -000.457268 xxx  51.40   328 0.0 0.0   112 161161  1 0 0 0.25 0 
10  51.466344 -000.456738 xxx 270.00   295 0.0 0.0    66 161161  2 0 0 0.25 0 
10  51.465898 -000.456639 xxx   0.00   328 0.0 0.0    85 161161  1 0 0 0.25 0 
10  51.465935 -000.456994 xxx   0.00   328 0.0 0.0   105 161161  1 0 0 0.25 0 
10  51.466986 -000.457937 xxx  42.10   479 0.0 0.0   112 161161  1 0 0 0.25 0 
10  51.466430 -000.455690 xxx  72.00   217 0.0 0.0    66 161161  2 0 0 0.25 0 
10  51.466636 -000.458938 xxx  72.00   282 0.0 0.0    72 161161  1 0 0 0.25 0 
10  51.466165 -000.456372 xxx  36.00   328 0.0 0.0    66 161161  1 0 0 0.25 0 
10  51.466009 -000.458992 xxx   0.00   328 0.0 0.0    66 161161  1 0 0 0.25 0 
10  51.477489 -000.481229 xxx  89.63  3682 0.0 0.0   210 111111  1 0 0 0.25 0 
10  51.466464 -000.461996 xxx 270.00  1663 0.0 0.0   125 161161  1 0 0 0.25 0 
10  51.466224 -000.457263 xxx 315.00   177 0.0 0.0    66 161161  2 0 0 0.25 0 
10  51.466553 -000.456298 xxx 269.50  1220 0.0 0.0   131 161161  2 0 0 0.25 0 
10  51.466359 -000.458904 xxx  51.00   322 0.0 0.0    85 161161  1 0 0 0.25 0 
10  51.466385 -000.457583 xxx 282.00   354 0.0 0.0   138 161161  2 0 0 0.25 0 
10  51.465895 -000.465813 xxx  42.00   971 0.0 0.0   151 161161  1 0 0 0.25 0 
10  51.465459 -000.464589 xxx 295.50   636 0.0 0.0    72 161161  1 0 0 0.25 0 
10  51.466331 -000.464780 xxx  72.00   328 0.0 0.0    85 161161  1 0 0 0.25 0 
10  51.465999 -000.465328 xxx   0.00   328 0.0 0.0    66 161161  1 0 0 0.25 0 
10  51.466626 -000.464025 xxx 310.30   230 0.0 0.0    79 161161  1 0 0 0.25 0 
10  51.465188 -000.465694 xxx 306.00   420 0.0 0.0   250 161161  1 0 0 0.25 0 
10  51.465502 -000.465535 xxx 342.00   151 0.0 0.0    85 161161  1 0 0 0.25 0 
10  51.465216 -000.463270 xxx 279.00   328 0.0 0.0    66 161161  1 0 0 0.25 0 
10  51.465511 -000.467548 xxx 291.00   499 0.0 0.0   144 161161  1 0 0 0.25 0 
10  51.465336 -000.467504 xxx 312.10   328 0.0 0.0   138 161161  1 0 0 0.25 0 
10  51.465949 -000.468635 xxx 333.00   236 0.0 0.0   144 161161  1 0 0 0.25 0 
10  51.465201 -000.475177 xxx 315.00   171 0.0 0.0   269 161161  1 0 0 0.25 0 
10  51.465632 -000.475040 xxx   0.00   328 0.0 0.0   105 161161  1 0 0 0.25 0 
10  51.465588 -000.482230 xxx   0.00   400 0.0 0.0   105 161161  1 0 0 0.25 0 
10  51.464311 -000.485377 xxx  36.00   433 0.0 0.0   138 161161  2 0 0 0.25 0 
10  51.465602 -000.484774 xxx   0.00   400 0.0 0.0   105 161161  1 0 0 0.25 0 
10  51.477295 -000.481503 xxx 136.90   223 0.0 0.0   243 161161  1 0 0 0.25 0 
10  51.476768 -000.481539 xxx 180.00   400 0.0 0.0   112 161161  1 0 0 0.25 0 
10  51.464227 -000.487587 xxx   0.40   262 0.0 0.0   112 161161  2 0 0 0.25 0 
10  51.464489 -000.487367 xxx  45.00   131 0.0 0.0    66 161161  2 0 0 0.25 0 
10  51.463963 -000.487275 xxx 315.00   197 0.0 0.0   118 161161  2 0 0 0.25 0 
10  51.463895 -000.486575 xxx 270.00   328 0.0 0.0   105 161161  2 0 0 0.25 0 
10  51.463752 -000.486451 xxx 255.00   328 0.0 0.0   112 161161  2 0 0 0.25 0 
10  51.463574 -000.487221 xxx   0.00   230 0.0 0.0   144 161161  2 0 0 0.25 0 
10  51.463459 -000.487493 xxx 345.00   328 0.0 0.0    73 161161  2 0 0 0.25 0 
10  51.463162 -000.487022 xxx 333.00   328 0.0 0.0    98 161161  2 0 0 0.25 0 
10  51.462761 -000.486831 xxx 312.60   328 0.0 0.0    66 161161  2 0 0 0.25 0 
10  51.462650 -000.486054 xxx 291.00   328 0.0 0.0    66 161161  2 0 0 0.25 0 
10  51.462514 -000.485683 xxx 270.40   328 0.0 0.0    92 111111  2 0 0 0.25 0 
10  51.462518 -000.481985 xxx 269.80  1417 0.0 0.0    92 161161  2 0 0 0.25 0 
10  51.462896 -000.477832 xxx  61.60   591 0.0 0.0    92 161161  2 0 0 0.25 0 
10  51.463342 -000.476001 xxx  81.00   348 0.0 0.0    92 161161  1 0 0 0.25 0 
10  51.463611 -000.475182 xxx  45.00   243 0.0 0.0    98 161161  1 0 0 0.25 0 
10  51.463672 -000.474656 xxx 333.00   328 0.0 0.0    66 161161  1 0 0 0.25 0 
10  51.463960 -000.474862 xxx   0.00   492 0.0 0.0   197 161161  1 0 0 0.25 0 
10  51.464587 -000.473719 xxx  65.10   650 0.0 0.0   144 161161  1 0 0 0.25 0 
10  51.464526 -000.475512 xxx 308.10   498 0.0 0.0   118 161161  1 0 0 0.25 0 
10  51.463276 -000.474081 xxx 288.00   505 0.0 0.0   125 161161  1 0 0 0.25 0 
10  51.463129 -000.464918 xxx 270.00  3886 0.0 0.0   120 161161  1 0 0 0.25 0 
10  51.464220 -000.466230 xxx  63.10   906 0.0 0.0   112 161161  1 0 0 0.25 0 
10  51.464552 -000.466236 xxx   0.00   256 0.0 0.0   204 161161  1 0 0 0.25 0 
10  51.463313 -000.467038 xxx 288.00   420 0.0 0.0    66 161161  1 0 0 0.25 0 
10  51.463338 -000.468317 xxx  69.00   328 0.0 0.0    66 161161  1 0 0 0.25 0 
10  51.463481 -000.467752 xxx   0.00   230 0.0 0.0   164 161161  1 0 0 0.25 0 
10  51.463349 -000.457031 xxx  24.00   138 0.0 0.0   118 161161  1 0 0 0.25 0 
10  51.464063 -000.448311 xxx 351.00   328 0.0 0.0   138 161161  1 0 0 0.25 0 
10  51.464411 -000.448023 xxx  53.90   400 0.0 0.0   157 161161  1 0 0 0.25 0 
10  51.464347 -000.447600 xxx 327.00   125 0.0 0.0   138 161161  1 0 0 0.25 0 
10  51.462629 -000.451036 xxx   0.00   446 0.0 0.0   256 161161  1 0 0 0.25 0 
10  51.462010 -000.451258 xxx  90.00   479 0.0 0.0   131 161161  1 0 0 0.25 0 
10  51.462193 -000.450402 xxx 315.00   210 0.0 0.0   105 161161  1 0 0 0.25 0 
10  51.461973 -000.450037 xxx 282.00   328 0.0 0.0   138 161161  1 0 0 0.25 0 
10  51.463190 -000.448456 xxx 271.20   875 0.0 0.0   105 161161  1 0 0 0.25 0 
10  51.463121 -000.450258 xxx 252.00   243 0.0 0.0    66 161161  1 0 0 0.25 0 
10  51.463051 -000.447722 xxx 282.00   328 0.0 0.0    66 161161  1 0 0 0.25 0 
10  51.463204 -000.445164 xxx 270.00  1328 0.0 0.0    79 161161  1 0 0 0.25 0 
10  51.463078 -000.446181 xxx 258.00   420 0.0 0.0    66 161161  1 0 0 0.25 0 
10  51.461440 -000.443619 xxx  24.00   764 0.0 0.0   285 161161  1 0 0 0.25 0 
10  51.462583 -000.442738 xxx  27.00   486 0.0 0.0   203 161161  1 0 0 0.25 0 
10  51.463192 -000.441454 xxx 270.00   420 0.0 0.0   105 161161  1 0 0 0.25 0 
10  51.463352 -000.442457 xxx  69.00   328 0.0 0.0    66 161161  1 0 0 0.25 0 
10  51.463040 -000.442885 xxx 147.00   171 0.0 0.0    66 161161  1 0 0 0.25 0 
10  51.463032 -000.441796 xxx  69.00   328 0.0 0.0    66 161161  1 0 0 0.25 0 
10  51.463916 -000.441429 xxx  29.40   676 0.0 0.0   112 161161  1 0 0 0.25 0 
10  51.464444 -000.441249 xxx 348.00   171 0.0 0.0    86 161161  1 0 0 0.25 0 
10  51.462758 -000.437894 xxx  90.00   892 0.0 0.0    92 161161  1 0 0 0.25 0 
10  51.463276 -000.435459 xxx  20.20  1024 0.0 0.0   138 161161  1 0 0 0.25 0 
10  51.464538 -000.434549 xxx  63.60   138 0.0 0.0    66 161161  1 0 0 0.25 0 
10  51.464126 -000.435295 xxx   6.00   492 0.0 0.0    98 161161  1 0 0 0.25 0 
10  51.462030 -000.437838 xxx  90.00   860 0.0 0.0    98 161161  1 0 0 0.25 0 
10  51.461425 -000.440199 xxx 270.00  1398 0.0 0.0   184 161161  2 0 0 0.25 0 
10  51.462198 -000.436556 xxx  69.00   328 0.0 0.0    66 161161  1 0 0 0.25 0 
10  51.462601 -000.436306 xxx 123.00   230 0.0 0.0    79 161161  1 0 0 0.25 0 
10  51.462856 -000.436127 xxx  69.00   184 0.0 0.0    66 161161  1 0 0 0.25 0 
10  51.462554 -000.439046 xxx  63.00   328 0.0 0.0    66 161161  1 0 0 0.25 0 
10  51.460664 -000.449865 xxx  41.70  2312 0.0 0.0   236 161161  2 0 0 0.25 0 
10  51.462465 -000.439566 xxx 322.40   407 0.0 0.0   131 161161  1 0 0 0.25 0 
10  51.458918 -000.453426 xxx 352.40   879 0.0 0.0   197 161161  2 0 0 0.25 0 
10  51.462376 -000.439207 xxx   0.00   328 0.0 0.0   144 161161  1 0 0 0.25 0 
10  51.462164 -000.438742 xxx 117.00   203 0.0 0.0    66 161161  1 0 0 0.25 0 
10  51.462889 -000.440193 xxx 135.00   328 0.0 0.0   112 161161  1 0 0 0.25 0 
10  51.462988 -000.439858 xxx 120.00   394 0.0 0.0    66 161161  1 0 0 0.25 0 
10  51.457327 -000.448828 xxx 243.00   971 0.0 0.0   184 111111  2 0 0 0.25 0 
10  51.461800 -000.440243 xxx 270.00  1247 0.0 0.0   118 161161  2 0 0 0.25 0 
10  51.462165 -000.441122 xxx 270.00   807 0.0 0.0   203 161161  2 0 0 0.25 0 
10  51.462520 -000.440780 xxx 270.00   505 0.0 0.0    66 161161  2 0 0 0.25 0 
10  51.462652 -000.441204 xxx 270.00   249 0.0 0.0    66 161161  2 0 0 0.25 0 
10  51.456766 -000.451330 xxx 270.00   361 0.0 0.0   197 111111  2 0 0 0.25 0 
10  51.461092 -000.440406 xxx 270.00  1490 0.0 0.0   118 161161  2 0 0 0.25 0 
10  51.460933 -000.439653 xxx 270.00  1148 0.0 0.0   144 111111  2 0 0 0.25 0 
10  51.461304 -000.444484 xxx 270.00   906 0.0 0.0  1050 161161  2 0 0 0.25 0 
10  51.460633 -000.442261 xxx  24.00   768 0.0 0.0   184 111111  2 0 0 0.25 0 
10  51.460306 -000.448680 xxx  41.60  2161 0.0 0.0   453 161161  2 0 0 0.25 0 
10  51.460549 -000.446500 xxx 312.00   328 0.0 0.0   289 111111  2 0 0 0.25 0 
10  51.458033 -000.449665 xxx 322.30   591 0.0 0.0   978 111111  2 0 0 0.25 0 
10  51.457866 -000.450880 xxx   0.00   328 0.0 0.0    66 111111  2 0 0 0.25 0 
10  51.457036 -000.452492 xxx 309.10   381 0.0 0.0   197 111111  2 0 0 0.25 0 
10  51.457599 -000.452978 xxx 342.00   328 0.0 0.0   144 111111  2 0 0 0.25 0 
10  51.457453 -000.453328 xxx 347.80   203 0.0 0.0    85 111111  2 0 0 0.25 0 
10  51.457592 -000.451875 xxx  42.00   394 0.0 0.0   669 111111  2 0 0 0.25 0 
10  51.460682 -000.455944 xxx 322.20   741 0.0 0.0   984 161161  2 0 0 0.25 0 
10  51.462202 -000.456602 xxx  53.70   381 0.0 0.0   656 161161  2 0 0 0.25 0 
10  51.462317 -000.460596 xxx  90.00  1647 0.0 0.0   571 161161  2 0 0 0.25 0 
10  51.460001 -000.454555 xxx 336.00   328 0.0 0.0   243 161161  2 0 0 0.25 0 
10  51.459065 -000.454682 xxx   0.00   643 0.0 0.0   643 161161  2 0 0 0.25 0 
10  51.463011 -000.446079 xxx  48.00   210 0.0 0.0    98 161161  2 0 0 0.25 0 
10  51.462819 -000.447436 xxx   0.00   157 0.0 0.0    98 161161  2 0 0 0.25 0 
10  51.462026 -000.448904 xxx 264.00   328 0.0 0.0    66 161161  2 0 0 0.25 0 
10  51.461775 -000.449247 xxx 303.00   157 0.0 0.0   125 161161  2 0 0 0.25 0 
10  51.461607 -000.449161 xxx  27.00   328 0.0 0.0    92 161161  2 0 0 0.25 0 
10  51.459081 -000.452855 xxx 273.00   210 0.0 0.0   144 161161  2 0 0 0.25 0 
10  51.459927 -000.452545 xxx 291.00   558 0.0 0.0   125 161161  2 0 0 0.25 0 
10  51.460061 -000.452747 xxx 321.00   610 0.0 0.0   118 161161  2 0 0 0.25 0 
10  51.459466 -000.452316 xxx   0.00   112 0.0 0.0    46 161161  2 0 0 0.25 0 
10  51.459776 -000.453151 xxx  41.90   164 0.0 0.0    92 161161  2 0 0 0.25 0 
10  51.461655 -000.472941 xxx   0.00  1043 0.0 0.0   262 161161  1 0 0 0.25 0 
10  51.460505 -000.453662 xxx 335.00   328 0.0 0.0    98 161161  2 0 0 0.25 0 
10  51.460782 -000.451172 xxx 222.00   531 0.0 0.0   335 161161  2 0 0 0.25 0 
10  51.461522 -000.451241 xxx 270.00   138 0.0 0.0    79 161161  2 0 0 0.25 0 
10  51.461134 -000.451909 xxx  42.00   381 0.0 0.0   118 161161  2 0 0 0.25 0 
10  51.460729 -000.452444 xxx 342.00   118 0.0 0.0    66 161161  2 0 0 0.25 0 
10  51.461578 -000.469481 xxx 270.00  2617 0.0 0.0   889 161161  2 0 0 0.25 0 
10  51.460780 -000.469128 xxx 270.00  2456 0.0 0.0   670 161161  2 0 0 0.25 0 
10  51.460242 -000.474629 xxx 318.50   243 0.0 0.0   144 161161  2 0 0 0.25 0 
10  51.465168 -000.487719 xxx 321.00   203 0.0 0.0   144 161161  1 0 0 0.25 0 
10  51.465664 -000.487839 xxx  12.00   328 0.0 0.0   118 161161  1 0 0 0.25 0 
10  51.465491 -000.439889 xxx  34.20   367 0.0 0.0   100 161161  1 0 0 0.25 0 
10  51.465791 -000.435961 xxx 355.40   499 0.0 0.0   197 161161  1 0 0 0.25 0 
10  51.465475 -000.436945 xxx  48.00   381 0.0 0.0    98 161161  1 0 0 0.25 0 
10  51.465752 -000.436596 xxx   0.00   400 0.0 0.0   177 161161  1 0 0 0.25 0 
10  51.465574 -000.435517 xxx 323.90   367 0.0 0.0   138 161161  1 0 0 0.25 0 
10  51.465376 -000.435072 xxx 270.00   367 0.0 0.0   125 161161  1 0 0 0.25 0 
10  51.467570 -000.443481 xxx 270.00   472 0.0 0.0   131 161161  1 0 0 0.25 0 
10  51.467713 -000.443623 xxx 315.00   118 0.0 0.0    72 161161  1 0 0 0.25 0 
10  51.470475 -000.439451 xxx 270.00   472 0.0 0.0   131 161161  1 0 0 0.25 0 
10  51.470712 -000.439324 xxx 315.00   249 0.0 0.0   144 161161  1 0 0 0.25 0 
10  51.471319 -000.438110 xxx 273.50   531 0.0 0.0   131 161161  1 0 0 0.25 0 
10  51.471562 -000.438119 xxx 315.00   249 0.0 0.0   144 161161  1 0 0 0.25 0 
10  51.475439 -000.431100 xxx 314.30   787 0.0 0.0   131 161161  1 0 0 0.25 0 
10  51.474973 -000.430113 xxx 287.30   394 0.0 0.0    98 161161  1 0 0 0.25 0 
10  51.475022 -000.430873 xxx 185.30   184 0.0 0.0    98 161161  1 0 0 0.25 0 
10  51.474729 -000.430551 xxx  98.30   269 0.0 0.0   164 161161  1 0 0 0.25 0 
10  51.472572 -000.438386 xxx 313.60   328 0.0 0.0   138 161161  1 0 0 0.25 0 
10  51.472374 -000.438065 xxx 357.00   190 0.0 0.0   190 161161  1 0 0 0.25 0 
10  51.474326 -000.441389 xxx 234.00   217 0.0 0.0   105 161161  2 0 0 0.25 0 
10  51.476997 -000.438436 xxx 329.10   394 0.0 0.0   105 161161  1 0 0 0.25 0 
10  51.476582 -000.432978 xxx 314.20   466 0.0 0.0   131 161161  1 0 0 0.25 0 
10  51.476384 -000.434865 xxx  46.40   643 0.0 0.0   118 161161  1 0 0 0.25 0 
10  51.473992 -000.441773 xxx   0.00   308 0.0 0.0   190 161161  1 0 0 0.25 0 
10  51.477364 -000.433980 xxx 269.80   276 0.0 0.0   525 161161  1 0 0 0.25 0 
10  51.476976 -000.444253 xxx 292.90   748 0.0 0.0   131 161161  1 0 0 0.25 0 
10  51.473323 -000.441296 xxx 324.00   328 0.0 0.0   151 161161  1 0 0 0.25 0 
10  51.475005 -000.440837 xxx  18.00   591 0.0 0.0   151 161161  2 0 0 0.25 0 
10  51.473932 -000.440353 xxx 323.50   603 0.0 0.0   131 161161  2 0 0 0.25 0 
10  51.472717 -000.444218 xxx  54.00  1319 0.0 0.0   289 161161  1 0 0 0.25 0 
10  51.474002 -000.447032 xxx  56.70  1397 0.0 0.0   184 161161  1 0 0 0.25 0 
10  51.474422 -000.442441 xxx 327.00   433 0.0 0.0   223 161161  1 0 0 0.25 0 
10  51.475135 -000.445111 xxx 270.00   774 0.0 0.0   243 161161  1 0 0 0.25 0 
10  51.475020 -000.443267 xxx 305.10   243 0.0 0.0   230 161161  1 0 0 0.25 0 
10  51.475463 -000.446739 xxx 270.00   328 0.0 0.0    85 161161  1 0 0 0.25 0 
10  51.475100 -000.446974 xxx 273.60   328 0.0 0.0   217 161161  1 0 0 0.25 0 
10  51.475369 -000.447507 xxx  41.40   131 0.0 0.0    85 161161  1 0 0 0.25 0 
10  51.476787 -000.448501 xxx 322.60   466 0.0 0.0    85 161161  1 0 0 0.25 0 
10  51.476896 -000.448082 xxx   0.00   328 0.0 0.0    85 161161  1 0 0 0.25 0 
10  51.475844 -000.453367 xxx 270.00  1535 0.0 0.0    92 161161  2 0 0 0.25 0 
10  51.477017 -000.448397 xxx 349.10   191 0.0 0.0   152 161161  1 0 0 0.25 0 
10  51.476744 -000.451887 xxx   0.00   328 0.0 0.0   157 161161  1 0 0 0.25 0 
10  51.477195 -000.451879 xxx  40.10   302 0.0 0.0   348 161161  1 0 0 0.25 0 
10  51.476744 -000.454819 xxx   0.00   328 0.0 0.0   157 161161  1 0 0 0.25 0 
10  51.476059 -000.455118 xxx  45.00   223 0.0 0.0    66 161161  2 0 0 0.25 0 
10  51.477169 -000.454578 xxx  43.10   276 0.0 0.0   289 161161  1 0 0 0.25 0 
10  51.476940 -000.455412 xxx 318.00   394 0.0 0.0   131 161161  1 0 0 0.25 0 
10  51.475070 -000.454749 xxx 270.00  1516 0.0 0.0   184 161161  1 0 0 0.25 0 
10  51.475291 -000.454784 xxx  44.20   223 0.0 0.0   230 161161  1 0 0 0.25 0 
10  51.475287 -000.451957 xxx  44.20   223 0.0 0.0   230 161161  1 0 0 0.25 0 
10  51.475291 -000.457520 xxx  44.20   223 0.0 0.0   230 161161  1 0 0 0.25 0 
10  51.475069 -000.451537 xxx  90.00   223 0.0 0.0   184 161161  1 0 0 0.25 0 
10  51.474938 -000.458430 xxx  90.00   223 0.0 0.0   190 161161  1 0 0 0.25 0 
10  51.475127 -000.458259 xxx  60.00   223 0.0 0.0   112 161161  1 0 0 0.25 0 
10  51.475800 -000.459157 xxx  90.00  1280 0.0 0.0   125 161161  1 0 0 0.25 0 
10  51.475537 -000.457852 xxx 353.10   190 0.0 0.0   112 161161  1 0 0 0.25 0 
10  51.475633 -000.457315 xxx  30.00   157 0.0 0.0   112 161161  1 0 0 0.25 0 
10  51.476613 -000.461154 xxx 325.06   610 0.0 0.0   144 161161  1 0 0 0.25 0 
10  51.476661 -000.459349 xxx  42.00   722 0.0 0.0   125 161161  1 0 0 0.25 0 
10  51.476016 -000.459695 xxx 325.70   210 0.0 0.0   131 161161  1 0 0 0.25 0 
10  51.476016 -000.460847 xxx  30.00   184 0.0 0.0   151 161161  1 0 0 0.25 0 
10  51.475537 -000.459887 xxx  45.00   394 0.0 0.0   112 161161  1 0 0 0.25 0 
10  51.475490 -000.460924 xxx  90.00   394 0.0 0.0   125 161161  1 0 0 0.25 0 
10  51.471250 -000.462721 xxx 326.60  1043 0.0 0.0   282 161161  1 0 0 0.25 0 
10  51.472267 -000.464553 xxx 270.00   499 0.0 0.0   282 161161  1 0 0 0.25 0 
10  51.476916 -000.467186 xxx  63.50   571 0.0 0.0   119 161161  1 0 0 0.25 0 
10  51.468353 -000.467144 xxx 270.00   394 0.0 0.0   125 161161  1 0 0 0.25 0 
10  51.467563 -000.457048 xxx 270.00  1168 0.0 0.0   243 161161  1 0 0 0.25 0 
10  51.466970 -000.457937 xxx   0.00   394 0.0 0.0   112 161161  1 0 0 0.25 0 
10  51.467019 -000.458016 xxx 319.70   466 0.0 0.0   112 161161  1 0 0 0.25 0 
10  51.466967 -000.455875 xxx  42.10   479 0.0 0.0   112 161161  1 0 0 0.25 0 
10  51.466950 -000.455875 xxx   0.00   394 0.0 0.0   112 161161  1 0 0 0.25 0 
10  51.466999 -000.455953 xxx 319.70   466 0.0 0.0   112 161161  1 0 0 0.25 0 
10  51.467252 -000.462112 xxx 270.00  1155 0.0 0.0   177 161161  2 0 0 0.25 0 
10  51.467063 -000.463365 xxx  81.00   394 0.0 0.0    85 161161  2 0 0 0.25 0 
10  51.466928 -000.464275 xxx  42.00   328 0.0 0.0   157 161161  2 0 0 0.25 0 
10  51.467211 -000.459405 xxx  51.00   328 0.0 0.0    85 161161  2 0 0 0.25 0 
10  51.466827 -000.460052 xxx 309.90   472 0.0 0.0   157 161161  2 0 0 0.25 0 
10  51.466745 -000.460456 xxx   0.00   164 0.0 0.0   112 161161  2 0 0 0.25 0 
10  51.467048 -000.460942 xxx 282.00   328 0.0 0.0    66 161161  2 0 0 0.25 0 
10  51.466670 -000.459334 xxx 282.00   328 0.0 0.0    66 161161  2 0 0 0.25 0 
10  51.467665 -000.459951 xxx   0.00   328 0.0 0.0   217 161161  2 0 0 0.25 0 
10  51.468546 -000.460497 xxx 327.10   518 0.0 0.0   217 161161  2 0 0 0.25 0 
10  51.467173 -000.464695 xxx 321.00   223 0.0 0.0    66 161161  2 0 0 0.25 0 
10  51.467742 -000.464713 xxx   0.00   328 0.0 0.0   131 161161  2 0 0 0.25 0 
10  51.468210 -000.465197 xxx 309.00   328 0.0 0.0   138 161161  2 0 0 0.25 0 
10  51.468959 -000.465973 xxx 339.00   387 0.0 0.0    98 161161  2 0 0 0.25 0 
10  51.468556 -000.466021 xxx  51.00   230 0.0 0.0   105 161161  2 0 0 0.25 0 
10  51.468344 -000.466003 xxx 270.00   328 0.0 0.0   118 161161  2 0 0 0.25 0 
10  51.467373 -000.475867 xxx 269.70  5251 0.0 0.0   105 161161  2 0 0 0.25 0 
10  51.466501 -000.476024 xxx 269.70  5251 0.0 0.0   105 161161  2 0 0 0.25 0 
10  51.466342 -000.468262 xxx  51.00   217 0.0 0.0    85 161161  2 0 0 0.25 0 
10  51.466980 -000.468734 xxx 321.00   394 0.0 0.0    92 161161  2 0 0 0.25 0 
10  51.467004 -000.468734 xxx   0.00   328 0.0 0.0   184 161161  2 0 0 0.25 0 
10  51.466968 -000.468715 xxx  42.00   440 0.0 0.0    85 161161  2 0 0 0.25 0 
10  51.466943 -000.473601 xxx 321.00   394 0.0 0.0    92 161161  2 0 0 0.25 0 
10  51.466968 -000.473562 xxx   0.00   328 0.0 0.0   203 161161  2 0 0 0.25 0 
10  51.466931 -000.473581 xxx  42.00   440 0.0 0.0    85 161161  2 0 0 0.25 0 
10  51.466943 -000.478763 xxx 321.00   394 0.0 0.0    92 161161  2 0 0 0.25 0 
10  51.466968 -000.478743 xxx   0.00   328 0.0 0.0   190 161161  2 0 0 0.25 0 
10  51.466931 -000.478743 xxx  42.00   440 0.0 0.0    85 161161  2 0 0 0.25 0 
10  51.466906 -000.482251 xxx 321.00   394 0.0 0.0    92 161161  2 0 0 0.25 0 
10  51.466919 -000.482231 xxx   0.00   328 0.0 0.0   184 161161  2 0 0 0.25 0 
10  51.466894 -000.482231 xxx  42.00   440 0.0 0.0    85 161161  2 0 0 0.25 0 
10  51.466906 -000.484792 xxx 321.00   394 0.0 0.0    92 161161  2 0 0 0.25 0 
10  51.466931 -000.484733 xxx   0.00   328 0.0 0.0    92 161161  2 0 0 0.25 0 
10  51.466894 -000.484772 xxx  42.00   440 0.0 0.0    85 161161  2 0 0 0.25 0 
10  51.470440 -000.441446 xxx 273.00   459 0.0 0.0   125 161161  2 0 0 0.25 0 
10  51.470477 -000.441348 xxx 312.00   328 0.0 0.0   217 161161  2 0 0 0.25 0 
10  51.470539 -000.441407 xxx 354.00   499 0.0 0.0   112 161161  2 0 0 0.25 0 
10  51.467004 -000.448559 xxx 321.00   394 0.0 0.0    92 161161  2 0 0 0.25 0 
10  51.467029 -000.448520 xxx   0.00   328 0.0 0.0   177 161161  2 0 0 0.25 0 
10  51.466992 -000.448539 xxx  42.00   440 0.0 0.0    85 161161  2 0 0 0.25 0 
10  51.475288 -000.478763 xxx 321.00   453 0.0 0.0    92 161161  2 0 0 0.25 0 
10  51.475324 -000.478743 xxx   0.00   328 0.0 0.0   157 161161  2 0 0 0.25 0 
10  51.475300 -000.478704 xxx  42.00   472 0.0 0.0    85 161161  2 0 0 0.25 0 
10  51.475275 -000.473621 xxx 321.00   453 0.0 0.0    92 161161  2 0 0 0.25 0 
10  51.475312 -000.473601 xxx   0.00   328 0.0 0.0   157 161161  2 0 0 0.25 0 
10  51.475288 -000.473562 xxx  42.00   472 0.0 0.0    85 161161  2 0 0 0.25 0 
10  51.466366 -000.484753 xxx 315.00   236 0.0 0.0   243 161161  2 0 0 0.25 0 
10  51.466379 -000.482251 xxx 315.00   236 0.0 0.0   243 161161  2 0 0 0.25 0 
10  51.466207 -000.475315 xxx 327.00   243 0.0 0.0    79 161161  2 0 0 0.25 0 
10  51.466231 -000.474704 xxx  39.00   262 0.0 0.0   125 161161  2 0 0 0.25 0 
10  51.466317 -000.475098 xxx   0.00   131 0.0 0.0   125 161161  2 0 0 0.25 0 
10  51.466326 -000.469306 xxx 303.00   289 0.0 0.0    85 161161  2 0 0 0.25 0 
10  51.466354 -000.468774 xxx   0.00   138 0.0 0.0   157 161161  2 0 0 0.25 0 
10  51.466939 -000.487669 xxx   1.90   676 0.0 0.0   112 161161  2 0 0 0.25 0 
10  51.466276 -000.487266 xxx  51.00   243 0.0 0.0    98 161161  2 0 0 0.25 0 
10  51.466654 -000.487236 xxx 309.00   243 0.0 0.0   105 161161  2 0 0 0.25 0 
10  51.467050 -000.487355 xxx   0.00   243 0.0 0.0    79 161161  2 0 0 0.25 0 
10  51.467161 -000.486985 xxx  60.00   243 0.0 0.0    79 161161  2 0 0 0.25 0 
10  51.467472 -000.487203 xxx 300.00   243 0.0 0.0   118 161161  2 0 0 0.25 0 
10  51.467659 -000.478769 xxx   0.00   243 0.0 0.0   112 161161  2 0 0 0.25 0 
10  51.467622 -000.479035 xxx  27.00   243 0.0 0.0    79 161161  2 0 0 0.25 0 
10  51.467484 -000.479494 xxx  72.00   243 0.0 0.0    79 161161  2 0 0 0.25 0 
10  51.467604 -000.478517 xxx 339.00   243 0.0 0.0    79 161161  2 0 0 0.25 0 
10  51.467244 -000.479461 xxx 291.00   243 0.0 0.0    79 161161  2 0 0 0.25 0 
10  51.467604 -000.483624 xxx   0.00   210 0.0 0.0   112 161161  2 0 0 0.25 0 
10  51.467558 -000.483893 xxx  27.00   230 0.0 0.0    79 161161  2 0 0 0.25 0 
10  51.467447 -000.484350 xxx  72.00   243 0.0 0.0    79 161161  2 0 0 0.25 0 
10  51.467558 -000.483416 xxx 339.00   217 0.0 0.0    79 161161  2 0 0 0.25 0 
10  51.467456 -000.482929 xxx 291.00   243 0.0 0.0    79 161161  2 0 0 0.25 0 
10  51.467596 -000.484786 xxx   0.00   217 0.0 0.0   112 161161  2 0 0 0.25 0 
10  51.467528 -000.485080 xxx  27.00   243 0.0 0.0    79 161161  2 0 0 0.25 0 
10  51.467438 -000.485519 xxx  72.00   243 0.0 0.0    79 161161  2 0 0 0.25 0 
10  51.467512 -000.484541 xxx 339.00   243 0.0 0.0    79 161161  2 0 0 0.25 0 
10  51.467447 -000.484098 xxx 291.00   243 0.0 0.0    79 161161  2 0 0 0.25 0 
10  51.469148 -000.478702 xxx   0.00   866 0.0 0.0   367 161161  2 0 0 0.25 0 
10  51.469453 -000.473068 xxx   0.00   446 0.0 0.0   624 161161  2 0 0 0.25 0 
10  51.468540 -000.473756 xxx   0.00   328 0.0 0.0   236 161161  2 0 0 0.25 0 
10  51.467675 -000.473515 xxx   0.00   348 0.0 0.0   125 161161  2 0 0 0.25 0 
10  51.467631 -000.473786 xxx  27.00   243 0.0 0.0    79 161161  2 0 0 0.25 0 
10  51.467489 -000.474242 xxx  72.00   243 0.0 0.0    79 161161  2 0 0 0.25 0 
10  51.467611 -000.473265 xxx 339.00   243 0.0 0.0    79 161161  2 0 0 0.25 0 
10  51.467499 -000.472826 xxx 291.00   243 0.0 0.0    79 161161  2 0 0 0.25 0 
10  51.469730 -000.468903 xxx   0.00   814 0.0 0.0   177 161161  2 0 0 0.25 0 
10  51.468023 -000.468522 xxx   0.00   388 0.0 0.0   118 161161  2 0 0 0.25 0 
10  51.467797 -000.468736 xxx  24.00   125 0.0 0.0    46 161161  2 0 0 0.25 0 
10  51.467541 -000.468368 xxx 309.00   177 0.0 0.0    92 161161  2 0 0 0.25 0 
10  51.468453 -000.467933 xxx 270.00   328 0.0 0.0    52 161161  2 0 0 0.25 0 
10  51.468337 -000.467978 xxx 270.00   328 0.0 0.0    66 161161  2 0 0 0.25 0 
10  51.468607 -000.468585 xxx 327.00   210 0.0 0.0   131 161161  2 0 0 0.25 0 
10  51.468216 -000.468281 xxx  54.00   184 0.0 0.0   112 161161  2 0 0 0.25 0 
10  51.467527 -000.465160 xxx  66.00   217 0.0 0.0    66 161161  2 0 0 0.25 0 
10  51.467298 -000.465052 xxx 108.00   243 0.0 0.0    66 161161  2 0 0 0.25 0 
10  51.467595 -000.469300 xxx 270.00   328 0.0 0.0    66 161161  2 0 0 0.25 0 
10  51.467483 -000.478170 xxx 291.00   243 0.0 0.0    79 161161  2 0 0 0.25 0 
10  51.467222 -000.482917 xxx 291.00   243 0.0 0.0    79 161161  2 0 0 0.25 0 
10  51.467222 -000.485465 xxx 291.00   243 0.0 0.0    79 161161  2 0 0 0.25 0 
10  51.467266 -000.474261 xxx 290.80   243 0.0 0.0    79 161161  2 0 0 0.25 0 
10  51.467244 -000.477995 xxx  72.00   243 0.0 0.0    79 161161  2 0 0 0.25 0 
10  51.467222 -000.481381 xxx  72.00   282 0.0 0.0    79 161161  2 0 0 0.25 0 
10  51.467309 -000.467978 xxx  72.00   243 0.0 0.0    79 161161  2 0 0 0.25 0 
10  51.467284 -000.469368 xxx 294.00   243 0.0 0.0    79 161161  2 0 0 0.25 0 
10  51.467287 -000.472795 xxx  72.00   243 0.0 0.0    79 161161  2 0 0 0.25 0 
10  51.471855 -000.467105 xxx   0.00  1161 0.0 0.0   223 161161  2 0 0 0.25 0 
10  51.472266 -000.466128 xxx 270.00   263 0.0 0.0   164 161161  2 0 0 0.25 0 
10  51.472635 -000.467384 xxx  51.00   282 0.0 0.0    92 161161  2 0 0 0.25 0 
10  51.471998 -000.467515 xxx 132.00   269 0.0 0.0   105 161161  2 0 0 0.25 0 
10  51.472853 -000.467489 xxx  15.00   328 0.0 0.0    66 161161  2 0 0 0.25 0 
10  51.471940 -000.467559 xxx 336.00   328 0.0 0.0    66 161161  2 0 0 0.25 0 
10  51.466287 -000.482847 xxx 291.21   328 0.0 0.0    66 161161  2 0 0 0.25 0 
10  51.466287 -000.484174 xxx  66.00   328 0.0 0.0    66 161161  2 0 0 0.25 0 
10  51.466287 -000.481765 xxx  54.00   262 0.0 0.0    66 161161  2 0 0 0.25 0 
10  51.466353 -000.485430 xxx 285.00   328 0.0 0.0    66 161161  2 0 0 0.25 0 
10  51.467244 -000.484104 xxx  72.00   328 0.0 0.0    66 161161  2 0 0 0.25 0 
10  51.474417 -000.469266 xxx 168.30  1076 0.0 0.0   157 161161  2 0 0 0.25 0 
10  51.474812 -000.475598 xxx  90.00  2394 0.0 0.0    98 161161  2 0 0 0.25 0 
10  51.474530 -000.478681 xxx  90.00   177 0.0 0.0    72 161161  2 0 0 0.25 0 
10  51.474499 -000.473482 xxx  90.00   177 0.0 0.0    72 161161  2 0 0 0.25 0 
10  51.474720 -000.477800 xxx  81.00   374 0.0 0.0    66 161161  2 0 0 0.25 0 
10  51.474637 -000.478167 xxx  57.00   151 0.0 0.0    66 161161  2 0 0 0.25 0 
10  51.474642 -000.479252 xxx 111.00   210 0.0 0.0    66 161161  2 0 0 0.25 0 
10  51.474699 -000.479669 xxx  90.00   538 0.0 0.0    66 161161  2 0 0 0.25 0 
10  51.474926 -000.478033 xxx 288.00   236 0.0 0.0    66 161161  2 0 0 0.25 0 
10  51.474918 -000.479489 xxx  72.00   236 0.0 0.0    66 161161  2 0 0 0.25 0 
10  51.474926 -000.474326 xxx  72.00   236 0.0 0.0    66 161161  2 0 0 0.25 0 
10  51.474949 -000.472907 xxx 288.00   236 0.0 0.0    66 161161  2 0 0 0.25 0 
10  51.475685 -000.490429 xxx 119.00    54 0.0 0.0    80 161161  2 0 0 0.25 0 
10  51.475944 -000.482097 xxx  57.00   184 0.0 0.0    66 161161  2 0 0 0.25 0 
10  51.475722 -000.486336 xxx  29.40   287 0.0 0.0   100 161161  2 0 0 0.25 0 
10  51.475766 -000.488330 xxx  94.70   878 0.0 0.0   260 161161  2 0 0 0.25 0 
10  51.477450 -000.489898 xxx  89.63   369 0.0 0.0   164 161161  2 0 0 0.25 0 
10  51.468905 -000.485711 xxx  90.00  1125 0.0 0.0   636 111111  4 0 0 0.25 0 
10  51.472284 -000.467401 xxx 270.00   341 0.0 0.0   171 161161  2 0 0 0.25 0 
10  51.469103 -000.465609 xxx 325.90  1660 0.0 0.0   223 161161  2 0 0 0.25 0 
10  51.470398 -000.468021 xxx  47.40   623 0.0 0.0   269 161161  2 0 0 0.25 0 
10  51.470131 -000.467330 xxx 288.00   184 0.0 0.0    85 161161  2 0 0 0.25 0 
10  51.470770 -000.468427 xxx 330.00   197 0.0 0.0   138 161161  2 0 0 0.25 0 
10  51.468038 -000.470917 xxx 270.00   742 0.0 0.0   420 161161  2 0 0 0.25 0 
10  51.477210 -000.490171 xxx  45.00   207 0.0 0.0   106 161161  2 0 0 0.25 0 
10  51.469765 -000.470006 xxx   0.00   813 0.0 0.0   367 161161  2 0 0 0.25 0 
10  51.471096 -000.469928 xxx   0.00   381 0.0 0.0   269 161161  2 0 0 0.25 0 
10  51.471052 -000.469332 xxx 309.00   354 0.0 0.0   190 161161  2 0 0 0.25 0 
10  51.474719 -000.472646 xxx  81.00   374 0.0 0.0    66 161161  2 0 0 0.25 0 
10  51.474630 -000.473028 xxx  57.00   151 0.0 0.0    66 161161  2 0 0 0.25 0 
10  51.474645 -000.474101 xxx 111.00   210 0.0 0.0    66 161161  2 0 0 0.25 0 
10  51.474704 -000.474530 xxx  98.20   538 0.0 0.0    66 161161  2 0 0 0.25 0 
10  51.475748 -000.476124 xxx 269.90  2638 0.0 0.0   112 161161  2 0 0 0.25 0 
10  51.475610 -000.478058 xxx  66.00   236 0.0 0.0    66 161161  2 0 0 0.25 0 
10  51.475640 -000.479441 xxx 294.00   184 0.0 0.0    66 161161  2 0 0 0.25 0 
10  51.475803 -000.480394 xxx 278.00   453 0.0 0.0    66 161161  2 0 0 0.25 0 
10  51.476085 -000.481276 xxx 333.00   236 0.0 0.0    66 161161  2 0 0 0.25 0 
10  51.476134 -000.481547 xxx   0.00   328 0.0 0.0    98 161161  2 0 0 0.25 0 
10  51.476046 -000.481783 xxx  24.60   328 0.0 0.0    85 161161  2 0 0 0.25 0 
10  51.475597 -000.474328 xxx 288.00   328 0.0 0.0    66 161161  2 0 0 0.25 0 
10  51.475625 -000.472611 xxx  78.00   328 0.0 0.0    66 161161  2 0 0 0.25 0 
10  51.476536 -000.473868 xxx   0.00   616 0.0 0.0   170 161161  2 0 0 0.25 0 
10  51.475885 -000.473296 xxx 286.40   328 0.0 0.0    85 161161  2 0 0 0.25 0 
10  51.475936 -000.474305 xxx  54.00   223 0.0 0.0   105 161161  2 0 0 0.25 0 
10  51.477042 -000.473484 xxx  60.00   243 0.0 0.0    85 161161  2 0 0 0.25 0 
10  51.476455 -000.470631 xxx 326.10   709 0.0 0.0   151 161161  2 0 0 0.25 0 
10  51.476715 -000.470443 xxx   0.00   328 0.0 0.0   144 161161  2 0 0 0.25 0 
10  51.476984 -000.469921 xxx  51.00   328 0.0 0.0   138 161161  2 0 0 0.25 0 
10  51.477059 -000.470820 xxx   0.00   138 0.0 0.0   151 161161  2 0 0 0.25 0 
10  51.475902 -000.469340 xxx 276.00   328 0.0 0.0    66 161161  2 0 0 0.25 0 
10  51.476053 -000.468936 xxx  30.00   328 0.0 0.0   118 161161  2 0 0 0.25 0 
10  51.476492 -000.468452 xxx  51.30   112 0.0 0.0   118 161161  2 0 0 0.25 0 
10  51.476141 -000.468614 xxx   0.00   190 0.0 0.0   105 161161  2 0 0 0.25 0 
10  51.476434 -000.490429 xxx 178.00   587 0.0 0.0   107 161161  2 0 0 0.25 0 
10  51.475975 -000.468333 xxx 312.00   197 0.0 0.0    98 161161  2 0 0 0.25 0 
10  51.475883 -000.467622 xxx 279.00   413 0.0 0.0    66 161161  2 0 0 0.25 0 
10  51.475781 -000.466542 xxx 270.00  2119 0.0 0.0    92 161161  2 0 0 0.25 0 
10  51.475671 -000.461938 xxx 291.00   217 0.0 0.0    66 161161  2 0 0 0.25 0 
10  51.475514 -000.461746 xxx 342.00   197 0.0 0.0    66 161161  2 0 0 0.25 0 
10  51.475339 -000.469295 xxx   0.00   328 0.0 0.0   118 161161  2 0 0 0.25 0 
10  51.475689 -000.468762 xxx  69.00   328 0.0 0.0   118 161161  2 0 0 0.25 0 
10  51.475514 -000.470731 xxx 306.00   328 0.0 0.0    98 161161  2 0 0 0.25 0 
10  51.475990 -000.486215 xxx  95.10  1981 0.0 0.0   118 161161  2 0 0 0.25 0 
10  51.475320 -000.470183 xxx 345.00   328 0.0 0.0   171 161161  2 0 0 0.25 0 
10  51.475164 -000.470420 xxx 255.00   335 0.0 0.0   217 161161  2 0 0 0.25 0 
10  51.474140 -000.469710 xxx 321.00   479 0.0 0.0   118 161161  2 0 0 0.25 0 
10  51.474767 -000.469961 xxx  81.00   328 0.0 0.0   164 161161  2 0 0 0.25 0 
10  51.474472 -000.469739 xxx   0.00   164 0.0 0.0   105 161161  2 0 0 0.25 0 
10  51.474466 -000.470333 xxx 297.00   118 0.0 0.0    52 161161  2 0 0 0.25 0 
10  51.474933 -000.463063 xxx 270.00  1955 0.0 0.0   190 161161  2 0 0 0.25 0 
10  51.474070 -000.467323 xxx 346.60   551 0.0 0.0   236 161161  2 0 0 0.25 0 
10  51.473324 -000.467001 xxx 353.80    46 0.0 0.0   217 161161  2 0 0 0.25 0 
10  51.474675 -000.466901 xxx  45.00   328 0.0 0.0    98 161161  2 0 0 0.25 0 
10  51.474214 -000.468975 xxx   0.00   328 0.0 0.0    98 161161  2 0 0 0.25 0 
10  51.474808 -000.468355 xxx  90.00   571 0.0 0.0   118 161161  2 0 0 0.25 0 
10  51.474630 -000.468808 xxx  45.00   203 0.0 0.0    98 161161  2 0 0 0.25 0 
10  51.474660 -000.468045 xxx 303.00   190 0.0 0.0    98 161161  2 0 0 0.25 0 
10  51.474957 -000.468713 xxx 294.00   328 0.0 0.0    98 161161  2 0 0 0.25 0 
10  51.475179 -000.461751 xxx  63.00   328 0.0 0.0    98 161161  2 0 0 0.25 0 
10  51.475254 -000.460869 xxx  90.00   328 0.0 0.0    98 161161  2 0 0 0.25 0 
10  51.473748 -000.460953 xxx 326.10   892 0.0 0.0   256 161161  2 0 0 0.25 0 
10  51.474940 -000.467632 xxx  60.00   203 0.0 0.0    98 161161  2 0 0 0.25 0 
10  51.475667 -000.458138 xxx 297.00   230 0.0 0.0    92 161161  1 0 0 0.25 0 
10  51.475262 -000.454129 xxx 288.00   262 0.0 0.0    92 161161  1 0 0 0.25 0 
10  51.475248 -000.456816 xxx 288.00   262 0.0 0.0    92 161161  1 0 0 0.25 0 
10  51.475308 -000.451670 xxx 288.00   262 0.0 0.0    92 161161  1 0 0 0.25 0 
10  51.475247 -000.455499 xxx  78.00   262 0.0 0.0    92 161161  1 0 0 0.25 0 
10  51.475265 -000.452642 xxx  75.00   262 0.0 0.0    92 161161  1 0 0 0.25 0 
10  51.475652 -000.457142 xxx 249.00   262 0.0 0.0    72 161161  1 0 0 0.25 0 
10  51.475431 -000.454507 xxx   0.00   164 0.0 0.0    66 161161  1 0 0 0.25 0 
10  51.475721 -000.455899 xxx 273.00   328 0.0 0.0    79 161161  2 0 0 0.25 0 
10  51.476134 -000.454818 xxx   0.00   203 0.0 0.0   157 161161  2 0 0 0.25 0 
10  51.475732 -000.454868 xxx  44.20   223 0.0 0.0   230 161161  1 0 0 0.25 0 
10  51.475978 -000.454377 xxx 312.00   164 0.0 0.0    98 161161  2 0 0 0.25 0 
10  51.475728 -000.454060 xxx  75.00   328 0.0 0.0    85 161161  2 0 0 0.25 0 
10  51.475993 -000.452272 xxx  51.00   190 0.0 0.0    98 161161  2 0 0 0.25 0 
10  51.476238 -000.451887 xxx   0.00   328 0.0 0.0   157 161161  2 0 0 0.25 0 
10  51.475753 -000.452016 xxx  44.20   223 0.0 0.0   230 161161  1 0 0 0.25 0 
10  51.475738 -000.452773 xxx 282.00   328 0.0 0.0    66 161161  2 0 0 0.25 0 
10  51.476030 -000.451474 xxx 318.00   190 0.0 0.0    85 161161  2 0 0 0.25 0 
10  51.475750 -000.451088 xxx  78.00   328 0.0 0.0    66 161161  2 0 0 0.25 0 
10  51.475543 -000.451989 xxx   0.00   328 0.0 0.0   190 161161  1 0 0 0.25 0 
10  51.475078 -000.449332 xxx 270.00   984 0.0 0.0   190 161161  2 0 0 0.25 0 
10  51.475845 -000.447739 xxx 270.00  1043 0.0 0.0    92 161161  2 0 0 0.25 0 
10  51.475734 -000.447522 xxx 321.00   328 0.0 0.0    66 161161  2 0 0 0.25 0 
10  51.475663 -000.446007 xxx  48.00   223 0.0 0.0    66 161161  2 0 0 0.25 0 
10  51.475653 -000.446724 xxx 270.00   295 0.0 0.0    79 161161  2 0 0 0.25 0 
10  51.476272 -000.448140 xxx   0.00   157 0.0 0.0    66 161161  2 0 0 0.25 0 
10  51.476049 -000.448352 xxx  55.60   276 0.0 0.0    85 161161  2 0 0 0.25 0 
10  51.476191 -000.447652 xxx 321.00   361 0.0 0.0   118 161161  2 0 0 0.25 0 
10  51.476019 -000.448077 xxx   0.00    79 0.0 0.0   112 161161  2 0 0 0.25 0 
10  51.476014 -000.447016 xxx 294.00   328 0.0 0.0    85 161161  2 0 0 0.25 0 
10  51.476246 -000.437688 xxx 327.00   328 0.0 0.0   105 161161  2 0 0 0.25 0 
10  51.476018 -000.437067 xxx 288.00   328 0.0 0.0    86 161161  2 0 0 0.25 0 
10  51.475462 -000.434284 xxx   0.00  1036 0.0 0.0    98 161161  2 0 0 0.25 0 
10  51.476690 -000.433913 xxx  69.00   230 0.0 0.0   118 161161  2 0 0 0.25 0 
10  51.473260 -000.439867 xxx   3.10   216 0.0 0.0   118 161161  2 0 0 0.25 0 
10  51.472969 -000.440434 xxx 279.00   328 0.0 0.0    66 161161  2 0 0 0.25 0 
10  51.472995 -000.439093 xxx 314.00   394 0.0 0.0   138 161161  2 0 0 0.25 0 
10  51.471953 -000.439740 xxx 315.00   597 0.0 0.0   125 161161  2 0 0 0.25 0 
10  51.471802 -000.438992 xxx 270.00   236 0.0 0.0    66 161161  2 0 0 0.25 0 
10  51.472268 -000.439891 xxx 330.00   407 0.0 0.0    85 161161  2 0 0 0.25 0 
10  51.472785 -000.440207 xxx  24.00   138 0.0 0.0   125 161161  2 0 0 0.25 0 
10  51.472916 -000.439416 xxx 279.00   243 0.0 0.0   118 161161  2 0 0 0.25 0 
10  51.472816 -000.439699 xxx  57.00   328 0.0 0.0    66 161161  2 0 0 0.25 0 
10  51.471846 -000.440043 xxx 282.00   236 0.0 0.0    66 111111  2 0 0 0.25 0 
10  51.470259 -000.443257 xxx  43.90  2024 0.0 0.0   276 161161  2 0 0 0.25 0 
10  51.469558 -000.447194 xxx 310.60   853 0.0 0.0   171 161161  2 0 0 0.25 0 
10  51.470296 -000.442458 xxx  66.00   328 0.0 0.0    66 161161  2 0 0 0.25 0 
10  51.468157 -000.444856 xxx 315.00   328 0.0 0.0   118 161161  2 0 0 0.25 0 
10  51.468293 -000.446687 xxx 276.00   407 0.0 0.0   112 161161  2 0 0 0.25 0 
10  51.468756 -000.444793 xxx  24.00   328 0.0 0.0    85 161161  2 0 0 0.25 0 
10  51.468211 -000.445528 xxx 270.00   236 0.0 0.0    98 161161  2 0 0 0.25 0 
10  51.467871 -000.446203 xxx  44.40   453 0.0 0.0   105 161161  2 0 0 0.25 0 
10  51.467428 -000.446810 xxx 270.00   919 0.0 0.0    98 161161  2 0 0 0.25 0 
10  51.467327 -000.445951 xxx 279.00   328 0.0 0.0    66 161161  2 0 0 0.25 0 
10  51.467133 -000.445596 xxx 348.00   157 0.0 0.0   105 161161  2 0 0 0.25 0 
10  51.467299 -000.447772 xxx  69.00   249 0.0 0.0    66 161161  2 0 0 0.25 0 
10  51.466663 -000.447875 xxx 288.00   210 0.0 0.0    66 161161  2 0 0 0.25 0 
10  51.468567 -000.446546 xxx  45.00   328 0.0 0.0   105 161161  2 0 0 0.25 0 
10  51.468502 -000.449603 xxx 310.20   866 0.0 0.0   223 161161  2 0 0 0.25 0 
10  51.467250 -000.457327 xxx  72.00   328 0.0 0.0    66 161161  1 0 0 0.25 0 
10  51.467262 -000.456539 xxx 288.00   328 0.0 0.0    66 161161  1 0 0 0.25 0 
10  51.467262 -000.458647 xxx 294.00   328 0.0 0.0    66 161161  1 0 0 0.25 0 
10  51.467250 -000.455238 xxx  66.00   328 0.0 0.0    66 161161  1 0 0 0.25 0 
10  51.467238 -000.452263 xxx 270.00   958 0.0 0.0   190 161161  2 0 0 0.25 0 
10  51.467356 -000.454491 xxx 270.00   328 0.0 0.0   105 161161  2 0 0 0.25 0 
10  51.467199 -000.454420 xxx 288.00   328 0.0 0.0    66 161161  2 0 0 0.25 0 
10  51.466978 -000.454076 xxx 308.60   525 0.0 0.0    66 161161  2 0 0 0.25 0 
10  51.466865 -000.453955 xxx  60.00   466 0.0 0.0   105 161161  2 0 0 0.25 0 
10  51.466865 -000.453581 xxx   0.00   118 0.0 0.0    66 161161  2 0 0 0.25 0 
10  51.467010 -000.452974 xxx  80.40   328 0.0 0.0    66 161161  2 0 0 0.25 0 
10  51.467633 -000.449274 xxx  42.00   328 0.0 0.0   197 161161  2 0 0 0.25 0 
10  51.467589 -000.448718 xxx  45.00   223 0.0 0.0    92 161161  2 0 0 0.25 0 
10  51.467299 -000.449213 xxx  81.00   328 0.0 0.0    98 161161  2 0 0 0.25 0 
10  51.467299 -000.450063 xxx 171.00   164 0.0 0.0   177 161161  2 0 0 0.25 0 
10  51.467004 -000.451862 xxx 279.00   328 0.0 0.0    66 161161  2 0 0 0.25 0 
10  51.466934 -000.451215 xxx 315.00   354 0.0 0.0   131 161161  2 0 0 0.25 0 
10  51.466777 -000.451074 xxx  59.30   328 0.0 0.0    92 161161  2 0 0 0.25 0 
10  51.466682 -000.450372 xxx 294.00   328 0.0 0.0   105 161161  2 0 0 0.25 0 
10  51.466674 -000.449247 xxx  69.00   328 0.0 0.0    66 161161  2 0 0 0.25 0 
10  51.467124 -000.449834 xxx  63.00   374 0.0 0.0    92 161161  2 0 0 0.25 0 
10  51.466849 -000.451327 xxx   0.00   151 0.0 0.0    66 161161  2 0 0 0.25 0 
10  51.466827 -000.450299 xxx   0.00    98 0.0 0.0    98 161161  2 0 0 0.25 0 
10  51.471449 -000.447383 xxx  66.00   472 0.0 0.0   295 161161  1 0 0 0.25 0 
10  51.468787 -000.435656 xxx 337.80  1483 0.0 0.0   151 161161  2 0 0 0.25 0 
10  51.466579 -000.434530 xxx   0.00   387 0.0 0.0   144 161161  2 0 0 0.25 0 
10  51.466790 -000.436905 xxx 324.10   518 0.0 0.0   348 161161  2 0 0 0.25 0 
10  51.466955 -000.439259 xxx   0.00   538 0.0 0.0   100 161161  2 0 0 0.25 0 
10  51.466068 -000.439352 xxx  19.20   151 0.0 0.0    98 161161  2 0 0 0.25 0 
10  51.467570 -000.441144 xxx 270.00   676 0.0 0.0   131 161161  2 0 0 0.25 0 
10  51.469069 -000.440013 xxx 324.70   814 0.0 0.0   112 161161  2 0 0 0.25 0 
10  51.468355 -000.439494 xxx 342.00   328 0.0 0.0    79 161161  2 0 0 0.25 0 
10  51.468132 -000.439530 xxx   0.00   328 0.0 0.0    66 161161  2 0 0 0.25 0 
10  51.467865 -000.439691 xxx  48.00   328 0.0 0.0   131 161161  2 0 0 0.25 0 
10  51.469571 -000.440981 xxx 294.00   328 0.0 0.0    85 161161  2 0 0 0.25 0 
10  51.470475 -000.437631 xxx 270.00   472 0.0 0.0   131 161161  2 0 0 0.25 0 
10  51.469761 -000.438312 xxx  42.00   965 0.0 0.0    98 161161  2 0 0 0.25 0 
10  51.469058 -000.439601 xxx  90.00   203 0.0 0.0    66 161161  2 0 0 0.25 0 
10  51.467418 -000.439637 xxx 330.00   328 0.0 0.0    85 161161  2 0 0 0.25 0 
10  51.467541 -000.438813 xxx  90.00   427 0.0 0.0   118 161161  2 0 0 0.25 0 
10  51.467518 -000.438315 xxx 322.90   387 0.0 0.0   144 161161  2 0 0 0.25 0 
10  51.467939 -000.439032 xxx  36.00   289 0.0 0.0   157 161161  2 0 0 0.25 0 
10  51.467954 -000.438542 xxx   0.00   328 0.0 0.0    66 161161  2 0 0 0.25 0 
10  51.468198 -000.438187 xxx  69.00   249 0.0 0.0    66 161161  2 0 0 0.25 0 
10  51.468343 -000.437515 xxx 270.00   938 0.0 0.0   105 161161  2 0 0 0.25 0 
10  51.468465 -000.438921 xxx 291.00   328 0.0 0.0    66 161161  2 0 0 0.25 0 
10  51.468175 -000.435606 xxx 123.00   328 0.0 0.0    79 161161  2 0 0 0.25 0 
10  51.467481 -000.437656 xxx 275.80   308 0.0 0.0   151 161161  2 0 0 0.25 0 
10  51.468507 -000.436196 xxx  69.00   328 0.0 0.0    92 161161  2 0 0 0.25 0 
10  51.468830 -000.435929 xxx   0.00   328 0.0 0.0    66 161161  2 0 0 0.25 0 
10  51.469153 -000.437661 xxx  90.00   715 0.0 0.0    98 161161  2 0 0 0.25 0 
10  51.469033 -000.438934 xxx  75.00   328 0.0 0.0    79 161161  2 0 0 0.25 0 
10  51.469051 -000.436203 xxx 297.00   328 0.0 0.0   105 161161  2 0 0 0.25 0 
10  51.469282 -000.436714 xxx  63.00   210 0.0 0.0    79 161161  2 0 0 0.25 0 
10  51.469549 -000.436448 xxx   0.00   328 0.0 0.0    66 161161  2 0 0 0.25 0 
10  51.470285 -000.437004 xxx 300.00   256 0.0 0.0    85 161161  2 0 0 0.25 0 
10  51.468757 -000.441231 xxx 317.60   486 0.0 0.0   308 111111  2 0 0 0.25 0 
10  51.468404 -000.442052 xxx 270.00   472 0.0 0.0   308 111111  2 0 0 0.25 0 
10  51.468100 -000.443033 xxx 270.00   328 0.0 0.0    85 111111  2 0 0 0.25 0 
10  51.470393 -000.436164 xxx   0.00   774 0.0 0.0   157 161161  2 0 0 0.25 0 
10  51.473016 -000.433323 xxx  43.30  1785 0.0 0.0   171 161161  2 0 0 0.25 0 
10  51.471005 -000.436718 xxx   0.00   328 0.0 0.0   177 161161  2 0 0 0.25 0 
10  51.469125 -000.478954 xxx   0.00   761 0.0 0.0  1207 161161  2 0 0 0.25 0 
10  51.469097 -000.475088 xxx   0.00   735 0.0 0.0   394 161161  2 0 0 0.25 0 
10  51.469373 -000.463513 xxx 325.80  1513 0.0 0.0   873 161161  2 0 0 0.25 0 
10  51.471354 -000.465442 xxx   0.00   676 0.0 0.0   761 161161  2 0 0 0.25 0 
10  51.467760 -000.461115 xxx   0.00   341 0.0 0.0   446 161161  2 0 0 0.25 0 
10  51.473617 -000.464375 xxx   0.00   925 0.0 0.0  1220 161161  2 0 0 0.25 0 
10  51.471625 -000.462264 xxx 326.80  1367 0.0 0.0   599 161161  2 0 0 0.25 0 
10  51.469521 -000.461058 xxx 326.90   571 0.0 0.0   407 161161  2 0 0 0.25 0 
10  51.473950 -000.459277 xxx  33.60   663 0.0 0.0   361 161161  2 0 0 0.25 0 
10  51.474408 -000.460221 xxx   0.00   328 0.0 0.0   505 161161  2 0 0 0.25 0 
10  51.469180 -000.459471 xxx 327.40  1030 0.0 0.0   506 161161  2 0 0 0.25 0 
10  51.468330 -000.457898 xxx 270.00   735 0.0 0.0   394 161161  2 0 0 0.25 0 
10  51.467994 -000.450932 xxx 310.40   650 0.0 0.0   492 161161  2 0 0 0.25 0 
10  51.467635 -000.453211 xxx 270.00   761 0.0 0.0   197 161161  2 0 0 0.25 0 
10  51.467893 -000.452493 xxx  42.00   328 0.0 0.0   164 161161  2 0 0 0.25 0 
10  51.469164 -000.448559 xxx 313.30   892 0.0 0.0   577 161161  2 0 0 0.25 0 
10  51.467609 -000.448135 xxx 330.00   184 0.0 0.0   170 161161  2 0 0 0.25 0 
10  51.471200 -000.444405 xxx  43.00  1752 0.0 0.0   886 161161  2 0 0 0.25 0 
10  51.472768 -000.440550 xxx 333.00   184 0.0 0.0    98 161161  2 0 0 0.25 0 
10  51.473029 -000.441599 xxx 313.10   322 0.0 0.0   223 161161  2 0 0 0.25 0 
10  51.472817 -000.445716 xxx  55.10  1811 0.0 0.0   243 161161  2 0 0 0.25 0 
10  51.474320 -000.443907 xxx 326.40   394 0.0 0.0   492 161161  2 0 0 0.25 0 
10  51.473374 -000.446944 xxx  56.30  1575 0.0 0.0   492 161161  2 0 0 0.25 0 
10  51.470351 -000.448260 xxx 303.00   427 0.0 0.0   328 161161  2 0 0 0.25 0 
10  51.473495 -000.450709 xxx 325.80   676 0.0 0.0   203 161161  2 0 0 0.25 0 
10  51.474269 -000.448423 xxx  56.20  1254 0.0 0.0   446 161161  2 0 0 0.25 0 
10  51.474514 -000.450194 xxx 326.50   249 0.0 0.0   630 161161  2 0 0 0.25 0 
10  51.474809 -000.448441 xxx 330.00   184 0.0 0.0   210 161161  2 0 0 0.25 0 
10  51.474539 -000.454430 xxx 270.00  1899 0.0 0.0   269 161161  2 0 0 0.25 0 
10  51.474303 -000.451800 xxx 296.60   276 0.0 0.0   190 161161  2 0 0 0.25 0 
10  51.466955 -000.454155 xxx   0.00   151 0.0 0.0    98 161161  2 0 0 0.25 0 
10  51.466906 -000.459671 xxx   0.00   151 0.0 0.0    98 161161  2 0 0 0.25 0 
10  51.470982 -000.448008 xxx   0.00   236 0.0 0.0   407 161161  2 0 0 0.25 0 
10  51.468330 -000.455416 xxx   0.00   394 0.0 0.0   571 111111  2 0 0 0.25 0 
10  51.468183 -000.454194 xxx 333.60   367 0.0 0.0   125 161161  2 0 0 0.25 0 
10  51.468111 -000.433783 xxx 338.70   741 0.0 0.0   571 161161  2 0 0 0.25 0 
10  51.470600 -000.434331 xxx  67.20   695 0.0 0.0   446 161161  2 0 0 0.25 0 
10  51.469342 -000.434967 xxx 338.50   328 0.0 0.0    79 161161  2 0 0 0.25 0 
10  51.470263 -000.435752 xxx  78.00   177 0.0 0.0   203 161161  2 0 0 0.25 0 
10  51.471161 -000.435114 xxx  42.00   413 0.0 0.0   322 111111  2 0 0 0.25 0 
10  51.471769 -000.434756 xxx   0.00   249 0.0 0.0   177 111111  2 0 0 0.25 0 
10  51.471404 -000.434072 xxx 276.00   387 0.0 0.0   342 161161  2 0 0 0.25 0 
10  51.473997 -000.427280 xxx   0.00   551 0.0 0.0    66 111111  1 0 0 0.25 0 
10  51.473219 -000.431841 xxx 312.70   328 0.0 0.0  1240 111111  2 0 0 0.25 0 
10  51.471941 -000.433893 xxx 270.00   328 0.0 0.0   197 111111  2 0 0 0.25 0 
10  51.473949 -000.429008 xxx   0.00   380 0.0 0.0   762 161161  2 0 0 0.25 0 
10  51.474683 -000.428583 xxx 286.40   348 0.0 0.0    98 161161  2 0 0 0.25 0 
10  51.474538 -000.429122 xxx   0.00   118 0.0 0.0    66 161161  2 0 0 0.25 0 
10  51.474528 -000.428226 xxx 270.00   406 0.0 0.0   164 161161  2 0 0 0.25 0 
10  51.471970 -000.468796 xxx   0.00   774 0.0 0.0   157 161161  2 0 0 0.25 0 
10  51.471442 -000.468498 xxx   0.00   328 0.0 0.0    66 161161  2 0 0 0.25 0 
10  51.472576 -000.468325 xxx 315.00   328 0.0 0.0    66 161161  2 0 0 0.25 0 
10  51.472806 -000.468492 xxx 339.00   328 0.0 0.0    85 161161  2 0 0 0.25 0 
10  51.472049 -000.468260 xxx 237.00   328 0.0 0.0    66 161161  2 0 0 0.25 0 
10  51.471901 -000.468368 xxx 204.00   328 0.0 0.0    66 161161  2 0 0 0.25 0 
10  51.472238 -000.468346 xxx 315.00   157 0.0 0.0   164 161161  2 0 0 0.25 0 
10  51.475841 -000.462769 xxx 265.70   374 0.0 0.0    66 161161  2 0 0 0.25 0 
10  51.475845 -000.441785 xxx 270.00  1713 0.0 0.0    92 161161  2 0 0 0.25 0 
10  51.475831 -000.441538 xxx 288.00   486 0.0 0.0   112 161161  2 0 0 0.25 0 
10  51.475762 -000.440126 xxx  78.00   328 0.0 0.0    66 161161  2 0 0 0.25 0 
10  51.475600 -000.440286 xxx  39.00   210 0.0 0.0    66 161161  2 0 0 0.25 0 
10  51.475609 -000.441012 xxx 312.00   217 0.0 0.0    66 161161  2 0 0 0.25 0 
10  51.475942 -000.443296 xxx 258.00   348 0.0 0.0    79 161161  2 0 0 0.25 0 
10  51.476157 -000.442784 xxx  30.00   157 0.0 0.0    66 161161  2 0 0 0.25 0 
10  51.476283 -000.442511 xxx 336.40   335 0.0 0.0    79 161161  2 0 0 0.25 0 
10  51.476143 -000.442573 xxx   0.00   203 0.0 0.0    66 161161  2 0 0 0.25 0 
10  51.476392 -000.442784 xxx 331.30   131 0.0 0.0    52 161161  2 0 0 0.25 0 
10  51.475966 -000.438459 xxx 252.00   328 0.0 0.0    79 161161  2 0 0 0.25 0 
10  51.473939 -000.424242 xxx 270.00  1142 0.0 0.0   938 111111  2 0 0 0.25 0 
10  51.474104 -000.426949 xxx   0.00   472 0.0 0.0   125 111111  2 0 0 0.25 0 
10  51.474859 -000.426791 xxx  28.50   223 0.0 0.0    98 111111  2 0 0 0.25 0 
10  51.473160 -000.430282 xxx 342.00   328 0.0 0.0   472 111111  2 0 0 0.25 0 
10  51.472468 -000.429817 xxx 270.00   794 0.0 0.0   807 161161  2 0 0 0.25 0 
10  51.471675 -000.432452 xxx 282.00   459 0.0 0.0   144 161161  2 0 0 0.25 0 
10  51.471096 -000.429805 xxx 270.00  1647 0.0 0.0   105 111111  2 0 0 0.25 0 
10  51.471260 -000.432738 xxx 282.00   512 0.0 0.0    79 161161  2 0 0 0.25 0 
10  51.468958 -000.430616 xxx 337.70  1214 0.0 0.0   794 111111  2 0 0 0.25 0 
10  51.469581 -000.426576 xxx 336.60   945 0.0 0.0   624 111111  2 0 0 0.25 0 
10  51.469834 -000.425133 xxx 336.00   846 0.0 0.0   112 111111  2 0 0 0.25 0 
10  51.470986 -000.426077 xxx 310.30   164 0.0 0.0   105 111111  2 0 0 0.25 0 
10  51.470902 -000.427298 xxx 321.00   164 0.0 0.0    66 111111  2 0 0 0.25 0 
10  51.470834 -000.426843 xxx   0.00   164 0.0 0.0   262 111111  2 0 0 0.25 0 
10  51.470547 -000.429421 xxx 337.70   348 0.0 0.0   282 111111  2 0 0 0.25 0 
10  51.472921 -000.419934 xxx  49.20   682 0.0 0.0   518 111111  2 0 0 0.25 0 
10  51.474480 -000.420730 xxx  11.60   728 0.0 0.0   669 111111  2 0 0 0.25 0 
10  51.472396 -000.421018 xxx 359.80   328 0.0 0.0   361 111111  2 0 0 0.25 0 
10  51.472072 -000.420932 xxx  45.00   348 0.0 0.0   217 111111  2 0 0 0.25 0 
10  51.471122 -000.417807 xxx  49.20   945 0.0 0.0   446 111111  2 0 0 0.25 0 
10  51.473319 -000.417358 xxx 318.00  1522 0.0 0.0   105 111111  2 0 0 0.25 0 
10  51.472486 -000.416749 xxx   0.00   249 0.0 0.0    66 111111  2 0 0 0.25 0 
10  51.472036 -000.416114 xxx 318.00   446 0.0 0.0   125 111111  2 0 0 0.25 0 
10  51.473240 -000.417961 xxx 270.00   328 0.0 0.0    66 111111  2 0 0 0.25 0 
10  51.473833 -000.418739 xxx 318.00   591 0.0 0.0   217 111111  2 0 0 0.25 0 
10  51.470475 -000.431846 xxx 246.60   997 0.0 0.0   112 161161  2 0 0 0.25 0 
10  51.470966 -000.431488 xxx 288.00   328 0.0 0.0    66 161161  2 0 0 0.25 0 
10  51.470910 -000.431111 xxx 336.00   144 0.0 0.0   210 161161  2 0 0 0.25 0 
10  51.470832 -000.432616 xxx 337.70   177 0.0 0.0   223 161161  2 0 0 0.25 0 
10  51.470988 -000.432114 xxx  84.00   328 0.0 0.0    66 161161  2 0 0 0.25 0 
10  51.472306 -000.431807 xxx  18.00   472 0.0 0.0   407 111111  2 0 0 0.25 0 
10  51.475881 -000.436934 xxx  90.00   577 0.0 0.0   118 161161  2 0 0 0.25 0 
10  51.476276 -000.432124 xxx  41.50   171 0.0 0.0   190 161161  1 0 0 0.25 0 
10  51.474049 -000.434288 xxx  41.50  1155 0.0 0.0    92 161161  2 0 0 0.25 0 
10  51.472504 -000.435932 xxx   0.00   807 0.0 0.0   105 161161  2 0 0 0.25 0 
10  51.472644 -000.436215 xxx 270.00   545 0.0 0.0    40 161161  2 0 0 0.25 0 
10  51.472342 -000.434574 xxx 315.00   328 0.0 0.0    40 161161  2 0 0 0.25 0 
10  51.472319 -000.436906 xxx   0.00   210 0.0 0.0    40 161161  2 0 0 0.25 0 
10  51.471932 -000.435995 xxx 270.00   328 0.0 0.0    40 161161  2 0 0 0.25 0 
10  51.471995 -000.436796 xxx 311.40    85 0.0 0.0    40 161161  2 0 0 0.25 0 
10  51.471596 -000.436095 xxx  36.00   367 0.0 0.0    92 161161  2 0 0 0.25 0 
10  51.471411 -000.436504 xxx  78.00   328 0.0 0.0    66 161161  2 0 0 0.25 0 
10  51.472536 -000.439897 xxx  15.00   328 0.0 0.0    66 161161  2 0 0 0.25 0 
10  51.474721 -000.435932 xxx   0.00   840 0.0 0.0   105 161161  2 0 0 0.25 0 
10  51.475726 -000.436120 xxx 315.00   191 0.0 0.0   111 161161  2 0 0 0.25 0 
10  51.474682 -000.434120 xxx 270.00   328 0.0 0.0   105 161161  2 0 0 0.25 0 
10  51.474460 -000.434009 xxx   0.00    92 0.0 0.0    85 161161  2 0 0 0.25 0 
10  51.474827 -000.433453 xxx  63.00   223 0.0 0.0    66 161161  2 0 0 0.25 0 
10  51.474812 -000.434468 xxx  45.00   112 0.0 0.0    86 161161  2 0 0 0.25 0 
10  51.474553 -000.434493 xxx 315.00   131 0.0 0.0    66 161161  2 0 0 0.25 0 
10  51.474093 -000.434487 xxx  24.00   197 0.0 0.0    52 161161  2 0 0 0.25 0 
10  51.476288 -000.432884 xxx 330.00   322 0.0 0.0    66 161161  2 0 0 0.25 0 
10  51.475747 -000.432554 xxx   0.00   328 0.0 0.0    92 161161  2 0 0 0.25 0 
10  51.475810 -000.432292 xxx  57.00   157 0.0 0.0   118 161161  2 0 0 0.25 0 
10  51.475275 -000.432590 xxx  24.00    59 0.0 0.0    92 161161  2 0 0 0.25 0 
10  51.473095 -000.452561 xxx   0.00   531 0.0 0.0    85 111111  1 0 0 0.25 0 
10  51.472033 -000.452797 xxx  18.00   328 0.0 0.0    73 111111  1 0 0 0.25 0 
10  51.472017 -000.452194 xxx 327.00   328 0.0 0.0    73 111111  1 0 0 0.25 0 
10  51.471274 -000.454003 xxx  60.00   551 0.0 0.0    66 111111  1 0 0 0.25 0 
10  51.471527 -000.455529 xxx 147.00   538 0.0 0.0    73 111111  1 0 0 0.25 0 
10  51.472626 -000.454981 xxx  60.00   728 0.0 0.0    60 111111  1 0 0 0.25 0 
10  51.468829 -000.454567 xxx   0.00   715 0.0 0.0  2008 111111  2 0 0 0.25 0 
10  51.469521 -000.434115 xxx 339.00   328 0.0 0.0   341 161161  2 0 0 0.25 0 
10  51.458869 -000.456049 xxx 336.00   440 0.0 0.0   236 161161  2 0 0 0.25 0 
10  51.461903 -000.457654 xxx 324.00   545 0.0 0.0   460 161161  2 0 0 0.25 0 
10  51.462884 -000.464402 xxx  90.00  1496 0.0 0.0   118 111111  2 0 0 0.25 0 
10  51.460107 -000.446634 xxx 129.00   407 0.0 0.0   171 111111  2 0 0 0.25 0 
10  51.459854 -000.444377 xxx 270.00   821 0.0 0.0   210 111111  2 0 0 0.25 0 
10  51.473095 -000.460979 xxx  33.40   899 0.0 0.0   663 111111  2 0 0 0.25 0 
10  51.458064 -000.447451 xxx 326.50    33 0.0 0.0   164 111111  2 0 0 0.25 0 
10  51.471987 -000.454776 xxx   0.00  1689 0.0 0.0  2793 111111  2 0 0 0.25 0 
10  51.465213 -000.474724 xxx 315.00   282 0.0 0.0   157 161161  2 0 0 0.25 0 
10  51.465213 -000.482428 xxx 315.00   171 0.0 0.0   269 161161  1 0 0 0.25 0 
10  51.465225 -000.482014 xxx 315.00   282 0.0 0.0   157 161161  2 0 0 0.25 0 
10  51.465201 -000.484989 xxx 315.00   171 0.0 0.0   269 161161  1 0 0 0.25 0 
10  51.465225 -000.484575 xxx 315.00   282 0.0 0.0   157 161161  2 0 0 0.25 0 
10  51.464926 -000.487306 xxx  89.98   328 0.0 0.0   289 161161  1 0 0 0.25 0 
10  51.464838 -000.484646 xxx 147.00   171 0.0 0.0   269 161161  1 0 0 0.25 0 
10  51.464861 -000.485069 xxx 147.00   282 0.0 0.0   157 161161  2 0 0 0.25 0 
10  51.475810 -000.486053 xxx  57.00   184 0.0 0.0    66 161161  2 0 0 0.25 0 
10  51.475642 -000.490307 xxx 120.70    54 0.0 0.0    80 161161  2 0 0 0.25 0 
10  51.474682 -000.436010 xxx 270.00   702 0.0 0.0   105 161161  2 0 0 0.25 0 
10  51.475106 -000.439276 xxx 270.00   708 0.0 0.0   105 161161  2 0 0 0.25 0 
10  51.475215 -000.440151 xxx 309.00   170 0.0 0.0    92 161161  2 0 0 0.25 0 
10  51.475399 -000.440541 xxx   0.00   170 0.0 0.0   164 161161  2 0 0 0.25 0 
10  51.474813 -000.440272 xxx  42.00   321 0.0 0.0   151 161161  2 0 0 0.25 0 
10  51.475466 -000.440945 xxx 348.00   217 0.0 0.0    66 161161  2 0 0 0.25 0 
10  51.472977 -000.440070 xxx 234.00   217 0.0 0.0   105 161161  2 0 0 0.25 0 
10  51.474972 -000.439653 xxx 252.00   217 0.0 0.0    66 161161  2 0 0 0.25 0 
10  51.474310 -000.440272 xxx 180.00   342 0.0 0.0   138 161161  2 0 0 0.25 0 
10  51.474678 -000.435939 xxx  45.00   250 0.0 0.0   250 161161  2 0 0 0.25 0 
10  51.474477 -000.437150 xxx 216.00   178 0.0 0.0    79 161161  2 0 0 0.25 0 
10  51.474796 -000.437648 xxx 153.00   283 0.0 0.0   105 161161  2 0 0 0.25 0 
10  51.474947 -000.438052 xxx 297.00   210 0.0 0.0    59 161161  2 0 0 0.25 0 
10  51.474901 -000.437448 xxx 312.00   263 0.0 0.0   105 161161  2 0 0 0.25 0 
10  51.475673 -000.435741 xxx 201.00   217 0.0 0.0    66 161161  2 0 0 0.25 0 
10  51.475033 -000.435728 xxx 159.00   217 0.0 0.0    46 161161  2 0 0 0.25 0 
14  51.471877 -000.465513  280 0 New Tower
15  51.472107 -000.447452 325.78 Stand 118
15  51.470725 -000.443613 314.75 Stand 150
15  51.474757 -000.455505 180.00 Stand 182
15  51.468831 -000.449424  38.36 Stand 206
15  51.470427 -000.463442 235.13 Stand 320
15  51.472984 -000.464362   0.00 Stand 335
15  51.457820 -000.449421 326.70 Stand 402
15  51.460273 -000.448991 131.48 Stand 408
15  51.461340 -000.442199 114.01 Stand 424
15  51.458427 -000.454563 270.00 Stand 451
15  51.459102 -000.454594 270.00 Stand 452
15  51.459721 -000.454594 270.00 Stand 453
15  51.460479 -000.454675 234.00 Stand 454
15  51.461090 -000.455467 234.00 Stand 455
15  51.461712 -000.456117 234.00 Stand 456
15  51.469141 -000.480346 270.00 Stand 542
15  51.469146 -000.475015 270.00 Stand 567
15  51.469852 -000.469952 270.00 Stand 591
15  51.462638 -000.458539 180.00 Stand 601 Cargo
15  51.462230 -000.474074 270.00 Stand 616 Cargo
15  51.473277 -000.430566 180.00 Stand 701 Maintenance Area
15  51.462717 -000.456576 267.14 Stand RS
18  51.471870 -000.465735 1 Airport Beacon
19  51.476624 -000.480634 1 WS 09L
19  51.465864 -000.477643 1 WS 09R
19  51.463842 -000.439381 1 WS 27L
19  51.478587 -000.439031 1 WS 27R
19  51.463920 -000.453517 1 WS MID 27L 09R
19  51.478575 -000.461183 1 WS MID 27R 09L
50 12807 ATIS
52 12197 CLNC DEL
53 12190 GND
54 12447 TWR
55 13497 APP
