1    -11 1 0 EHAM Schiphol
10  52.345631    4.710385 18R 183.180 12450 0886.0000 0000.0000  198 352141 01 1 3 0.25 1 0300.0300 
10  52.296244    4.755768 06x  57.920 11446 0820.0000 0000.0000  148 352341 01 0 3 0.25 1 0300.0300 
10  52.296249    4.755768 23x 237.920 11446 0820.0000 0000.0000  148 351341 01 1 2 0.25 1 0300.0300 
10  52.317510    4.771620 09x  86.790 11281 0294.0000 0000.0000  148 141352 01 1 3 0.25 1 0300.0300 
10  52.306081    4.778652 18L 182.990 11138 1887.0000 0000.0000  148 141352 01 1 3 0.25 1 0300.0300 
10  52.316590    4.738766 18C 182.990 10811 0000.1476 0000.0000  148 352352 01 1 3 0.25 1 0300.0300 
10  52.307199    4.793254 04x  41.190  6614 0000.0000 0000.0915  148 122322 01 1 3 0.25 1 0300.0300 
10  52.309086    4.741757 xxx  92.990   260 0000.0000 0000.0000  195 161161 01 0 0 0.25 0 
10  52.291267    4.780371 xxx  25.407   203 0000.0000 0000.0000   84 161161 01 0 0 0.25 0 
10  52.290979    4.779893 xxx  68.197   184 0000.0000 0000.0000   85 161161 01 0 0 0.25 0 
10  52.290924    4.778616 xxx  92.990   437 0000.0000 0000.0000   85 161161 01 0 0 0.25 0 
10  52.293431    4.780705 xxx 182.852  1430 0000.0000 0000.0000   85 161161 01 0 0 0.25 0 
10  52.296045    4.779491 xxx 128.977   822 0000.0000 0000.0000   85 161161 01 0 0 0.25 0 
10  52.306192    4.775493 xxx  46.730   274 0000.0000 0000.0000  198 111111 01 0 0 0.25 0 
10  52.306119    4.774762 xxx 148.067   241 0000.0000 0000.0000  110 111111 01 0 0 0.25 0 
10  52.306483    4.775500 xxx  94.869   357 0000.0000 0000.0000  132 111111 01 0 0 0.25 0 
10  52.304171    4.772371 xxx 327.518   288 0000.0000 0000.0000   75 111111 01 0 0 0.25 0 
10  52.303758    4.773033 xxx 116.005   191 0000.0000 0000.0000   75 111111 01 0 0 0.25 0 
10  52.303688    4.773606 xxx 205.855   571 0000.0000 0000.0000   75 111111 01 0 0 0.25 0 
10  52.304519    4.774171 xxx   5.354   117 0000.0000 0000.0000   75 111111 01 0 0 0.25 0 
10  52.305221    4.773621 xxx 148.828   517 0000.0000 0000.0000   75 111111 01 0 0 0.25 0 
10  52.313736    4.763590 xxx 160.934   287 0000.0000 0000.0000   78 111111 02 0 0 0.25 0 
10  52.313603    4.760116 xxx  13.538   292 0000.0000 0000.0000   89 111111 02 0 0 0.25 0 
10  52.312927    4.761918 xxx 176.790   845 0000.0000 0000.0000  775 111111 02 0 0 0.25 0 
10  52.314267    4.762073 xxx  86.790  1087 0000.0000 0000.0000  151 111111 01 0 0 0.25 0 
10  52.312429    4.765836 xxx 213.497  1430 0000.0000 0000.0000  260 111111 02 0 0 0.25 0 
10  52.314363    4.766150 xxx  86.011   424 0000.0000 0000.0000  183 111111 01 0 0 0.25 0 
10  52.314567    4.772292 xxx 132.484    91 0000.0000 0000.0000  132 111111 01 0 0 0.25 0 
10  52.314792    4.772077 xxx  99.252   309 0000.0000 0000.0000   75 111111 01 0 0 0.25 0 
10  52.313152    4.774951 xxx 334.283   220 0000.0000 0000.0000  224 111111 01 0 0 0.25 0 
10  52.315699    4.775939 xxx  45.174   161 0000.0000 0000.0000   78 111111 01 0 0 0.25 0 
10  52.312985    4.776783 xxx  15.430   194 0000.0000 0000.0000  104 111111 01 0 0 0.25 0 
10  52.312797    4.776975 xxx  36.660   276 0000.0000 0000.0000  124 111111 01 0 0 0.25 0 
10  52.314438    4.776437 xxx 340.276   160 0000.0000 0000.0000   75 111111 01 0 0 0.25 0 
10  52.314058    4.776560 xxx 177.944   149 0000.0000 0000.0000   75 111111 01 0 0 0.25 0 
10  52.311645    4.745129 xxx 182.990  1669 0000.0000 0000.0000  250 161161 01 0 0 0.25 0 
10  52.333898    4.709821 xxx 157.068   128 0000.0000 0000.0000   53 111111 01 0 0 0.25 0 
10  52.333922    4.709985 xxx 158.028   349 0000.0000 0000.0000   52 111111 01 0 0 0.25 0 
10  52.332643    4.712175 xxx 171.905   177 0000.0000 0000.0000   75 111111 01 0 0 0.25 0 
10  52.330135    4.717731 xxx 356.280   530 0000.0000 0000.0000   75 111111 01 0 0 0.25 0 
10  52.329893    4.718142 xxx  86.009   500 0000.0000 0000.0000   75 111111 01 0 0 0.25 0 
10  52.331374    4.716594 xxx 117.526   180 0000.0000 0000.0000   75 111111 01 0 0 0.25 0 
10  52.331465    4.715890 xxx  87.598   193 0000.0000 0000.0000   75 111111 01 0 0 0.25 0 
10  52.331341    4.715151 xxx  62.231   196 0000.0000 0000.0000   75 111111 01 0 0 0.25 0 
10  52.320801    4.733958 xxx 122.862   320 0000.0000 0000.0000   75 111111 01 0 0 0.25 0 
10  52.320422    4.739002 xxx  93.178  2030 0000.0000 0000.0000   75 111111 01 0 0 0.25 0 
10  52.328970    4.721190 xxx 131.326  2549 0000.0000 0000.0000   75 111111 01 0 0 0.25 0 
10  52.323851    4.729423 xxx 319.294  2727 0000.0000 0000.0000   75 111111 01 0 0 0.25 0 
10  52.323391    4.741967 xxx 133.445   181 0000.0000 0000.0000   80 161161 01 0 0 0.25 0 
10  52.323506    4.740932 xxx  60.542   113 0000.0000 0000.0000   82 111111 01 0 0 0.25 0 
10  52.323560    4.741586 xxx  92.911   239 0000.0000 0000.0000   75 111111 01 0 0 0.25 0 
10  52.322794    4.740071 xxx 212.648   587 0000.0000 0000.0000   80 111111 01 0 0 0.25 0 
10  52.328706    4.741342 xxx  92.911   581 0000.0000 0000.0000   75 111111 01 0 0 0.25 0 
10  52.326514    4.742161 xxx 133.445   181 0000.0000 0000.0000   80 111111 01 0 0 0.25 0 
10  52.326622    4.742617 xxx  92.911   557 0000.0000 0000.0000   80 111111 01 0 0 0.25 0 
10  52.326601    4.741248 xxx  59.520   116 0000.0000 0000.0000   80 111111 01 0 0 0.25 0 
10  52.325871    4.740374 xxx 212.648   587 0000.0000 0000.0000   80 111111 01 0 0 0.25 0 
10  52.320130    4.741762 xxx 136.882   133 0000.0000 0000.0000   79 111111 01 0 0 0.25 0 
10  52.320224    4.739474 xxx  49.147   147 0000.0000 0000.0000  100 111111 01 0 0 0.25 0 
10  52.314384    4.741943 xxx  44.495   334 0000.0000 0000.0000   63 111111 01 0 0 0.25 0 
10  52.314493    4.741815 xxx  47.161   214 0000.0000 0000.0000   89 111111 01 0 0 0.25 0 
10  52.311294    4.741037 xxx  32.788   117 0000.0000 0000.0000   38 111111 01 0 0 0.25 0 
10  52.311129    4.740001 xxx 113.063   110 0000.0000 0000.0000   40 111111 01 0 0 0.25 0 
10  52.311042    4.740550 xxx  76.675   263 0000.0000 0000.0000  100 161161 01 0 0 0.25 0 
10  52.304365    4.740514 xxx   7.400    84 0000.0000 0000.0000   58 111111 01 0 0 0.25 0 
10  52.305916    4.740720 xxx  92.990   610 0000.0000 0000.0000  130 161161 01 0 0 0.25 0 
10  52.316131    4.740268 xxx 153.333  1250 0000.0000 0000.0000   75 161161 01 0 0 0.25 0 
10  52.311044    4.739836 xxx 153.333  1250 0000.0000 0000.0000   75 111111 01 0 0 0.25 0 
10  52.294615    4.756999 xxx  59.847   300 0000.0000 0000.0000  130 161161 01 0 0 0.25 0 
10  52.294394    4.756139 xxx  81.043   172 0000.0000 0000.0000  130 161161 01 0 0 0.25 0 
10  52.294403    4.755710 xxx 114.278   104 0000.0000 0000.0000  130 161161 01 0 0 0.25 0 
10  52.294508    4.755448 xxx 135.051    85 0000.0000 0000.0000  130 161161 01 0 0 0.25 0 
10  52.295596    4.746208 xxx 237.928  2535 0000.0000 0000.0000  470 111111 02 0 0 0.25 0 
10  52.292935    4.743905 xxx 147.920   650 0000.0000 0000.0000   80 111111 01 0 0 0.25 0 
10  52.328410    4.719862 xxx 107.383   163 0000.0000 0000.0000   75 111111 01 0 0 0.25 0 
10  52.328383    4.721070 xxx  86.278   413 0000.0000 0000.0000   75 111111 01 0 0 0.25 0 
10  52.328806    4.711155 xxx  62.679   164 0000.0000 0000.0000   75 111111 01 0 0 0.25 0 
10  52.328744    4.710042 xxx 273.172   391 0000.0000 0000.0000   75 111111 01 0 0 0.25 0 
10  52.336824    4.710210 xxx 293.180   105 0000.0000 0000.0000   35 111111 02 0 0 0.25 0 
10  52.336684    4.710202 xxx 253.180   105 0000.0000 0000.0000   35 111111 02 0 0 0.25 0 
10  52.336629    4.713882 xxx 273.180   350 0000.0000 0000.0000   80 111111 02 0 0 0.25 0 
10  52.330071    4.713139 xxx 221.393  1155 0000.0000 0000.0000   75 111111 01 0 0 0.25 0 
10  52.331167    4.714540 xxx 131.365  3000 0000.0000 0000.0000   75 111111 01 0 0 0.25 0 
10  52.337230    4.711199 xxx 153.236  1200 0000.0000 0000.0000   75 111111 01 0 0 0.25 0 
10  52.336843    4.712484 xxx 183.180  2910 0000.0000 0000.0000   75 111111 01 0 0 0.25 0 
10  52.341116    4.712758 xxx 350.694   235 0000.0000 0000.0000   76 111111 01 0 0 0.25 0 
10  52.342747    4.711579 xxx 333.117  1100 0000.0000 0000.0000   75 111111 01 0 0 0.25 0 
10  52.333907    4.744505 xxx 169.413   194 0000.0000 0000.0000   75 111111 01 0 0 0.25 0 
10  52.334315    4.744232 xxx 144.462   173 0000.0000 0000.0000   75 111111 01 0 0 0.25 0 
10  52.334564    4.743699 xxx 111.829   183 0000.0000 0000.0000   75 111111 01 0 0 0.25 0 
10  52.334539    4.736603 xxx  54.281   224 0000.0000 0000.0000   75 111111 01 0 0 0.25 0 
10  52.334767    4.737426 xxx  76.227   215 0000.0000 0000.0000   75 111111 01 0 0 0.25 0 
10  52.334150    4.736093 xxx  21.736   200 0000.0000 0000.0000   75 111111 01 0 0 0.25 0 
10  52.330941    4.742223 xxx  92.990   900 0000.0000 0000.0000   75 111111 01 0 0 0.25 0 
10  52.305476    4.771361 xxx  98.628   178 0000.0000 0000.0000   75 111111 01 0 0 0.25 0 
10  52.306316    4.773014 xxx 152.626   218 0000.0000 0000.0000  282 111111 01 0 0 0.25 0 
10  52.305899    4.772599 xxx  22.382   143 0000.0000 0000.0000   74 111111 01 0 0 0.25 0 
10  52.306034    4.770596 xxx 180.839   120 0000.0000 0000.0000   44 111111 01 0 0 0.25 0 
10  52.306382    4.770525 xxx  34.515   178 0000.0000 0000.0000  157 111111 01 0 0 0.25 0 
10  52.305229    4.770697 xxx  24.182   140 0000.0000 0000.0000   69 111111 01 0 0 0.25 0 
10  52.305046    4.770192 xxx  95.635   140 0000.0000 0000.0000   84 111111 01 0 0 0.25 0 
10  52.306300    4.768961 xxx 205.316   144 0000.0000 0000.0000   72 111111 01 0 0 0.25 0 
10  52.306466    4.769430 xxx  91.887   134 0000.0000 0000.0000   63 111111 01 0 0 0.25 0 
10  52.306641    4.768542 xxx 172.206   113 0000.0000 0000.0000   62 111111 01 0 0 0.25 0 
10  52.306333    4.768607 xxx  38.893   154 0000.0000 0000.0000  142 111111 01 0 0 0.25 0 
10  52.306266    4.768053 xxx  83.499   113 0000.0000 0000.0000   33 111111 01 0 0 0.25 0 
10  52.305739    4.770634 xxx 327.928  1000 0000.0000 0000.0000  130 161161 01 0 0 0.25 0 
10  52.305245    4.769540 xxx 327.928   940 0000.0000 0000.0000  130 161161 01 0 0 0.25 0 
10  52.301549    4.760813 xxx 147.928   130 0000.0000 0000.0000   90 161161 01 0 0 0.25 0 
10  52.300698    4.758609 xxx 147.928   130 0000.0000 0000.0000   90 161161 01 0 0 0.25 0 
10  52.301122    4.759700 xxx 147.928   130 0000.0000 0000.0000   90 161161 01 0 0 0.25 0 
10  52.300272    4.757477 xxx 147.928   130 0000.0000 0000.0000   90 161161 01 0 0 0.25 0 
10  52.308306    4.775417 xxx  92.990   240 0000.0000 0000.0000  130 161161 01 0 0 0.25 0 
10  52.310680    4.774449 xxx  92.990   150 0000.0000 0000.0000  145 161161 01 0 0 0.25 0 
10  52.310251    4.775589 xxx  92.990   250 0000.0000 0000.0000  180 161161 01 0 0 0.25 0 
10  52.311517    4.775694 xxx  92.990   250 0000.0000 0000.0000  140 161161 01 0 0 0.25 0 
10  52.312854    4.775338 xxx  92.990   475 0000.0000 0000.0000  130 161161 01 0 0 0.25 0 
10  52.313397    4.778839 xxx  92.990   150 0000.0000 0000.0000   99 111111 01 0 0 0.25 0 
10  52.312992    4.777772 xxx  47.726   800 0000.0000 0000.0000   75 111111 01 0 0 0.25 0 
10  52.311811    4.777682 xxx  47.726   790 0000.0000 0000.0000   75 111111 01 0 0 0.25 0 
10  52.313935    4.773626 xxx 130.720   710 0000.0000 0000.0000  248 111111 01 0 0 0.25 0 
10  52.316257    4.775189 xxx  13.252   288 0000.0000 0000.0000   75 111111 01 0 0 0.25 0 
10  52.313840    4.764536 xxx 162.962   171 0000.0000 0000.0000   40 111111 01 0 0 0.25 0 
10  52.312369    4.770719 xxx  37.308   323 0000.0000 0000.0000   30 111111 01 0 0 0.25 0 
10  52.310649    4.767984 xxx  43.128   150 0000.0000 0000.0000   49 111111 01 0 0 0.25 0 
10  52.310087    4.768135 xxx  62.778   196 0000.0000 0000.0000   76 111111 01 0 0 0.25 0 
10  52.314352    4.771955 xxx 183.319   936 0000.0000 0000.0000  105 111111 01 0 0 0.25 0 
10  52.315388    4.766742 xxx 176.790   430 0000.0000 0000.0000  120 111111 01 0 0 0.25 0 
10  52.315049    4.764959 xxx  34.320   370 0000.0000 0000.0000   75 111111 01 0 0 0.25 0 
10  52.315010    4.763603 xxx 123.231   510 0000.0000 0000.0000   75 111111 01 0 0 0.25 0 
10  52.315537    4.760209 xxx 143.584   162 0000.0000 0000.0000   75 111111 01 0 0 0.25 0 
10  52.315860    4.760027 xxx 179.943   150 0000.0000 0000.0000   75 111111 01 0 0 0.25 0 
10  52.314584    4.759230 xxx 176.790   450 0000.0000 0000.0000  180 161161 01 0 0 0.25 0 
10  52.314817    4.757869 xxx 176.790   250 0000.0000 0000.0000  170 161161 01 0 0 0.25 0 
10  52.314411    4.754445 xxx 176.790   450 0000.0000 0000.0000  170 161161 01 0 0 0.25 0 
10  52.311918    4.760350 xxx 176.790   150 0000.0000 0000.0000   69 111111 02 0 0 0.25 0 
10  52.312825    4.763666 xxx   6.016   434 0000.0000 0000.0000   87 111111 02 0 0 0.25 0 
10  52.311918    4.763515 xxx 176.790   250 0000.0000 0000.0000  125 111111 02 0 0 0.25 0 
10  52.311645    4.762931 xxx 303.497   520 0000.0000 0000.0000  235 111111 02 0 0 0.25 0 
10  52.312522    4.760180 xxx 163.458   292 0000.0000 0000.0000   87 111111 02 0 0 0.25 0 
10  52.313064    4.759995 xxx 176.790   140 0000.0000 0000.0000   92 111111 02 0 0 0.25 0 
10  52.300890    4.734659 xxx 182.990   345 0000.0000 0000.0000  225 111111 02 0 0 0.25 0 
10  52.303374    4.742259 xxx 150.141   284 0000.0000 0000.0000  202 111111 01 0 0 0.25 0 
10  52.303426    4.742778 xxx 136.630   305 0000.0000 0000.0000   75 111111 01 0 0 0.25 0 
10  52.303011    4.742415 xxx  68.355   300 0000.0000 0000.0000   99 111111 01 0 0 0.25 0 
10  52.303932    4.742192 xxx 161.763   204 0000.0000 0000.0000   75 161161 01 0 0 0.25 0 
10  52.303315    4.741919 xxx 186.820   490 0000.0000 0000.0000   75 111111 01 0 0 0.25 0 
10  52.302915    4.741191 xxx 156.106   300 0000.0000 0000.0000   90 111111 01 0 0 0.25 0 
10  52.303569    4.741420 xxx  46.951   250 0000.0000 0000.0000   95 111111 01 0 0 0.25 0 
10  52.303767    4.740651 xxx 171.593   380 0000.0000 0000.0000   75 111111 01 0 0 0.25 0 
10  52.303056    4.740867 xxx 286.867   170 0000.0000 0000.0000   80 111111 01 0 0 0.25 0 
10  52.302485    4.741358 xxx 355.209   310 0000.0000 0000.0000   80 111111 01 0 0 0.25 0 
10  52.304142    4.741336 xxx 132.588   452 0000.0000 0000.0000   80 111111 01 0 0 0.25 0 
10  52.303366    4.741361 xxx  78.058   244 0000.0000 0000.0000   80 111111 01 0 0 0.25 0 
10  52.303126    4.740502 xxx  51.761   227 0000.0000 0000.0000   80 111111 01 0 0 0.25 0 
10  52.302624    4.739734 xxx  37.746   513 0000.0000 0000.0000   95 111111 01 0 0 0.25 0 
10  52.302058    4.738478 xxx 262.283   314 0000.0000 0000.0000   95 111111 01 0 0 0.25 0 
10  52.302060    4.738498 xxx 262.276   323 0000.0000 0000.0000  145 161161 02 0 0 0.25 0 
10  52.299937    4.734196 xxx 213.235   510 0000.0000 0000.0000  160 161161 01 0 0 0.25 0 
10  52.300240    4.733743 xxx  92.990   247 0000.0000 0000.0000  160 161161 01 0 0 0.25 0 
10  52.304194    4.735469 xxx  92.990   870 0000.0000 0000.0000  135 161161 01 0 0 0.25 0 
10  52.302073    4.735297 xxx  92.990   870 0000.0000 0000.0000  145 161161 01 0 0 0.25 0 
10  52.303108    4.734851 xxx 182.990   345 0000.0000 0000.0000  225 111111 02 0 0 0.25 0 
10  52.300005    4.733062 xxx   1.094   209 0000.0000 0000.0000   75 111111 01 0 0 0.25 0 
10  52.299537    4.733266 xxx 328.415   201 0000.0000 0000.0000   75 111111 01 0 0 0.25 0 
10  52.299240    4.733922 xxx 288.903   240 0000.0000 0000.0000   75 111111 01 0 0 0.25 0 
10  52.299104    4.735372 xxx 273.277   441 0000.0000 0000.0000   75 111111 01 0 0 0.25 0 
10  52.299113    4.736632 xxx  76.509   148 0000.0000 0000.0000   75 111111 01 0 0 0.25 0 
10  52.299562    4.738327 xxx  64.662   696 0000.0000 0000.0000   75 111111 01 0 0 0.25 0 
10  52.300222    4.740043 xxx  39.038   260 0000.0000 0000.0000   75 111111 01 0 0 0.25 0 
10  52.301713    4.741174 xxx 201.446   971 0000.0000 0000.0000   75 111111 01 0 0 0.25 0 
10  52.305494    4.742618 xxx  92.990   160 0000.0000 0000.0000  200 161161 01 0 0 0.25 0 
10  52.305435    4.744519 xxx 182.990   690 0000.0000 0000.0000   81 111111 02 0 0 0.25 0 
10  52.305970    4.739352 xxx 153.333  1205 0000.0000 0000.0000   75 111111 01 0 0 0.25 0 
10  52.305369    4.777152 xxx 153.967  1196 0000.0000 0000.0000   75 111111 01 0 0 0.25 0 
10  52.298595    4.790645 xxx 131.190   800 0000.0000 0000.0000  690 111111 02 0 0 0.25 0 
10  52.295597    4.763258 xxx  57.920  2403 0000.0000 0000.0000  265 111111 02 0 0 0.25 0 
10  52.311405    4.772313 xxx  92.990   840 0000.0000 0000.0000  204 111111 02 0 0 0.25 0 
10  52.310252    4.777530 xxx 153.243  1155 0000.0000 0000.0000   75 111111 01 0 0 0.25 0 
10  52.310211    4.776259 xxx 182.990  2670 0000.0000 0000.0000   75 111111 01 0 0 0.25 0 
10  52.309644    4.774840 xxx 182.990  2450 0000.0000 0000.0000   75 111111 01 0 0 0.25 0 
10  52.305528    4.775593 xxx 152.600   922 0000.0000 0000.0000   75 111111 01 0 0 0.25 0 
10  52.316169    4.760168 xxx  56.604  1230 0000.0000 0000.0000   75 111111 01 0 0 0.25 0 
10  52.316403    4.767702 xxx  56.604  1230 0000.0000 0000.0000   75 111111 01 0 0 0.25 0 
10  52.316496    4.769845 xxx 117.141  1230 0000.0000 0000.0000   75 111111 01 0 0 0.25 0 
10  52.316679    4.775350 xxx  56.604  1230 0000.0000 0000.0000   75 111111 01 0 0 0.25 0 
10  52.319977    4.777297 xxx  26.815    78 0000.0000 0000.0000   75 111111 01 0 0 0.25 0 
10  52.320134    4.777451 xxx 215.317    69 0000.0000 0000.0000   75 111111 01 0 0 0.25 0 
10  52.319768    4.777189 xxx  11.036   103 0000.0000 0000.0000   75 111111 01 0 0 0.25 0 
10  52.321201    4.779628 xxx  92.990   287 0000.0000 0000.0000  118 111111 01 0 0 0.25 0 
10  52.320759    4.778326 xxx  41.237   542 0000.0000 0000.0000   75 111111 01 0 0 0.25 0 
10  52.321168    4.779702 xxx  92.990   366 0000.0000 0000.0000  175 111111 02 0 0 0.25 0 
10  52.318751    4.777062 xxx 183.374   655 0000.0000 0000.0000   75 111111 01 0 0 0.25 0 
10  52.318751    4.777062 xxx 183.374   655 0000.0000 0000.0000  130 161161 02 0 0 0.25 0 
10  52.315288    4.746673 xxx 176.790   900 0000.0000 0000.0000  175 161161 01 0 0 0.25 0 
10  52.314346    4.756435 xxx  86.790  6720 0000.0000 0000.0000   75 111111 01 0 0 0.25 0 
10  52.311425    4.768194 xxx  71.294   157 0000.0000 0000.0000   84 111111 02 0 0 0.25 0 
10  52.311459    4.767927 xxx 213.497   130 0000.0000 0000.0000   83 111111 02 0 0 0.25 0 
10  52.311898    4.768658 xxx 213.497   330 0000.0000 0000.0000  180 111111 02 0 0 0.25 0 
10  52.311274    4.767240 xxx 213.497  1090 0000.0000 0000.0000  107 111111 02 0 0 0.25 0 
10  52.313281    4.769814 xxx 213.497   800 0000.0000 0000.0000  260 111111 02 0 0 0.25 0 
10  52.315375    4.762156 xxx  86.790  9220 0000.0000 0000.0000   75 111111 01 0 0 0.25 0 
10  52.312722    4.758258 xxx 176.790   790 0000.0000 0000.0000  235 111111 02 0 0 0.25 0 
10  52.312449    4.755891 xxx 176.790   885 0000.0000 0000.0000  236 111111 02 0 0 0.25 0 
10  52.310739    4.754586 xxx  57.614   530 0000.0000 0000.0000  125 111111 02 0 0 0.25 0 
10  52.312463    4.753627 xxx 176.790   820 0000.0000 0000.0000  110 111111 02 0 0 0.25 0 
10  52.307357    4.769628 xxx 182.990   340 0000.0000 0000.0000  119 111111 02 0 0 0.25 0 
10  52.307508    4.769238 xxx 147.988   395 0000.0000 0000.0000  203 111111 02 0 0 0.25 0 
10  52.309680    4.769710 xxx  36.498   508 0000.0000 0000.0000  254 111111 02 0 0 0.25 0 
10  52.308430    4.772017 xxx 272.990  1200 0000.0000 0000.0000  270 161161 01 0 0 0.25 0 
10  52.308602    4.771864 xxx 182.990  1300 0000.0000 0000.0000  935 111111 02 0 0 0.25 0 
10  52.312225    4.772664 xxx  92.990   715 0000.0000 0000.0000  230 111111 02 0 0 0.25 0 
10  52.305696    4.767620 xxx 282.928   290 0000.0000 0000.0000  161 111111 02 0 0 0.25 0 
10  52.304747    4.767006 xxx 237.928   920 0000.0000 0000.0000  351 111111 02 0 0 0.25 0 
10  52.305666    4.765535 xxx 147.928   700 0000.0000 0000.0000  719 111111 02 0 0 0.25 0 
10  52.302580    4.761711 xxx 327.928  1197 0000.0000 0000.0000  250 161161 01 0 0 0.25 0 
10  52.303803    4.762865 xxx 327.928   715 0000.0000 0000.0000  671 111111 02 0 0 0.25 0 
10  52.304205    4.764679 xxx 327.928   897 0000.0000 0000.0000  185 161161 01 0 0 0.25 0 
10  52.298392    4.758556 xxx 208.260  1260 0000.0000 0000.0000   75 111111 01 0 0 0.25 0 
10  52.301399    4.766382 xxx 208.260  1260 0000.0000 0000.0000   75 111111 01 0 0 0.25 0 
10  52.336843    4.712484 xxx 183.180  2910 0000.0000 0000.0000  130 161161 02 0 0 0.25 0 
10  52.323851    4.729423 xxx 319.294  2727 0000.0000 0000.0000  130 161161 02 0 0 0.25 0 
10  52.328970    4.721190 xxx 131.326  2549 0000.0000 0000.0000  130 161161 02 0 0 0.25 0 
10  52.298553    4.754065 xxx  55.377   180 0000.0000 0000.0000   29 111111 01 0 0 0.25 0 
10  52.298351    4.753366 xxx 217.796   103 0000.0000 0000.0000   69 111111 01 0 0 0.25 0 
10  52.297765    4.753599 xxx  92.511   159 0000.0000 0000.0000   87 111111 01 0 0 0.25 0 
10  52.297931    4.752953 xxx 173.933   362 0000.0000 0000.0000  187 111111 01 0 0 0.25 0 
10  52.297178    4.751762 xxx 237.928   250 0000.0000 0000.0000  130 161161 02 0 0 0.25 0 
10  52.297652    4.752530 xxx  31.563   261 0000.0000 0000.0000  121 111111 01 0 0 0.25 0 
10  52.298152    4.752474 xxx 155.576   173 0000.0000 0000.0000  100 111111 01 0 0 0.25 0 
10  52.297982    4.754449 xxx  75.907   182 0000.0000 0000.0000   32 111111 01 0 0 0.25 0 
10  52.297690    4.753887 xxx  62.150   554 0000.0000 0000.0000   75 111111 01 0 0 0.25 0 
10  52.297904    4.753803 xxx  93.896   277 0000.0000 0000.0000   65 111111 01 0 0 0.25 0 
10  52.298312    4.753558 xxx 216.643   282 0000.0000 0000.0000   62 111111 01 0 0 0.25 0 
10  52.298449    4.752550 xxx 270.690   308 0000.0000 0000.0000   75 111111 01 0 0 0.25 0 
10  52.298580    4.753738 xxx  67.315   274 0000.0000 0000.0000   75 111111 01 0 0 0.25 0 
10  52.296070    4.753810 xxx 327.928  1300 0000.0000 0000.0000  130 161161 01 0 0 0.25 0 
10  52.300247    4.759477 xxx 327.928   280 0000.0000 0000.0000  135 161161 01 0 0 0.25 0 
10  52.301798    4.757418 xxx 237.928  1700 0000.0000 0000.0000  720 111111 02 0 0 0.25 0 
10  52.300272    4.754288 xxx 327.928   920 0000.0000 0000.0000  200 161161 01 0 0 0.25 0 
10  52.302633    4.764410 xxx 238.131  5362 0000.0000 0000.0000   75 111111 01 0 0 0.25 0 
10  52.301939    4.765055 xxx 238.067  5340 0000.0000 0000.0000   75 111111 01 0 0 0.25 0 
10  52.299679    4.749588 xxx 311.590  1663 0000.0000 0000.0000   75 111111 01 0 0 0.25 0 
10  52.309495    4.804037 xxx  41.190   250 0000.0000 0000.0000  303 111111 01 0 0 0.25 0 
10  52.315384    4.805122 xxx  41.190   460 0000.0000 0000.0000  139 111111 01 0 0 0.25 0 
10  52.312683    4.782395 xxx  39.283   100 0000.0000 0000.0000   65 111111 01 0 0 0.25 0 
10  52.313888    4.787668 xxx  86.010  3634 0000.0000 0000.0000   75 111111 01 0 0 0.25 0 
10  52.311501    4.783037 xxx 167.535  1577 0000.0000 0000.0000   65 111111 01 0 0 0.25 0 
10  52.312516    4.781025 xxx  86.516   687 0000.0000 0000.0000   65 111111 01 0 0 0.25 0 
10  52.315208    4.797592 xxx  52.360    62 0000.0000 0000.0000   29 111111 02 0 0 0.25 0 
10  52.314827    4.798185 xxx 302.875   377 0000.0000 0000.0000  145 111111 02 0 0 0.25 0 
10  52.315055    4.797419 xxx  19.255    96 0000.0000 0000.0000   22 111111 02 0 0 0.25 0 
10  52.315083    4.796948 xxx 273.427   227 0000.0000 0000.0000   90 161161 01 0 0 0.25 0 
10  52.315964    4.796961 xxx 182.302   152 0000.0000 0000.0000   75 111111 01 0 0 0.25 0 
10  52.317119    4.796888 xxx 176.790   700 0000.0000 0000.0000   75 111111 01 0 0 0.25 0 
10  52.314327    4.795610 xxx 170.348   141 0000.0000 0000.0000   92 111111 01 0 0 0.25 0 
10  52.314404    4.795395 xxx 226.957   260 0000.0000 0000.0000   74 111111 01 0 0 0.25 0 
10  52.315480    4.796760 xxx  21.606   243 0000.0000 0000.0000   75 111111 01 0 0 0.25 0 
10  52.314921    4.796199 xxx  40.605   270 0000.0000 0000.0000   75 111111 01 0 0 0.25 0 
10  52.314244    4.806611 xxx  41.190   115 0000.0000 0000.0000   30 111111 02 0 0 0.25 0 
10  52.308326    4.802231 xxx 131.190   290 0000.0000 0000.0000  240 111111 02 0 0 0.25 0 
10  52.311951    4.804950 xxx  41.190   715 0000.0000 0000.0000  431 111111 01 0 0 0.25 0 
10  52.310307    4.804986 xxx  41.190   281 0000.0000 0000.0000  374 111111 02 0 0 0.25 0 
10  52.315156    4.798272 xxx  92.970   289 0000.0000 0000.0000  239 111111 02 0 0 0.25 0 
10  52.315838    4.799017 xxx 134.793   157 0000.0000 0000.0000   56 111111 02 0 0 0.25 0 
10  52.315583    4.798484 xxx 233.647   334 0000.0000 0000.0000  173 111111 02 0 0 0.25 0 
10  52.315061    4.799036 xxx   2.517   503 0000.0000 0000.0000  121 111111 02 0 0 0.25 0 
10  52.297533    4.784078 xxx  41.941  2146 0000.0000 0000.0000   85 161161 01 0 0 0.25 0 
10  52.301742    4.789558 xxx  41.190  1284 0000.0000 0000.0000  122 111111 02 0 0 0.25 0 
10  52.305682    4.795189 xxx  41.190  1000 0000.0000 0000.0000  139 111111 02 0 0 0.25 0 
10  52.307680    4.793941 xxx  41.190  7080 0000.0000 0000.0000  200 111111 01 0 0 0.25 0 
10  52.316953    4.741706 xxx 182.990 10144 0000.0000 0000.0000   75 161161 01 0 0 0.25 0 
10  52.318819    4.743316 xxx 182.990 10859 0000.0000 0000.0000   75 111111 01 0 0 0.25 0 
10  52.334738    4.740605 xxx  92.990  1240 0000.0000 0000.0000   75 111111 01 0 0 0.25 0 
10  52.317111    4.734505 xxx 182.990 12300 0000.0000 0000.0000   75 111111 01 0 0 0.25 0 
10  52.301841    4.794863 xxx 131.190   660 0000.0000 0000.0000  360 111111 02 0 0 0.25 0 
10  52.302965    4.792730 xxx 131.129   607 0000.0000 0000.0000   80 111111 02 0 0 0.25 0 
10  52.301452    4.790271 xxx  41.190  1335 0000.0000 0000.0000  265 111111 02 0 0 0.25 0 
10  52.306682    4.798925 xxx  41.190   880 0000.0000 0000.0000  100 111111 02 0 0 0.25 0 
10  52.307197    4.797991 xxx  41.190   395 0000.0000 0000.0000  361 111111 02 0 0 0.25 0 
10  52.314097    4.807053 xxx  41.190   165 0000.0000 0000.0000  190 111111 02 0 0 0.25 0 
10  52.306081    4.778652 xxx 182.990 11138 0000.0000 0000.0000  260 111111 02 0 0 0.25 0 
10  52.296244    4.755768 xxx  57.920 11446 0000.0000 0000.0000  250 111111 02 0 0 0.25 0 
10  52.316590    4.738766 xxx 182.990 10811 0000.0000 0000.0000  250 111111 02 0 0 0.25 0 
10  52.345631    4.710385 xxx 183.180 12450 0000.0000 0000.0000  245 111111 02 0 0 0.25 0 
10  52.314465    4.774371 xxx 130.720   710 0000.0000 0000.0000  264 111111 02 0 0 0.25 0 
10  52.304644    4.791574 xxx 130.085   480 0000.0000 0000.0000   78 111111 02 0 0 0.25 0 
10  52.306773    4.787600 xxx 131.536  1575 0000.0000 0000.0000   65 111111 01 0 0 0.25 0 
10  52.306773    4.787600 xxx 131.536  1575 0000.0000 0000.0000  100 161161 02 0 0 0.25 0 
10  52.311501    4.783037 xxx 167.535  1577 0000.0000 0000.0000  100 161161 02 0 0 0.25 0 
10  52.309229    4.783888 xxx 160.576   135 0000.0000 0000.0000   65 111111 01 0 0 0.25 0 
10  52.308327    4.784771 xxx 136.087   130 0000.0000 0000.0000   65 111111 01 0 0 0.25 0 
10  52.308899    4.784116 xxx 153.576   135 0000.0000 0000.0000   65 111111 01 0 0 0.25 0 
10  52.308595    4.784413 xxx 144.541   135 0000.0000 0000.0000   65 111111 01 0 0 0.25 0 
10  52.309229    4.783888 xxx 160.576   138 0000.0000 0000.0000  100 161161 02 0 0 0.25 0 
10  52.308899    4.784116 xxx 153.576   138 0000.0000 0000.0000  100 161161 02 0 0 0.25 0 
10  52.308595    4.784413 xxx 144.541   138 0000.0000 0000.0000  100 161161 02 0 0 0.25 0 
10  52.308327    4.784771 xxx 136.087   133 0000.0000 0000.0000  100 161161 02 0 0 0.25 0 
10  52.312516    4.781025 xxx  86.516   687 0000.0000 0000.0000  100 161161 02 0 0 0.25 0 
10  52.314809    4.774776 xxx 130.720   415 0000.0000 0000.0000   90 111111 02 0 0 0.25 0 
10  52.314264    4.775615 xxx 153.264   174 0000.0000 0000.0000   86 111111 02 0 0 0.25 0 
10  52.315243    4.773844 xxx 104.342   149 0000.0000 0000.0000   61 111111 02 0 0 0.25 0 
10  52.311140    4.807022 xxx  41.190   880 0000.0000 0000.0000  659 111111 02 0 0 0.25 0 
10  52.309815    4.807127 xxx  41.190   370 0000.0000 0000.0000  340 111111 02 0 0 0.25 0 
10  52.307482    4.799217 xxx  87.382   380 0000.0000 0000.0000  126 111111 02 0 0 0.25 0 
10  52.306382    4.797695 xxx 356.032   369 0000.0000 0000.0000  130 111111 02 0 0 0.25 0 
10  52.306831    4.798662 xxx  41.190   544 0000.0000 0000.0000   78 111111 02 0 0 0.25 0 
10  52.302940    4.792783 xxx 131.097   578 0000.0000 0000.0000  130 161161 01 0 0 0.25 0 
10  52.312620    4.806723 xxx 131.190   180 0000.0000 0000.0000  154 111111 02 0 0 0.25 0 
10  52.313000    4.806155 xxx 131.190   220 0000.0000 0000.0000  113 111111 02 0 0 0.25 0 
10  52.318819    4.743316 xxx 182.990 10859 0000.0000 0000.0000  130 161161 02 0 0 0.25 0 
10  52.316953    4.741706 xxx 182.990 10144 0000.0000 0000.0000  130 161161 02 0 0 0.25 0 
10  52.313331    4.803996 xxx 131.190   480 0000.0000 0000.0000   55 161161 01 0 0 0.25 0 
10  52.311779    4.800188 xxx 131.157  2648 0000.0000 0000.0000   75 111111 01 0 0 0.25 0 
10  52.311774    4.800192 xxx 131.190  2645 0000.0000 0000.0000  130 161161 02 0 0 0.25 0 
10  52.312845    4.789036 xxx 131.190  5230 0000.0000 0000.0000  260 161161 01 0 0 0.25 0 
10  52.301701    4.783873 xxx 131.190  2980 0000.0000 0000.0000  100 111111 01 0 0 0.25 0 
10  52.301701    4.783873 xxx 131.190  2980 0000.0000 0000.0000  150 161161 02 0 0 0.25 0 
10  52.305945    4.794985 xxx  41.190  5465 0000.0000 0000.0000   75 111111 02 0 0 0.25 0 
10  52.304644    4.791574 xxx 130.085   480 0000.0000 0000.0000  130 161161 01 0 0 0.25 0 
10  52.312688    4.804645 xxx  41.190  1100 0000.0000 0000.0000   55 161161 01 0 0 0.25 0 
10  52.310820    4.803520 xxx  41.190   340 0000.0000 0000.0000   55 161161 01 0 0 0.25 0 
10  52.308995    4.800955 xxx 130.476   480 0000.0000 0000.0000   75 111111 02 0 0 0.25 0 
10  52.305945    4.794985 xxx  41.190  5465 0000.0000 0000.0000  125 161161 01 0 0 0.25 0 
10  52.308995    4.800955 xxx 130.476   480 0000.0000 0000.0000  125 161161 01 0 0 0.25 0 
10  52.313934    4.806424 xxx  41.190   115 0000.0000 0000.0000   55 161161 02 0 0 0.25 0 
10  52.313155    4.805601 xxx 131.190    45 0000.0000 0000.0000   34 161161 02 0 0 0.25 0 
10  52.313888    4.787668 xxx  86.010  3634 0000.0000 0000.0000  130 161161 02 0 0 0.25 0 
10  52.314921    4.796199 xxx  40.605   270 0000.0000 0000.0000  130 161161 02 0 0 0.25 0 
10  52.315470    4.796752 xxx  21.748   250 0000.0000 0000.0000  130 161161 02 0 0 0.25 0 
10  52.317119    4.796888 xxx 176.790   700 0000.0000 0000.0000  130 161161 02 0 0 0.25 0 
10  52.315959    4.796956 xxx   3.027   165 0000.0000 0000.0000  130 161161 02 0 0 0.25 0 
10  52.314410    4.795403 xxx 226.803   261 0000.0000 0000.0000  129 161161 02 0 0 0.25 0 
10  52.314284    4.795653 xxx 170.348   134 0000.0000 0000.0000  128 161161 02 0 0 0.25 0 
10  52.312683    4.782395 xxx  39.283   150 0000.0000 0000.0000  100 111111 02 0 0 0.25 0 
10  52.309739    4.804749 xxx  41.190   120 0000.0000 0000.0000  180 161161 01 0 0 0.25 0 
10  52.299679    4.749588 xxx 311.590  1663 0000.0000 0000.0000  130 161161 02 0 0 0.25 0 
10  52.301945    4.765089 xxx 238.054  5355 0000.0000 0000.0000  130 161161 02 0 0 0.25 0 
10  52.300903    4.758331 xxx 237.928  1700 0000.0000 0000.0000   70 111111 01 0 0 0.25 0 
10  52.298449    4.752550 xxx 270.690   308 0000.0000 0000.0000  130 111111 02 0 0 0.25 0 
10  52.298580    4.753738 xxx  67.705   274 0000.0000 0000.0000  130 111111 02 0 0 0.25 0 
10  52.298312    4.753558 xxx 216.643   282 0000.0000 0000.0000  130 111111 02 0 0 0.25 0 
10  52.297904    4.753803 xxx  93.896   277 0000.0000 0000.0000  130 111111 02 0 0 0.25 0 
10  52.297982    4.754449 xxx  76.481   182 0000.0000 0000.0000   84 111111 02 0 0 0.25 0 
10  52.297690    4.753887 xxx  62.150   554 0000.0000 0000.0000  130 161161 02 0 0 0.25 0 
10  52.301399    4.766382 xxx 208.260  1260 0000.0000 0000.0000  125 161161 02 0 0 0.25 0 
10  52.298392    4.758556 xxx 208.260  1260 0000.0000 0000.0000  125 161161 02 0 0 0.25 0 
10  52.308597    4.767718 xxx 272.990  1000 0000.0000 0000.0000  569 111111 02 0 0 0.25 0 
10  52.317111    4.734505 xxx 182.990 12300 0000.0000 0000.0000  130 161161 02 0 0 0.25 0 
10  52.316633    4.746206 xxx  86.790   180 0000.0000 0000.0000  148 111111 01 0 0 0.25 0 
10  52.314806    4.757337 xxx  86.790  6430 0000.0000 0000.0000   20 111111 02 0 0 0.25 0 
10  52.320759    4.778326 xxx  41.237   542 0000.0000 0000.0000  130 161161 02 0 0 0.25 0 
10  52.319768    4.777189 xxx  11.036   110 0000.0000 0000.0000  130 161161 02 0 0 0.25 0 
10  52.319977    4.777297 xxx  26.815    88 0000.0000 0000.0000  130 161161 02 0 0 0.25 0 
10  52.320134    4.777451 xxx 215.317    72 0000.0000 0000.0000  130 161161 02 0 0 0.25 0 
10  52.316679    4.775350 xxx  56.604  1230 0000.0000 0000.0000  130 161161 02 0 0 0.25 0 
10  52.316403    4.767702 xxx  56.604  1230 0000.0000 0000.0000  130 161161 02 0 0 0.25 0 
10  52.316496    4.769845 xxx 117.141  1230 0000.0000 0000.0000  130 161161 02 0 0 0.25 0 
10  52.316169    4.760168 xxx  56.604  1230 0000.0000 0000.0000  130 161161 02 0 0 0.25 0 
10  52.305528    4.775593 xxx 152.600   922 0000.0000 0000.0000  130 161161 02 0 0 0.25 0 
10  52.309644    4.774840 xxx 182.990  2450 0000.0000 0000.0000  130 161161 02 0 0 0.25 0 
10  52.310211    4.776259 xxx 182.990  2670 0000.0000 0000.0000  130 161161 02 0 0 0.25 0 
10  52.310252    4.777530 xxx 153.243  1155 0000.0000 0000.0000  130 161161 02 0 0 0.25 0 
10  52.310674    4.772249 xxx  92.990   840 0000.0000 0000.0000  335 111111 01 0 0 0.25 0 
10  52.311792    4.772626 xxx  92.990   715 0000.0000 0000.0000   99 111111 01 0 0 0.25 0 
10  52.296209    4.762632 xxx  57.920  2403 0000.0000 0000.0000  282 111111 01 0 0 0.25 0 
10  52.305453    4.743985 xxx 182.990   730 0000.0000 0000.0000  465 111111 01 0 0 0.25 0 
10  52.305369    4.777152 xxx 153.967  1196 0000.0000 0000.0000  130 161161 02 0 0 0.25 0 
10  52.305970    4.739352 xxx 153.333  1205 0000.0000 0000.0000  130 161161 02 0 0 0.25 0 
10  52.299104    4.735390 xxx 273.223   449 0000.0000 0000.0000  130 161161 02 0 0 0.25 0 
10  52.299567    4.738344 xxx  64.584   704 0000.0000 0000.0000  130 161161 02 0 0 0.25 0 
10  52.299115    4.736644 xxx  76.372   154 0000.0000 0000.0000  130 161161 02 0 0 0.25 0 
10  52.300223    4.740045 xxx  38.891   272 0000.0000 0000.0000  130 161161 02 0 0 0.25 0 
10  52.301713    4.741178 xxx 201.447   978 0000.0000 0000.0000  130 161161 02 0 0 0.25 0 
10  52.299241    4.733915 xxx 288.800   259 0000.0000 0000.0000  130 161161 02 0 0 0.25 0 
10  52.299537    4.733265 xxx 328.676   218 0000.0000 0000.0000  130 161161 02 0 0 0.25 0 
10  52.299997    4.733063 xxx   1.072   218 0000.0000 0000.0000  130 161161 02 0 0 0.25 0 
10  52.302245    4.734779 xxx 182.990  1336 0000.0000 0000.0000  200 161161 01 0 0 0.25 0 
10  52.300890    4.734659 xxx  92.990   355 0000.0000 0000.0000  225 111111 01 0 0 0.25 0 
10  52.303108    4.734851 xxx  92.990   355 0000.0000 0000.0000  225 111111 01 0 0 0.25 0 
10  52.302647    4.739762 xxx  37.815   559 0000.0000 0000.0000  145 161161 02 0 0 0.25 0 
10  52.302485    4.741358 xxx 355.159   310 0000.0000 0000.0000  130 111111 02 0 0 0.25 0 
10  52.304142    4.741336 xxx 132.588   452 0000.0000 0000.0000  130 161161 02 0 0 0.25 0 
10  52.303056    4.740867 xxx 286.867   169 0000.0000 0000.0000  130 111111 02 0 0 0.25 0 
10  52.303366    4.741361 xxx  78.058   265 0000.0000 0000.0000  130 111111 02 0 0 0.25 0 
10  52.303126    4.740502 xxx  51.761   215 0000.0000 0000.0000  132 111111 02 0 0 0.25 0 
10  52.302915    4.741193 xxx 156.106   180 0000.0000 0000.0000  140 111111 02 0 0 0.25 0 
10  52.303767    4.740651 xxx 171.593   328 0000.0000 0000.0000  130 111111 02 0 0 0.25 0 
10  52.303569    4.741420 xxx  46.951   221 0000.0000 0000.0000  130 111111 02 0 0 0.25 0 
10  52.303315    4.741919 xxx 186.820   488 0000.0000 0000.0000  130 161161 02 0 0 0.25 0 
10  52.303932    4.742192 xxx 161.763   206 0000.0000 0000.0000  130 111111 02 0 0 0.25 0 
10  52.303426    4.742778 xxx 136.630   305 0000.0000 0000.0000  130 111111 02 0 0 0.25 0 
10  52.302980    4.742435 xxx  68.355   310 0000.0000 0000.0000  130 111111 02 0 0 0.25 0 
10  52.312656    4.758765 xxx  86.790  2630 0000.0000 0000.0000  962 111111 01 0 0 0.25 0 
10  52.315860    4.760027 xxx 179.943   170 0000.0000 0000.0000  130 161161 02 0 0 0.25 0 
10  52.315537    4.760209 xxx 143.584   180 0000.0000 0000.0000  130 161161 02 0 0 0.25 0 
10  52.315010    4.763603 xxx 123.231   540 0000.0000 0000.0000  130 161161 02 0 0 0.25 0 
10  52.315049    4.764959 xxx  34.320   400 0000.0000 0000.0000  130 161161 02 0 0 0.25 0 
10  52.315388    4.766742 xxx 176.790   430 0000.0000 0000.0000  175 161161 02 0 0 0.25 0 
10  52.312826    4.772716 xxx  92.990   715 0000.0000 0000.0000  214 111111 01 0 0 0.25 0 
10  52.309706    4.767587 xxx 272.990   900 0000.0000 0000.0000  272 111111 01 0 0 0.25 0 
10  52.310443    4.769268 xxx  36.488   582 0000.0000 0000.0000  253 111111 01 0 0 0.25 0 
10  52.312055    4.766973 xxx 213.497  1500 0000.0000 0000.0000  340 111111 01 0 0 0.25 0 
10  52.312558    4.770333 xxx  33.262  1110 0000.0000 0000.0000  236 111111 01 0 0 0.25 0 
10  52.310716    4.769686 xxx 104.260   419 0000.0000 0000.0000  325 111111 01 0 0 0.25 0 
10  52.311080    4.768497 xxx 264.209   633 0000.0000 0000.0000  276 111111 01 0 0 0.25 0 
10  52.310461    4.767096 xxx 102.980   338 0000.0000 0000.0000  348 111111 01 0 0 0.25 0 
10  52.311886    4.770954 xxx  38.582   220 0000.0000 0000.0000  108 111111 01 0 0 0.25 0 
10  52.314352    4.771965 xxx 183.046   936 0000.0000 0000.0000  165 161161 02 0 0 0.25 0 
10  52.312829    4.764730 xxx 116.179   449 0000.0000 0000.0000  579 111111 01 0 0 0.25 0 
10  52.313496    4.765688 xxx  47.476   273 0000.0000 0000.0000  278 111111 01 0 0 0.25 0 
10  52.313868    4.766250 xxx  81.079   427 0000.0000 0000.0000  221 111111 01 0 0 0.25 0 
10  52.314346    4.756435 xxx  86.790  6720 0000.0000 0000.0000  130 161161 02 0 0 0.25 0 
10  52.316257    4.775189 xxx  13.252   297 0000.0000 0000.0000  130 161161 02 0 0 0.25 0 
10  52.317063    4.768749 xxx  88.051    68 0000.0000 0000.0000   29 111111 02 0 0 0.25 0 
10  52.317510    4.771620 xxx  86.790 11281 0000.0000 0000.0000  240 111111 02 0 0 0.25 0 
10  52.311811    4.777682 xxx  47.726   790 0000.0000 0000.0000  130 161161 02 0 0 0.25 0 
10  52.312992    4.777772 xxx  47.726   800 0000.0000 0000.0000  130 161161 02 0 0 0.25 0 
10  52.313244    4.778668 xxx  92.990    40 0000.0000 0000.0000   28 111111 02 0 0 0.25 0 
10  52.306632    4.771686 xxx  92.990   935 0000.0000 0000.0000  158 111111 01 0 0 0.25 0 
10  52.307218    4.768499 xxx 148.047   690 0000.0000 0000.0000  225 111111 01 0 0 0.25 0 
10  52.306273    4.767120 xxx 147.928   700 0000.0000 0000.0000  220 111111 01 0 0 0.25 0 
10  52.306087    4.767763 xxx 282.928   290 0000.0000 0000.0000  161 111111 01 0 0 0.25 0 
10  52.307354    4.766238 xxx 173.641   431 0000.0000 0000.0000  320 111111 01 0 0 0.25 0 
10  52.307571    4.766965 xxx  39.217   273 0000.0000 0000.0000  193 111111 01 0 0 0.25 0 
10  52.307479    4.767444 xxx  83.108   144 0000.0000 0000.0000   85 111111 01 0 0 0.25 0 
10  52.307370    4.767761 xxx 120.648    81 0000.0000 0000.0000   33 111111 01 0 0 0.25 0 
10  52.306315    4.767683 xxx 120.436   108 0000.0000 0000.0000   38 111111 01 0 0 0.25 0 
10  52.304626    4.767099 xxx 237.928  1052 0000.0000 0000.0000  558 111111 01 0 0 0.25 0 
10  52.302624    4.764389 xxx 238.151  5350 0000.0000 0000.0000  130 161161 02 0 0 0.25 0 
10  52.330941    4.742223 xxx  92.911   900 0000.0000 0000.0000  130 161161 02 0 0 0.25 0 
10  52.334765    4.737406 xxx  76.983   217 0000.0000 0000.0000  130 161161 02 0 0 0.25 0 
10  52.334536    4.736598 xxx  54.381   238 0000.0000 0000.0000  130 161161 02 0 0 0.25 0 
10  52.334152    4.736094 xxx  21.565   213 0000.0000 0000.0000  130 161161 02 0 0 0.25 0 
10  52.334739    4.740581 xxx  92.965  1250 0000.0000 0000.0000  130 161161 02 0 0 0.25 0 
10  52.333907    4.744500 xxx 169.125   206 0000.0000 0000.0000  130 161161 02 0 0 0.25 0 
10  52.334561    4.743698 xxx 111.975   200 0000.0000 0000.0000  130 161161 02 0 0 0.25 0 
10  52.334317    4.744224 xxx 144.224   181 0000.0000 0000.0000  130 161161 02 0 0 0.25 0 
10  52.342747    4.711579 xxx 153.236  1100 0000.0000 0000.0000  130 161161 02 0 0 0.25 0 
10  52.341114    4.712753 xxx 350.153   247 0000.0000 0000.0000  130 161161 02 0 0 0.25 0 
10  52.337230    4.711199 xxx 153.236  1200 0000.0000 0000.0000  130 161161 02 0 0 0.25 0 
10  52.331167    4.714540 xxx 131.365  3000 0000.0000 0000.0000  130 161161 02 0 0 0.25 0 
10  52.330067    4.713133 xxx 221.365  1160 0000.0000 0000.0000  130 161161 02 0 0 0.25 0 
10  52.336708    4.711544 xxx 273.180   700 0000.0000 0000.0000   50 111111 02 0 0 0.25 0 
10  52.328806    4.711155 xxx  62.739   178 0000.0000 0000.0000  130 161161 02 0 0 0.25 0 
10  52.328743    4.710061 xxx 273.180   400 0000.0000 0000.0000  130 161161 02 0 0 0.25 0 
10  52.328387    4.721093 xxx  86.544   435 0000.0000 0000.0000  130 161161 02 0 0 0.25 0 
10  52.328415    4.719848 xxx 107.281   178 0000.0000 0000.0000  130 161161 02 0 0 0.25 0 
10  52.292935    4.743905 xxx 147.920   650 0000.0000 0000.0000  140 161161 02 0 0 0.25 0 
10  52.294915    4.748287 xxx  57.920  3400 0000.0000 0000.0000   19 111111 02 0 0 0.25 0 
10  52.294913    4.758251 xxx  76.638   344 0000.0000 0000.0000  130 161161 01 0 0 0.25 0 
10  52.311044    4.739836 xxx 153.333  1250 0000.0000 0000.0000  130 161161 02 0 0 0.25 0 
10  52.316131    4.740268 xxx 153.333  1250 0000.0000 0000.0000  130 161161 02 0 0 0.25 0 
10  52.304323    4.740352 xxx 186.117   103 0000.0000 0000.0000   31 111111 02 0 0 0.25 0 
10  52.310891    4.740646 xxx  76.675   250 0000.0000 0000.0000   33 111111 02 0 0 0.25 0 
10  52.326517    4.742169 xxx 133.244   176 0000.0000 0000.0000  130 161161 02 0 0 0.25 0 
10  52.325888    4.740391 xxx 212.624   604 0000.0000 0000.0000  130 161161 02 0 0 0.25 0 
10  52.326597    4.741256 xxx  59.795   113 0000.0000 0000.0000  138 161161 02 0 0 0.25 0 
10  52.326623    4.742584 xxx  92.911   570 0000.0000 0000.0000  130 161161 02 0 0 0.25 0 
10  52.328710    4.741321 xxx  92.911   584 0000.0000 0000.0000  130 161161 02 0 0 0.25 0 
10  52.323553    4.741518 xxx  92.911   219 0000.0000 0000.0000  130 161161 02 0 0 0.25 0 
10  52.322815    4.740095 xxx 212.661   576 0000.0000 0000.0000  130 161161 02 0 0 0.25 0 
10  52.323506    4.740939 xxx  60.542   127 0000.0000 0000.0000  130 161161 02 0 0 0.25 0 
10  52.323307    4.741829 xxx 133.445   121 0000.0000 0000.0000   36 111111 02 0 0 0.25 0 
10  52.320799    4.733964 xxx 122.630   347 0000.0000 0000.0000  130 161161 02 0 0 0.25 0 
10  52.320422    4.739002 xxx  93.178  2030 0000.0000 0000.0000  130 161161 02 0 0 0.25 0 
10  52.321506    4.733822 xxx  89.388   464 0000.0000 0000.0000  130 161161 02 0 0 0.25 0 
10  52.331369    4.716601 xxx 116.865   193 0000.0000 0000.0000  130 161161 02 0 0 0.25 0 
10  52.331455    4.715890 xxx  87.598   210 0000.0000 0000.0000  130 161161 02 0 0 0.25 0 
10  52.331341    4.715151 xxx  62.231   196 0000.0000 0000.0000  130 161161 02 0 0 0.25 0 
10  52.329893    4.718142 xxx  86.009   502 0000.0000 0000.0000  130 161161 02 0 0 0.25 0 
10  52.330135    4.717731 xxx 356.280   524 0000.0000 0000.0000  130 161161 02 0 0 0.25 0 
10  52.332648    4.712175 xxx 172.073   186 0000.0000 0000.0000  130 161161 02 0 0 0.25 0 
10  52.334014    4.710094 xxx 158.028   338 0000.0000 0000.0000   28 111111 02 0 0 0.25 0 
10  52.311354    4.745109 xxx 182.990  1455 0000.0000 0000.0000 1013 111111 02 0 0 0.25 0 
10  52.310219    4.754008 xxx  57.614  1018 0000.0000 0000.0000  371 111111 01 0 0 0.25 0 
10  52.310888    4.754804 xxx  86.790   787 0000.0000 0000.0000  307 111111 01 0 0 0.25 0 
10  52.310496    4.753055 xxx  26.272   204 0000.0000 0000.0000   66 111111 01 0 0 0.25 0 
10  52.315449    4.774697 xxx 176.790   200 0000.0000 0000.0000  510 111111 01 0 0 0.25 0 
10  52.315375    4.762156 xxx  86.790  9220 0000.0000 0000.0000  130 161161 02 0 0 0.25 0 
10  52.314904    4.775657 xxx 151.480   319 0000.0000 0000.0000  243 111111 01 0 0 0.25 0 
10  52.315060    4.774922 xxx 131.344   243 0000.0000 0000.0000  114 111111 01 0 0 0.25 0 
10  52.314058    4.776560 xxx 177.944   159 0000.0000 0000.0000  130 161161 02 0 0 0.25 0 
10  52.314438    4.776437 xxx 340.276   168 0000.0000 0000.0000  130 161161 02 0 0 0.25 0 
10  52.313257    4.776968 xxx 105.553    83 0000.0000 0000.0000   22 111111 02 0 0 0.25 0 
10  52.313143    4.777319 xxx 126.154   106 0000.0000 0000.0000   24 111111 02 0 0 0.25 0 
10  52.315597    4.776086 xxx  45.216   169 0000.0000 0000.0000   30 111111 02 0 0 0.25 0 
10  52.315067    4.776186 xxx 331.343   311 0000.0000 0000.0000   33 111111 02 0 0 0.25 0 
10  52.314789    4.772108 xxx  99.355   337 0000.0000 0000.0000  130 161161 02 0 0 0.25 0 
10  52.303600    4.773535 xxx 205.855   644 0000.0000 0000.0000  130 161161 02 0 0 0.25 0 
10  52.304508    4.774167 xxx 186.179   138 0000.0000 0000.0000  130 161161 02 0 0 0.25 0 
10  52.305207    4.773632 xxx 148.753   529 0000.0000 0000.0000  130 161161 02 0 0 0.25 0 
10  52.303771    4.772988 xxx 116.421   184 0000.0000 0000.0000  130 161161 02 0 0 0.25 0 
10  52.304162    4.772384 xxx 148.135   295 0000.0000 0000.0000  130 161161 02 0 0 0.25 0 
10  52.302243    4.764725 xxx 237.954  5319 0000.0000 0000.0000   20 111111 02 0 0 0.25 0 
10  52.309450    4.775508 xxx 182.977  2351 0000.0000 0000.0000   20 111111 02 0 0 0.25 0 
10  52.306705    4.775302 xxx  94.656   207 0000.0000 0000.0000   23 111111 02 0 0 0.25 0 
10  52.306029    4.775930 xxx  46.259   190 0000.0000 0000.0000   28 111111 02 0 0 0.25 0 
10  52.306006    4.774540 xxx 148.142   174 0000.0000 0000.0000   22 111111 02 0 0 0.25 0 
14  52.307490    4.762460 200 0 ATC Tower
19  52.329960    4.707860 1 Windsock
19  52.330000    4.741140 1 Windsock
19  52.303170    4.736360 1 Windsock
19  52.317410    4.748490 1 Windsock
19  52.301280    4.760080 1 Windsock
19  52.303290    4.764930 1 Windsock
19  52.303260    4.776310 1 Windsock
19  52.314770    4.780780 1 Windsock
19  52.319930    4.781240 1 Windsock
19  52.317590    4.794850 1 Windsock
50 13297 ATIS
50 10840 ATIS
50 12220 ATIS
50 13297 ATIS
52 12165 CLNC DEL
52 12197 CLNC DEL
52 12197 CLNC DEL
52 13015 CLNC DEL
52 13135 CLNC DEL
53 12170 GND
53 12180 GND
53 12190 GND
54 11810 TWR
54 11827 TWR
54 11827 TWR
54 11895 TWR
54 11922 TWR
54 11922 TWR
55 11905 APP/DEP
55 12120 APP/DEP
55 12220 DEP
55 12667 APP/DEP
55 12667 APP/DEP
55 11840 ARR
55 13115 ARR
