1     502 0 1 EFLA LAHTI VESIVEHMAA
10  61.144208  025.693773 07x  67.78  3903 0853.0000 0000.0000    98 321321  1 0 2 0.25 0 0300.0300
10  61.147236  025.691390 18x 185.44  1788 0000.0000 0000.0000    75 111111  4 0 1 0.25 0 0300.0300
10  61.148141  025.694406 12x 129.59  1641 0000.0000 0000.0000    75 111111  5 0 1 0.25 0 0300.0300
10  61.141835  025.683948 xxx 157.77   215 0.0 0.0    49 161161  1 0 0 0.25 0 
10  61.143836  025.694087 xxx 157.77   215 0.0 0.0    49 161161  1 0 0 0.25 0 
10  61.145836  025.704227 xxx 157.77   215 0.0 0.0    49 161161  1 0 0 0.25 0 
10  61.143525  025.694351 xxx  67.77  3903 0.0 0.0    49 161161  1 0 0 0.25 0 
19  61.142455  025.682671 1 WS
19  61.149943  025.690888 1 WS
19  61.149854  025.692546 1 WS
19  61.145961  025.704874 1 WS
19  61.146338  025.697923 1 WS
19  61.144618  025.690234 1 WS
50 12242 ATIS
