1      2 0 0 EHOW Oostwold
10  53.209347    7.035068 xxx  65.712  2084 0000.0000 0000.0000   20 111111 02 0 0 0.25 0 0300.0300 
10  53.208982    7.033720 07x  65.712  2501 0000.0000 0000.0000  170 121221 03 0 2 0.25 0 0300.0300 
10  53.209396    7.040224 xxx 156.348  1095 0000.0000 0000.0000   11 111111 02 0 0 0.25 0 
10  53.208178    7.041481 xxx  66.348   142 0000.0000 0000.0000   58 111111 02 0 0 0.25 0 
10  53.207933    7.041546 xxx  66.348   187 0000.0000 0000.0000  126 111111 02 0 0 0.25 0 
10  53.210485    7.039397 xxx 110.712    10 0000.0000 0000.0000    5 111111 02 0 0 0.25 0 
10  53.210542    7.039357 xxx  20.712    10 0000.0000 0000.0000    5 111111 02 0 0 0.25 0 
14  53.208230    7.041510   0 0 ATC Tower
19  53.210140    7.039020 1 Windsock
54 118.70 Eelde Tower
51 118.325  Oostwold Radio
