1    695 0 0  EPDK Depultycze Krolewskie
10  51.083553   23.436949 19x  14.000  1968 0000.0000 0000.0000  164 111111 03 0 1 0.25 0 0300.0300 
10  51.083670   23.435717 xxx 135.240   100 0000.0000 0000.0000   30 111111 05 0 0 0.25 0 
10  51.082104   23.435216 xxx 193.979   453 0000.0000 0000.0000  104 111111 05 0 0 0.25 0 
10  51.081341   23.435191 xxx 104.622   230 0000.0000 0000.0000  167 111111 05 0 0 0.25 0 
10  51.082833   23.435684 xxx 102.690   188 0000.0000 0000.0000  155 111111 05 0 0 0.25 0 
10  51.082265   23.435795 xxx 193.804   579 0000.0000 0000.0000  142 111111 03 0 0 0.25 0 
10  51.083305   23.435770 xxx 189.781   228 0000.0000 0000.0000   30 111111 05 0 0 0.25 0 
19  51.085155   23.446010 1 Windsock
19  51.083333   23.436162 1 Windsock
