1     265 0 1 EPKS KRZESINY
10  52.331720  016.966427 12x 117.93   8181    0.0000  480.0480  196 322327 01 0 2 0.25 0 0300.0300
10  52.330454  016.963350 07x  75.00   5825    0.0000    0.0000  185 111111 01 0 2 0.25 0 0300.0300
10  52.336508  016.950252 xxx  63.92    164    0.0000    0.0000   66 111111 01 0 0 0.25 0 0000.0000
10  52.331728  016.962490 xxx 175.81    840    0.0000    0.0000   49 111111 01 0 0 0.25 0 0000.0000
10  52.326061  016.981970 xxx 207.92    197    0.0000    0.0000   98 111111 01 0 0 0.25 0 0000.0000
10  52.329090  016.964525 xxx 117.93   8333    0.0000    0.0000   66 111111 01 0 0 0.25 0 0000.0000
10  52.325876  016.981777 xxx  10.00    410    0.0000    0.0000   98 111111 01 0 0 0.25 0 0000.0000
10  52.324543  016.981172 xxx 207.92    623    0.0000    0.0000  197 111111 02 0 0 0.25 0 0000.0000
10  52.324163  016.980218 xxx  70.00    164    0.0000    0.0000   66 111111 02 0 0 0.25 0 0000.0000
10  52.324591  016.977431 xxx 117.92    738    0.0000    0.0000  131 111111 02 0 0 0.25 0 0000.0000
10  52.328690  016.983235 xxx 117.92   1214    0.0000    0.0000   26 111111 01 0 0 0.25 0 0000.0000
10  52.326579  016.976700 xxx 207.92    968    0.0000    0.0000   56 111111 01 0 0 0.25 0 0000.0000
10  52.326328  016.971778 xxx 117.92   1919    0.0000    0.0000  328 111111 02 0 0 0.25 0 0000.0000
10  52.328755  016.969994 xxx 207.92    968    0.0000    0.0000   56 111111 01 0 0 0.25 0 0000.0000
10  52.331113  016.950223 xxx 105.93    355    0.0000    0.0000   78 111111 01 0 0 0.25 0 0000.0000
10  52.330290  016.976692 xxx 166.38   1476    0.0000    0.0000   56 111111 01 0 0 0.25 0 0000.0000
10  52.324948  016.979892 xxx  28.30     89    0.0000    0.0000   85 111111 02 0 0 0.25 0 0000.0000
10  52.324552  016.979746 xxx 207.92    197    0.0000    0.0000    7 111111 01 0 0 0.25 0 0000.0000
10  52.324698  016.980346 xxx 117.93    184    0.0000    0.0000    7 111111 01 0 0 0.25 0 0000.0000
10  52.327885  016.985597 xxx  58.44   1611    0.0000    0.0000   26 111111 01 0 0 0.25 0 0000.0000
10  52.326758  016.982750 xxx  40.00     98    0.0000    0.0000   23 111111 01 0 0 0.25 0 0000.0000
10  52.328583  016.980227 xxx 207.92    673    0.0000    0.0000   26 111111 01 0 0 0.25 0 0000.0000
10  52.332288  016.954337 xxx 237.43   2329    0.0000    0.0000   59 111111 01 0 0 0.25 0 0000.0000
10  52.332405  016.954926 xxx  20.00    131    0.0000    0.0000   66 111111 01 0 0 0.25 0 0000.0000
10  52.332285  016.954957 xxx 350.00     98    0.0000    0.0000   66 111111 01 0 0 0.25 0 0000.0000
10  52.332208  016.954460 xxx  90.00    131    0.0000    0.0000   33 111111 01 0 0 0.25 0 0000.0000
10  52.324430  016.974824 xxx 207.92    269    0.0000    0.0000   66 111111 02 0 0 0.25 0 0000.0000
10  52.323775  016.975097 xxx 117.92   1165    0.0000    0.0000   98 111111 02 0 0 0.25 0 0000.0000
10  52.323702  016.976180 xxx 117.92    719    0.0000    0.0000   82 111111 02 0 0 0.25 0 0000.0000
10  52.328898  016.986016 xxx  11.33    715    0.0000    0.0000   26 111111 01 0 0 0.25 0 0000.0000
10  52.328087  016.987205 xxx 104.00    341    0.0000    0.0000   26 111111 01 0 0 0.25 0 0000.0000
10  52.328717  016.988115 xxx 102.00     98    0.0000    0.0000   26 111111 01 0 0 0.25 0 0000.0000
10  52.328876  016.987905 xxx  10.00     98    0.0000    0.0000   26 111111 01 0 0 0.25 0 0000.0000
10  52.325034  016.971458 xxx 117.92    705    0.0000    0.0000   49 111111 02 0 0 0.25 0 0000.0000
10  52.337098  016.950511 xxx 207.92   2297    0.0000    0.0000   56 111111 01 0 0 0.25 0 0000.0000
10  52.337258  016.950897 xxx 350.92    164    0.0000    0.0000   66 111111 01 0 0 0.25 0 0000.0000
10  52.330381  016.949863 xxx 165.00   3018    0.0000    0.0000   56 111111 01 0 0 0.25 0 0000.0000
10  52.331066  016.949054 xxx 165.00    427    0.0000    0.0000  164 111111 02 0 0 0.25 0 0000.0000
10  52.330581  016.950059 xxx  40.93    164    0.0000    0.0000   66 111111 01 0 0 0.25 0 0000.0000
10  52.326671  016.965453 xxx 248.98   1129    0.0000    0.0000   56 111111 01 0 0 0.25 0 0000.0000
10  52.326286  016.957287 xxx 272.64   2625    0.0000    0.0000   56 111111 01 0 0 0.25 0 0000.0000
10  52.326903  016.954867 xxx 272.64   1050    0.0000    0.0000  344 111111 02 0 0 0.25 0 0000.0000
10  52.327381  016.951970 xxx 272.64    328    0.0000    0.0000   56 111111 02 0 0 0.25 0 0000.0000
10  52.326546  016.951838 xxx 120.00    164    0.0000    0.0000   56 111111 01 0 0 0.25 0 0000.0000
10  52.327271  016.951468 xxx  50.00    131    0.0000    0.0000   66 111111 02 0 0 0.25 0 0000.0000
10  52.326451  016.962623 xxx 229.64    210    0.0000    0.0000   59 111111 01 0 0 0.25 0 0000.0000
10  52.326755  016.959332 xxx   3.00    328    0.0000    0.0000   33 111111 02 0 0 0.25 0 0000.0000
10  52.329052  016.962913 xxx 117.93    131    0.0000    0.0000   33 111111 01 0 0 0.25 0 0000.0000
10  52.327921  016.962773 xxx 175.81   1280    0.0000    0.0000   56 111111 01 0 0 0.25 0 0000.0000
10  52.326599  016.961691 xxx 157.00    328    0.0000    0.0000  164 111111 02 0 0 0.25 0 0000.0000
10  52.326273  016.962503 xxx  70.00    164    0.0000    0.0000   98 111111 01 0 0 0.25 0 0000.0000
10  52.328852  016.964153 xxx 117.93    427    0.0000    0.0000  164 111111 02 0 0 0.25 0 0000.0000
10  52.327874  016.966382 xxx 117.93    328    0.0000    0.0000  328 111111 02 0 0 0.25 0 0000.0000
10  52.328587  016.965586 xxx 117.93    230    0.0000    0.0000   33 111111 02 0 0 0.25 0 0000.0000
10  52.327270  016.966464 xxx 350.00    230    0.0000    0.0000  164 111111 02 0 0 0.25 0 0000.0000
10  52.327740  016.968072 xxx 350.00    164    0.0000    0.0000   66 111111 02 0 0 0.25 0 0000.0000
10  52.339238  016.954802 xxx 117.93    919    0.0000    0.0000   49 111111 01 0 0 0.25 0 0000.0000
10  52.336034  016.946131 xxx 297.00   1312    0.0000    0.0000   49 111111 01 0 0 0.25 0 0000.0000
10  52.338494  016.956233 xxx 208.00    131    0.0000    0.0000   98 111111 02 0 0 0.25 0 0000.0000
10  52.338870  016.955074 xxx 208.00    131    0.0000    0.0000   98 111111 02 0 0 0.25 0 0000.0000
10  52.338236  016.956011 xxx 208.00     82    0.0000    0.0000   82 111111 02 0 0 0.25 0 0000.0000
10  52.338613  016.954848 xxx 208.00     82    0.0000    0.0000   82 111111 02 0 0 0.25 0 0000.0000
10  52.328170  016.951046 xxx  20.00    164    0.0000    0.0000   66 111111 01 0 0 0.25 0 0000.0000
10  52.328672  016.950898 xxx 290.00    164    0.0000    0.0000   66 111111 01 0 0 0.25 0 0000.0000
10  52.340845  016.950171 xxx 117.93   1460    0.0000    0.0000   49 111111 01 0 0 0.25 0 0000.0000
10  52.342114  016.945708 xxx 289.00    755    0.0000    0.0000   49 111111 01 0 0 0.25 0 0000.0000
10  52.341771  016.943710 xxx 204.00   1903    0.0000    0.0000   49 111111 01 0 0 0.25 0 0000.0000
10  52.341304  016.952806 xxx 355.00    984    0.0000    0.0000   49 111111 01 0 0 0.25 0 0000.0000
10  52.339184  016.941923 xxx  10.00    164    0.0000    0.0000   49 111111 01 0 0 0.25 0 0000.0000
10  52.336986  016.943258 xxx 130.00    164    0.0000    0.0000   49 111111 01 0 0 0.25 0 0000.0000
10  52.337293  016.942755 xxx 140.00    164    0.0000    0.0000   49 111111 01 0 0 0.25 0 0000.0000
10  52.338749  016.941854 xxx   1.00    164    0.0000    0.0000   49 111111 01 0 0 0.25 0 0000.0000
10  52.338337  016.941967 xxx 160.00    164    0.0000    0.0000   49 111111 01 0 0 0.25 0 0000.0000
10  52.337613  016.942412 xxx 155.00    131    0.0000    0.0000   49 111111 01 0 0 0.25 0 0000.0000
10  52.337960  016.942184 xxx 161.00    148    0.0000    0.0000   49 111111 01 0 0 0.25 0 0000.0000
10  52.343795  016.949595 xxx 111.00   1247    0.0000    0.0000   49 111111 01 0 0 0.25 0 0000.0000
10  52.342841  016.952495 xxx 340.00    164    0.0000    0.0000   49 111111 01 0 0 0.25 0 0000.0000
10  52.343117  016.952271 xxx 320.00     82    0.0000    0.0000   49 111111 01 0 0 0.25 0 0000.0000
10  52.344219  016.945524 xxx 216.10     72    0.0000    0.0000   49 111111 01 0 0 0.25 0 0000.0000
10  52.340621  016.950004 xxx 208.00    131    0.0000    0.0000   98 111111 02 0 0 0.25 0 0000.0000
10  52.340363  016.949780 xxx 208.00     82    0.0000    0.0000   82 111111 02 0 0 0.25 0 0000.0000
10  52.340978  016.948902 xxx 208.00    131    0.0000    0.0000   98 111111 02 0 0 0.25 0 0000.0000
10  52.340722  016.948676 xxx 208.00     82    0.0000    0.0000   82 111111 02 0 0 0.25 0 0000.0000
10  52.340771  016.951257 xxx 208.00    131    0.0000    0.0000   98 111111 02 0 0 0.25 0 0000.0000
10  52.341193  016.949960 xxx 208.00    131    0.0000    0.0000   98 111111 02 0 0 0.25 0 0000.0000
10  52.341028  016.951482 xxx 208.00     82    0.0000    0.0000   82 111111 02 0 0 0.25 0 0000.0000
10  52.341450  016.950183 xxx 208.00     82    0.0000    0.0000   82 111111 02 0 0 0.25 0 0000.0000
10  52.342856  016.944058 xxx 204.00     98    0.0000    0.0000  131 111111 02 0 0 0.25 0 0000.0000
10  52.343554  016.944566 xxx 204.00     98    0.0000    0.0000  131 111111 02 0 0 0.25 0 0000.0000
10  52.343073  016.945097 xxx 204.00     98    0.0000    0.0000  131 111111 02 0 0 0.25 0 0000.0000
10  52.343853  016.945665 xxx 204.00     98    0.0000    0.0000  131 111111 02 0 0 0.25 0 0000.0000
10  52.342975  016.943627 xxx 204.00     82    0.0000    0.0000   82 111111 02 0 0 0.25 0 0000.0000
10  52.343674  016.944132 xxx 204.00     82    0.0000    0.0000   82 111111 02 0 0 0.25 0 0000.0000
10  52.343734  016.946099 xxx 204.00     82    0.0000    0.0000   82 111111 02 0 0 0.25 0 0000.0000
10  52.342956  016.945534 xxx 204.00     82    0.0000    0.0000   82 111111 02 0 0 0.25 0 0000.0000
10  52.344267  016.948710 xxx 111.00     98    0.0000    0.0000  131 111111 02 0 0 0.25 0 0000.0000
10  52.344539  016.948881 xxx 111.00     82    0.0000    0.0000   82 111111 02 0 0 0.25 0 0000.0000
10  52.343993  016.949875 xxx 111.00     98    0.0000    0.0000  131 111111 02 0 0 0.25 0 0000.0000
10  52.344265  016.950046 xxx 111.00     82    0.0000    0.0000   82 111111 02 0 0 0.25 0 0000.0000
10  52.343270  016.950703 xxx 111.00     98    0.0000    0.0000  131 111111 02 0 0 0.25 0 0000.0000
10  52.342999  016.950528 xxx 111.00     82    0.0000    0.0000   82 111111 02 0 0 0.25 0 0000.0000
10  52.343019  016.951774 xxx 111.00     98    0.0000    0.0000  131 111111 02 0 0 0.25 0 0000.0000
10  52.342745  016.951606 xxx 111.00     82    0.0000    0.0000   82 111111 02 0 0 0.25 0 0000.0000
10  52.340558  016.953317 xxx 355.00     98    0.0000    0.0000  131 111111 02 0 0 0.25 0 0000.0000
10  52.341346  016.953683 xxx 355.00     82    0.0000    0.0000   82 111111 02 0 0 0.25 0 0000.0000
10  52.341320  016.953208 xxx 355.00     98    0.0000    0.0000  131 111111 02 0 0 0.25 0 0000.0000
10  52.340583  016.953791 xxx 355.00     82    0.0000    0.0000   82 111111 02 0 0 0.25 0 0000.0000
10  52.340409  016.952326 xxx 355.00     98    0.0000    0.0000  230 111111 01 0 0 0.25 0 0000.0000
10  52.340242  016.952514 xxx  16.20     98    0.0000    0.0000  197 111111 01 0 0 0.25 0 0000.0000
10  52.340457  016.951618 xxx   3.00     52    0.0000    0.0000  131 111111 01 0 0 0.25 0 0000.0000
10  52.339946  016.952560 xxx 242.80     85    0.0000    0.0000  197 111111 01 0 0 0.25 0 0000.0000
10  52.332221  016.975809 xxx 315.28    111    0.0000    0.0000   56 111111 01 0 0 0.25 0 0000.0000
10  52.328492  016.986895 xxx 191.00     98    0.0000    0.0000   26 111111 01 0 0 0.25 0 0000.0000
10  52.329418  016.986385 xxx  55.00    131    0.0000    0.0000   26 111111 01 0 0 0.25 0 0000.0000
10  52.329463  016.985994 xxx 325.00    131    0.0000    0.0000   26 111111 01 0 0 0.25 0 0000.0000
10  52.328605  016.985381 xxx 237.43    164    0.0000    0.0000   66 111111 01 0 0 0.25 0 0000.0000
10  52.330248  016.980754 xxx 355.00    673    0.0000    0.0000   26 111111 01 0 0 0.25 0 0000.0000
10  52.329865  016.982177 xxx  61.00    673    0.0000    0.0000   26 111111 01 0 0 0.25 0 0000.0000
10  52.329438  016.981126 xxx 346.02     59    0.0000    0.0000   33 111111 01 0 0 0.25 0 0000.0000
10  52.328739  016.979384 xxx 297.62    361    0.0000    0.0000    7 111111 02 0 0 0.25 0 0000.0000
10  52.328996  016.978580 xxx 297.62     49    0.0000    0.0000   49 111111 02 0 0 0.25 0 0000.0000
10  52.329520  016.980959 xxx 115.92     59    0.0000    0.0000   39 111111 01 0 0 0.25 0 0000.0000
10  52.329527  016.981072 xxx 264.92     59    0.0000    0.0000   26 111111 01 0 0 0.25 0 0000.0000
10  52.330354  016.980507 xxx 129.60    138    0.0000    0.0000   26 111111 01 0 0 0.25 0 0000.0000
10  52.331152  016.984310 xxx 117.00   1476    0.0000    0.0000   20 111111 01 0 0 0.25 0 0000.0000
10  52.331363  016.980594 xxx 355.00    164    0.0000    0.0000   20 111111 01 0 0 0.25 0 0000.0000
10  52.331615  016.980572 xxx  10.20     27    0.0000    0.0000   20 111111 01 0 0 0.25 0 0000.0000
10  52.332065  016.981117 xxx  68.20     26    0.0000    0.0000   20 111111 01 0 0 0.25 0 0000.0000
10  52.332072  016.981325 xxx  98.20     27    0.0000    0.0000   20 111111 01 0 0 0.25 0 0000.0000
10  52.329380  016.988266 xxx 145.00    702    0.0000    0.0000   20 111111 01 0 0 0.25 0 0000.0000
10  52.330387  016.980961 xxx 220.00    138    0.0000    0.0000   26 111111 01 0 0 0.25 0 0000.0000
10  52.330587  016.984285 xxx  61.00    459    0.0000    0.0000   20 111111 01 0 0 0.25 0 0000.0000
10  52.330062  016.982313 xxx 199.00    138    0.0000    0.0000   26 111111 01 0 0 0.25 0 0000.0000
10  52.329823  016.982516 xxx 289.00    138    0.0000    0.0000   26 111111 01 0 0 0.25 0 0000.0000
10  52.330880  016.985008 xxx 199.00     46    0.0000    0.0000   26 111111 01 0 0 0.25 0 0000.0000
10  52.332391  016.979715 xxx 311.30    591    0.0000    0.0000   20 111111 01 0 0 0.25 0 0000.0000
10  52.330880  016.984347 xxx 117.00    197    0.0000    0.0000   20 111111 01 0 0 0.25 0 0000.0000
10  52.330744  016.984615 xxx 187.00     39    0.0000    0.0000   26 111111 01 0 0 0.25 0 0000.0000
10  52.331164  016.983911 xxx 184.00     66    0.0000    0.0000   20 111111 01 0 0 0.25 0 0000.0000
10  52.331197  016.983984 xxx 235.00     39    0.0000    0.0000   26 111111 01 0 0 0.25 0 0000.0000
10  52.331020  016.983975 xxx 322.00     39    0.0000    0.0000   19 111111 01 0 0 0.25 0 0000.0000
10  52.330778  016.984570 xxx 157.00     39    0.0000    0.0000   20 111111 01 0 0 0.25 0 0000.0000
10  52.331058  016.983939 xxx 157.00     39    0.0000    0.0000   20 111111 01 0 0 0.25 0 0000.0000
10  52.331039  016.983936 xxx 154.00     39    0.0000    0.0000   20 111111 01 0 0 0.25 0 0000.0000
10  52.331197  016.984101 xxx 274.00     33    0.0000    0.0000   20 111111 01 0 0 0.25 0 0000.0000
10  52.330913  016.984961 xxx 157.00     39    0.0000    0.0000   20 111111 01 0 0 0.25 0 0000.0000
10  52.330773  016.984754 xxx 271.00     39    0.0000    0.0000   19 111111 01 0 0 0.25 0 0000.0000
10  52.328950  016.985517 xxx 328.00     66    0.0000    0.0000   66 111111 02 0 0 0.25 0 0000.0000
10  52.328782  016.985552 xxx   4.00     66    0.0000    0.0000   26 111111 01 0 0 0.25 0 0000.0000
10  52.328732  016.985750 xxx 328.00    131    0.0000    0.0000   26 111111 01 0 0 0.25 0 0000.0000
10  52.331683  016.980598 xxx  16.20     27    0.0000    0.0000   20 111111 01 0 0 0.25 0 0000.0000
10  52.331749  016.980636 xxx  22.20     27    0.0000    0.0000   20 111111 01 0 0 0.25 0 0000.0000
10  52.331813  016.980685 xxx  28.20     27    0.0000    0.0000   20 111111 01 0 0 0.25 0 0000.0000
10  52.331873  016.980744 xxx  34.20     27    0.0000    0.0000   20 111111 01 0 0 0.25 0 0000.0000
10  52.331928  016.980812 xxx  40.20     27    0.0000    0.0000   20 111111 01 0 0 0.25 0 0000.0000
10  52.331979  016.980890 xxx  46.20     27    0.0000    0.0000   20 111111 01 0 0 0.25 0 0000.0000
10  52.332077  016.981216 xxx  89.20     27    0.0000    0.0000   20 111111 01 0 0 0.25 0 0000.0000
10  52.332014  016.980954 xxx  52.20     14    0.0000    0.0000   20 111111 01 0 0 0.25 0 0000.0000
10  52.332045  016.981042 xxx  65.20     20    0.0000    0.0000   20 111111 01 0 0 0.25 0 0000.0000
10  52.332022  016.981002 xxx  59.20     20    0.0000    0.0000   13 111111 01 0 0 0.25 0 0000.0000
10  52.332036  016.980989 xxx  59.20     20    0.0000    0.0000   13 111111 01 0 0 0.25 0 0000.0000
10  52.332039  016.980990 xxx  62.20     13    0.0000    0.0000   13 111111 01 0 0 0.25 0 0000.0000
10  52.342568  016.944786 xxx 333.00    230    0.0000    0.0000   36 111111 01 0 0 0.25 0 0000.0000
10  52.342151  016.944467 xxx  72.00    230    0.0000    0.0000   36 111111 01 0 0 0.25 0 0000.0000
10  52.342231  016.944414 xxx  72.00    210    0.0000    0.0000   36 111111 01 0 0 0.25 0 0000.0000
10  52.342314  016.944340 xxx  72.00    125    0.0000    0.0000   36 111111 01 0 0 0.25 0 0000.0000
10  52.342528  016.944698 xxx 150.00    210    0.0000    0.0000   36 111111 01 0 0 0.25 0 0000.0000
10  52.342480  016.944480 xxx 150.00    125    0.0000    0.0000   66 111111 01 0 0 0.25 0 0000.0000
10  52.342866  016.944623 xxx 357.00     79    0.0000    0.0000   36 111111 01 0 0 0.25 0 0000.0000
10  52.342940  016.944640 xxx   6.00     46    0.0000    0.0000   30 111111 01 0 0 0.25 0 0000.0000
10  52.342740  016.944661 xxx 351.00     46    0.0000    0.0000   30 111111 01 0 0 0.25 0 0000.0000
10  52.342039  016.944095 xxx  60.00    112    0.0000    0.0000   30 111111 01 0 0 0.25 0 0000.0000
10  52.341967  016.943937 xxx  42.00     46    0.0000    0.0000   30 111111 01 0 0 0.25 0 0000.0000
10  52.342104  016.944291 xxx  66.00     46    0.0000    0.0000   30 111111 01 0 0 0.25 0 0000.0000
10  52.342197  016.944990 xxx  93.00    112    0.0000    0.0000   30 111111 01 0 0 0.25 0 0000.0000
10  52.342194  016.944803 xxx  84.00     46    0.0000    0.0000   30 111111 01 0 0 0.25 0 0000.0000
10  52.342181  016.945223 xxx 102.00     46    0.0000    0.0000   30 111111 01 0 0 0.25 0 0000.0000
10  52.342333  016.945088 xxx 132.00    112    0.0000    0.0000   30 111111 01 0 0 0.25 0 0000.0000
10  52.342238  016.945287 xxx 117.00     46    0.0000    0.0000   30 111111 01 0 0 0.25 0 0000.0000
10  52.342409  016.944965 xxx 138.00     46    0.0000    0.0000   30 111111 01 0 0 0.25 0 0000.0000
10  52.342720  016.944683 xxx 159.00     46    0.0000    0.0000   30 111111 01 0 0 0.25 0 0000.0000
10  52.340604  016.952314 xxx  57.00    302    0.0000    0.0000   92 111111 01 0 0 0.25 0 0000.0000
10  52.340630  016.952580 xxx  57.00    118    0.0000    0.0000   98 111111 01 0 0 0.25 0 0000.0000
10  52.340865  016.952596 xxx 213.00    164    0.0000    0.0000   59 111111 01 0 0 0.25 0 0000.0000
10  52.340475  016.951660 xxx 261.00    118    0.0000    0.0000   52 111111 01 0 0 0.25 0 0000.0000
10  52.341102  016.952775 xxx   9.00    118    0.0000    0.0000   46 111111 01 0 0 0.25 0 0000.0000
10  52.340137  016.952270 xxx 312.00    118    0.0000    0.0000   59 111111 01 0 0 0.25 0 0000.0000
10  52.339938  016.953093 xxx 333.00    164    0.0000    0.0000   59 111111 01 0 0 0.25 0 0000.0000
10  52.339706  016.953033 xxx  78.00    118    0.0000    0.0000   59 111111 01 0 0 0.25 0 0000.0000
10  52.340028  016.952409 xxx 324.00     85    0.0000    0.0000   52 111111 01 0 0 0.25 0 0000.0000
10  52.340227  016.952070 xxx 303.00     85    0.0000    0.0000   52 111111 01 0 0 0.25 0 0000.0000
10  52.340091  016.953009 xxx 342.00     85    0.0000    0.0000   52 111111 01 0 0 0.25 0 0000.0000
10  52.339739  016.953367 xxx 312.00     85    0.0000    0.0000   46 111111 01 0 0 0.25 0 0000.0000
10  52.339620  016.952786 xxx  57.00     85    0.0000    0.0000   46 111111 01 0 0 0.25 0 0000.0000
10  52.339689  016.953255 xxx  93.00     85    0.0000    0.0000   46 111111 01 0 0 0.25 0 0000.0000
10  52.340723  016.952383 xxx 228.00     85    0.0000    0.0000   46 111111 01 0 0 0.25 0 0000.0000
10  52.340525  016.951893 xxx 246.00     85    0.0000    0.0000   46 111111 01 0 0 0.25 0 0000.0000
10  52.341026  016.952715 xxx 207.00     85    0.0000    0.0000   46 111111 01 0 0 0.25 0 0000.0000
10  52.331487  016.966236 xxx 117.93   8176    0.0000    0.0000   66 111111 01 0 0 0.25 0 0000.0000
10  52.331969  016.966623 xxx 117.93   8176    0.0000    0.0000   66 111111 01 0 0 0.25 0 0000.0000
10  52.331368  016.966408 xxx 178.81    289    0.0000    0.0000   98 111111 01 0 0 0.25 0 0000.0000
10  52.331141  016.969671 xxx 181.81    289    0.0000    0.0000  131 111111 01 0 0 0.25 0 0000.0000
10  52.332735  016.962225 xxx 145.81    131    0.0000    0.0000   56 111111 01 0 0 0.25 0 0000.0000
10  52.332520  016.962553 xxx 205.81    131    0.0000    0.0000   56 111111 01 0 0 0.25 0 0000.0000
10  52.332538  016.962607 xxx 238.81    105    0.0000    0.0000   56 111111 01 0 0 0.25 0 0000.0000
10  52.330607  016.962422 xxx 217.81    131    0.0000    0.0000   56 111111 01 0 0 0.25 0 0000.0000
10  52.330637  016.962859 xxx 112.81    131    0.0000    0.0000   56 111111 01 0 0 0.25 0 0000.0000
10  52.330773  016.962696 xxx 145.81    105    0.0000    0.0000   36 111111 01 0 0 0.25 0 0000.0000
10  52.333862  016.958569 xxx 259.81    131    0.0000    0.0000   56 111111 01 0 0 0.25 0 0000.0000
10  52.333940  016.958197 xxx  28.81    197    0.0000    0.0000   56 111111 01 0 0 0.25 0 0000.0000
10  52.334026  016.958143 xxx 349.81    131    0.0000    0.0000   56 111111 01 0 0 0.25 0 0000.0000
10  52.332394  016.955012 xxx   2.00     65    0.0000    0.0000   40 111111 01 0 0 0.25 0 0000.0000
10  52.332553  016.955102 xxx  35.00     65    0.0000    0.0000   40 111111 01 0 0 0.25 0 0000.0000
10  52.332200  016.955106 xxx 131.00     52    0.0000    0.0000   40 111111 01 0 0 0.25 0 0000.0000
10  52.332208  016.954765 xxx  98.00     65    0.0000    0.0000   40 111111 01 0 0 0.25 0 0000.0000
10  52.332201  016.954247 xxx 257.00     65    0.0000    0.0000   40 111111 01 0 0 0.25 0 0000.0000
10  52.332434  016.954537 xxx 257.00     65    0.0000    0.0000   40 111111 01 0 0 0.25 0 0000.0000
10  52.332474  016.954712 xxx 245.00     65    0.0000    0.0000   40 111111 01 0 0 0.25 0 0000.0000
10  52.332429  016.954420 xxx 281.00     65    0.0000    0.0000   40 111111 01 0 0 0.25 0 0000.0000
10  52.334539  016.948432 xxx   2.00    131    0.0000    0.0000   52 111111 01 0 0 0.25 0 0000.0000
10  52.334365  016.948522 xxx 152.00     85    0.0000    0.0000   46 111111 01 0 0 0.25 0 0000.0000
10  52.334687  016.948506 xxx 194.00     66    0.0000    0.0000   33 111111 01 0 0 0.25 0 0000.0000
10  52.334443  016.948495 xxx 338.00     66    0.0000    0.0000   33 111111 01 0 0 0.25 0 0000.0000
10  52.334306  016.948632 xxx 314.00     66    0.0000    0.0000   33 111111 01 0 0 0.25 0 0000.0000
10  52.335143  016.948235 xxx 332.00    262    0.0000    0.0000   52 111111 01 0 0 0.25 0 0000.0000
10  52.335466  016.948488 xxx  86.00    262    0.0000    0.0000   52 111111 01 0 0 0.25 0 0000.0000
10  52.335364  016.948751 xxx  86.00    131    0.0000    0.0000   66 111111 01 0 0 0.25 0 0000.0000
10  52.335169  016.948466 xxx 143.10    148    0.0000    0.0000   98 111111 01 0 0 0.25 0 0000.0000
10  52.335427  016.947918 xxx 317.00     66    0.0000    0.0000   33 111111 01 0 0 0.25 0 0000.0000
10  52.335487  016.948035 xxx 101.00     66    0.0000    0.0000   33 111111 01 0 0 0.25 0 0000.0000
10  52.339656  016.952611 xxx 360.00     85    0.0000    0.0000   46 111111 01 0 0 0.25 0 0000.0000
10  52.339756  016.952595 xxx 351.00     85    0.0000    0.0000   46 111111 01 0 0 0.25 0 0000.0000
10  52.344342  016.945726 xxx 234.10     72    0.0000    0.0000   49 111111 01 0 0 0.25 0 0000.0000
10  52.344409  016.945973 xxx 258.10     72    0.0000    0.0000   49 111111 01 0 0 0.25 0 0000.0000
10  52.344433  016.946274 xxx 267.10     72    0.0000    0.0000   49 111111 01 0 0 0.25 0 0000.0000
10  52.344427  016.946578 xxx 276.10     72    0.0000    0.0000   49 111111 01 0 0 0.25 0 0000.0000
10  52.344416  016.946868 xxx 273.10     72    0.0000    0.0000   42 111111 01 0 0 0.25 0 0000.0000
10  52.344400  016.946862 xxx 276.10     72    0.0000    0.0000   42 111111 01 0 0 0.25 0 0000.0000
10  52.344417  016.946869 xxx 276.10     59    0.0000    0.0000   42 111111 01 0 0 0.25 0 0000.0000
10  52.343247  016.944512 xxx 204.00    787    0.0000    0.0000   23 111111 01 0 0 0.25 0 0000.0000
10  52.344328  016.945344 xxx 216.00     92    0.0000    0.0000   23 111111 01 0 0 0.25 0 0000.0000
10  52.344484  016.945627 xxx 240.00     92    0.0000    0.0000   23 111111 01 0 0 0.25 0 0000.0000
10  52.344563  016.945990 xxx 261.00     92    0.0000    0.0000   23 111111 01 0 0 0.25 0 0000.0000
10  52.344568  016.946622 xxx 273.00    197    0.0000    0.0000   23 111111 01 0 0 0.25 0 0000.0000
10  52.342237  016.943756 xxx 222.00     33    0.0000    0.0000   23 111111 01 0 0 0.25 0 0000.0000
10  52.342185  016.943656 xxx 237.00     33    0.0000    0.0000   23 111111 01 0 0 0.25 0 0000.0000
10  52.342150  016.943537 xxx 252.00     33    0.0000    0.0000   23 111111 01 0 0 0.25 0 0000.0000
10  52.342133  016.943405 xxx 264.00     33    0.0000    0.0000   23 111111 01 0 0 0.25 0 0000.0000
10  52.342135  016.943273 xxx 279.00     33    0.0000    0.0000   23 111111 01 0 0 0.25 0 0000.0000
10  52.342158  016.943147 xxx 294.00     33    0.0000    0.0000   23 111111 01 0 0 0.25 0 0000.0000
10  52.342200  016.943034 xxx 309.00     33    0.0000    0.0000   23 111111 01 0 0 0.25 0 0000.0000
10  52.342258  016.942958 xxx 333.00     33    0.0000    0.0000   23 111111 01 0 0 0.25 0 0000.0000
10  52.342329  016.942930 xxx 360.00     33    0.0000    0.0000   23 111111 01 0 0 0.25 0 0000.0000
10  52.342404  016.942953 xxx  21.00     33    0.0000    0.0000   23 111111 01 0 0 0.25 0 0000.0000
10  52.342464  016.943020 xxx  48.00     33    0.0000    0.0000   23 111111 01 0 0 0.25 0 0000.0000
10  52.342491  016.943118 xxx  84.30     33    0.0000    0.0000   23 111111 01 0 0 0.25 0 0000.0000
10  52.342484  016.943244 xxx 105.30     33    0.0000    0.0000   23 111111 01 0 0 0.25 0 0000.0000
10  52.342430  016.943448 xxx 117.30     72    0.0000    0.0000   23 111111 01 0 0 0.25 0 0000.0000
10  52.342342  016.943697 xxx 123.30     59    0.0000    0.0000   23 111111 01 0 0 0.25 0 0000.0000
10  52.342319  016.943698 xxx 135.30     59    0.0000    0.0000   16 111111 01 0 0 0.25 0 0000.0000
10  52.342364  016.943774 xxx 264.30     59    0.0000    0.0000   16 111111 01 0 0 0.25 0 0000.0000
10  52.342366  016.943706 xxx 276.30     26    0.0000    0.0000   16 111111 01 0 0 0.25 0 0000.0000
10  52.342379  016.943839 xxx  57.30     26    0.0000    0.0000   16 111111 01 0 0 0.25 0 0000.0000
10  52.342273  016.943731 xxx 165.30     26    0.0000    0.0000   16 111111 01 0 0 0.25 0 0000.0000
10  52.344206  016.948535 xxx 111.00   1804    0.0000    0.0000   23 111111 01 0 0 0.25 0 0000.0000
10  52.344868  016.947162 xxx  26.00    213    0.0000    0.0000   23 111111 01 0 0 0.25 0 0000.0000
10  52.345222  016.946970 xxx 296.00    213    0.0000    0.0000   23 111111 01 0 0 0.25 0 0000.0000
10  52.345109  016.947279 xxx 321.00     33    0.0000    0.0000   23 111111 01 0 0 0.25 0 0000.0000
10  52.345076  016.947288 xxx 342.00     20    0.0000    0.0000   16 111111 01 0 0 0.25 0 0000.0000
10  52.344619  016.946912 xxx  72.00     20    0.0000    0.0000   16 111111 01 0 0 0.25 0 0000.0000
10  52.345038  016.946350 xxx  26.00    220    0.0000    0.0000   23 111111 01 0 0 0.25 0 0000.0000
10  52.345292  016.946625 xxx  78.00     33    0.0000    0.0000   23 111111 01 0 0 0.25 0 0000.0000
10  52.345265  016.946566 xxx  45.00     20    0.0000    0.0000   16 111111 01 0 0 0.25 0 0000.0000
10  52.345287  016.946680 xxx  87.00     20    0.0000    0.0000   16 111111 01 0 0 0.25 0 0000.0000
10  52.344791  016.946199 xxx 177.00     20    0.0000    0.0000   16 111111 01 0 0 0.25 0 0000.0000
10  52.345134  016.944678 xxx  29.00    377    0.0000    0.0000   52 111111 01 0 0 0.25 0 0000.0000
10  52.344929  016.947025 xxx 116.00     62    0.0000    0.0000   49 111111 01 0 0 0.25 0 0000.0000
10  52.345451  016.946206 xxx 296.00    213    0.0000    0.0000   23 111111 01 0 0 0.25 0 0000.0000
10  52.345336  016.946515 xxx 321.00     33    0.0000    0.0000   23 111111 01 0 0 0.25 0 0000.0000
10  52.345267  016.945587 xxx  26.00    233    0.0000    0.0000   23 111111 01 0 0 0.25 0 0000.0000
10  52.345520  016.945861 xxx  78.00     33    0.0000    0.0000   23 111111 01 0 0 0.25 0 0000.0000
10  52.345492  016.945802 xxx  45.00     20    0.0000    0.0000   16 111111 01 0 0 0.25 0 0000.0000
10  52.345515  016.945916 xxx  87.00     20    0.0000    0.0000   16 111111 01 0 0 0.25 0 0000.0000
10  52.345007  016.945438 xxx 177.00     40    0.0000    0.0000   16 111111 01 0 0 0.25 0 0000.0000
10  52.345305  016.946523 xxx 342.00     20    0.0000    0.0000   16 111111 01 0 0 0.25 0 0000.0000
10  52.343223  016.952426 xxx 320.00    102    0.0000    0.0000   23 111111 01 0 0 0.25 0 0000.0000
10  52.342898  016.952699 xxx 340.00    177    0.0000    0.0000   23 111111 01 0 0 0.25 0 0000.0000
10  52.341408  016.953031 xxx 354.50    932    0.0000    0.0000   23 111111 01 0 0 0.25 0 0000.0000
10  52.340045  016.953312 xxx 333.00     85    0.0000    0.0000   23 111111 01 0 0 0.25 0 0000.0000
10  52.339866  016.953524 xxx 315.00     85    0.0000    0.0000   23 111111 01 0 0 0.25 0 0000.0000
10  52.338743  016.956820 xxx 318.00     33    0.0000    0.0000   23 111111 01 0 0 0.25 0 0000.0000
10  52.339279  016.955216 xxx 117.93    794    0.0000    0.0000   23 111111 01 0 0 0.25 0 0000.0000
10  52.338681  016.956872 xxx 348.00     33    0.0000    0.0000   23 111111 01 0 0 0.25 0 0000.0000
10  52.338604  016.956876 xxx   9.00     33    0.0000    0.0000   23 111111 01 0 0 0.25 0 0000.0000
10  52.338549  016.956834 xxx  57.10     33    0.0000    0.0000   16 111111 01 0 0 0.25 0 0000.0000
10  52.338519  016.956713 xxx  78.10     33    0.0000    0.0000   16 111111 01 0 0 0.25 0 0000.0000
10  52.339156  016.954383 xxx 222.00     33    0.0000    0.0000   23 111111 01 0 0 0.25 0 0000.0000
10  52.339105  016.954285 xxx 237.00     33    0.0000    0.0000   23 111111 01 0 0 0.25 0 0000.0000
10  52.339070  016.954166 xxx 252.00     33    0.0000    0.0000   23 111111 01 0 0 0.25 0 0000.0000
10  52.339052  016.954033 xxx 264.00     33    0.0000    0.0000   23 111111 01 0 0 0.25 0 0000.0000
10  52.339055  016.953900 xxx 279.00     33    0.0000    0.0000   23 111111 01 0 0 0.25 0 0000.0000
10  52.339078  016.953773 xxx 294.00     33    0.0000    0.0000   23 111111 01 0 0 0.25 0 0000.0000
10  52.339122  016.953673 xxx 318.00     33    0.0000    0.0000   23 111111 01 0 0 0.25 0 0000.0000
10  52.339187  016.953612 xxx 342.00     33    0.0000    0.0000   23 111111 01 0 0 0.25 0 0000.0000
10  52.339260  016.953602 xxx   9.00     33    0.0000    0.0000   23 111111 01 0 0 0.25 0 0000.0000
10  52.339325  016.953645 xxx  42.00     33    0.0000    0.0000   20 111111 01 0 0 0.25 0 0000.0000
10  52.339367  016.953742 xxx  75.00     33    0.0000    0.0000   16 111111 01 0 0 0.25 0 0000.0000
10  52.339370  016.953871 xxx 100.00     33    0.0000    0.0000   16 111111 01 0 0 0.25 0 0000.0000
10  52.338935  016.955300 xxx 117.10    686    0.0000    0.0000   16 111111 01 0 0 0.25 0 0000.0000
10  52.339376  016.953959 xxx 118.00      7    0.0000    0.0000    3 111111 01 0 0 0.25 0 0000.0000
10  52.326317  016.963088 xxx 136.00    164    0.0000    0.0000   98 111111 01 0 0 0.25 0 0000.0000
10  52.326427  016.963272 xxx 298.64    249    0.0000    0.0000   59 111111 01 0 0 0.25 0 0000.0000
10  52.326694  016.963486 xxx 213.00    164    0.0000    0.0000   49 111111 01 0 0 0.25 0 0000.0000
10  52.326624  016.964080 xxx 121.00    203    0.0000    0.0000   33 111111 01 0 0 0.25 0 0000.0000
10  52.326508  016.963789 xxx 121.00    203    0.0000    0.0000   13 111111 01 0 0 0.25 0 0000.0000
10  52.326584  016.963534 xxx  94.10     26    0.0000    0.0000   13 111111 01 0 0 0.25 0 0000.0000
10  52.326725  016.963689 xxx  94.10     39    0.0000    0.0000   13 111111 01 0 0 0.25 0 0000.0000
10  52.326531  016.964471 xxx 277.10     52    0.0000    0.0000   20 111111 01 0 0 0.25 0 0000.0000
10  52.326550  016.964104 xxx 343.10     52    0.0000    0.0000   20 111111 01 0 0 0.25 0 0000.0000
10  52.326465  016.964088 xxx  31.10     52    0.0000    0.0000   20 111111 01 0 0 0.25 0 0000.0000
10  52.326483  016.964220 xxx  40.10     59    0.0000    0.0000   52 111111 01 0 0 0.25 0 0000.0000
10  52.327493  016.966131 xxx 338.00    164    0.0000    0.0000   79 111111 02 0 0 0.25 0 0000.0000
10  52.327678  016.965592 xxx 338.00    164    0.0000    0.0000   79 111111 02 0 0 0.25 0 0000.0000
10  52.328004  016.965597 xxx  26.00    164    0.0000    0.0000   79 111111 02 0 0 0.25 0 0000.0000
10  52.328230  016.965777 xxx  26.00    164    0.0000    0.0000   79 111111 02 0 0 0.25 0 0000.0000
10  52.327361  016.965962 xxx 314.00    164    0.0000    0.0000   85 111111 02 0 0 0.25 0 0000.0000
10  52.326986  016.966136 xxx  14.00    132    0.0000    0.0000   85 111111 02 0 0 0.25 0 0000.0000
10  52.327193  016.966157 xxx 356.00    132    0.0000    0.0000   85 111111 02 0 0 0.25 0 0000.0000
10  52.325168  016.976146 xxx 351.00    125    0.0000    0.0000   52 111111 02 0 0 0.25 0 0000.0000
10  52.325104  016.976089 xxx   3.00     72    0.0000    0.0000   33 111111 02 0 0 0.25 0 0000.0000
10  52.325245  016.975650 xxx  42.00     72    0.0000    0.0000   33 111111 02 0 0 0.25 0 0000.0000
10  52.325256  016.976020 xxx 114.00     72    0.0000    0.0000   33 111111 02 0 0 0.25 0 0000.0000
10  52.325771  016.969154 xxx 297.92    459    0.0000    0.0000   33 111111 01 0 0 0.25 0 0000.0000
10  52.326247  016.966535 xxx 279.92    787    0.0000    0.0000   33 111111 01 0 0 0.25 0 0000.0000
10  52.326441  016.964764 xxx 340.10     59    0.0000    0.0000   52 111111 01 0 0 0.25 0 0000.0000
10  52.326426  016.964624 xxx 298.10     59    0.0000    0.0000   39 111111 01 0 0 0.25 0 0000.0000
10  52.325613  016.968700 xxx 297.92    262    0.0000    0.0000  164 111111 01 0 0 0.25 0 0000.0000
10  52.325528  016.969975 xxx 282.72     59    0.0000    0.0000   26 111111 01 0 0 0.25 0 0000.0000
10  52.325491  016.970000 xxx 318.72     39    0.0000    0.0000   26 111111 01 0 0 0.25 0 0000.0000
10  52.325646  016.969433 xxx  91.22     39    0.0000    0.0000   26 111111 01 0 0 0.25 0 0000.0000
10  52.325620  016.969512 xxx 103.22     39    0.0000    0.0000   13 111111 01 0 0 0.25 0 0000.0000
10  52.325614  016.969345 xxx 238.22     39    0.0000    0.0000   13 111111 01 0 0 0.25 0 0000.0000
10  52.325985  016.968328 xxx 334.22     39    0.0000    0.0000   20 111111 01 0 0 0.25 0 0000.0000
10  52.325946  016.968332 xxx 352.22     39    0.0000    0.0000   13 111111 01 0 0 0.25 0 0000.0000
10  52.325117  016.969870 xxx 207.92    328    0.0000    0.0000   49 111111 02 0 0 0.25 0 0000.0000
10  52.323407  016.973319 xxx 117.92   1886    0.0000    0.0000   16 111111 01 0 0 0.25 0 0000.0000
10  52.324680  016.969521 xxx 150.42     66    0.0000    0.0000   10 111111 01 0 0 0.25 0 0000.0000
10  52.324643  016.969594 xxx 144.42     26    0.0000    0.0000   10 111111 01 0 0 0.25 0 0000.0000
10  52.324678  016.969603 xxx 180.42     33    0.0000    0.0000   10 111111 01 0 0 0.25 0 0000.0000
10  52.324716  016.969551 xxx 165.42     33    0.0000    0.0000   23 111111 01 0 0 0.25 0 0000.0000
10  52.323026  016.977555 xxx 117.92     66    0.0000    0.0000   66 111111 01 0 0 0.25 0 0000.0000
10  52.322598  016.977308 xxx 207.92    328    0.0000    0.0000   16 111111 01 0 0 0.25 0 0000.0000
10  52.322252  016.976968 xxx 156.92     20    0.0000    0.0000   26 111111 01 0 0 0.25 0 0000.0000
10  52.322266  016.976913 xxx 270.92     20    0.0000    0.0000    7 111111 01 0 0 0.25 0 0000.0000
10  52.322285  016.977005 xxx 234.92     20    0.0000    0.0000    7 111111 01 0 0 0.25 0 0000.0000
10  52.324871  016.970320 xxx 207.92    308    0.0000    0.0000   82 111111 02 0 0 0.25 0 0000.0000
10  52.324456  016.970188 xxx 165.42     33    0.0000    0.0000   16 111111 02 0 0 0.25 0 0000.0000
10  52.325272  016.970466 xxx 165.42     33    0.0000    0.0000   16 111111 02 0 0 0.25 0 0000.0000
10  52.325174  016.970784 xxx 246.42     33    0.0000    0.0000   16 111111 02 0 0 0.25 0 0000.0000
10  52.324572  016.969839 xxx 246.42     33    0.0000    0.0000   16 111111 02 0 0 0.25 0 0000.0000
10  52.324572  016.969788 xxx 261.42     20    0.0000    0.0000   10 111111 02 0 0 0.25 0 0000.0000
10  52.324605  016.969903 xxx  39.42     20    0.0000    0.0000   10 111111 02 0 0 0.25 0 0000.0000
10  52.324492  016.970193 xxx   0.42     20    0.0000    0.0000   10 111111 02 0 0 0.25 0 0000.0000
10  52.324420  016.970230 xxx 318.42     20    0.0000    0.0000   10 111111 02 0 0 0.25 0 0000.0000
10  52.325302  016.970425 xxx 324.42     20    0.0000    0.0000   10 111111 02 0 0 0.25 0 0000.0000
10  52.325239  016.970452 xxx  12.42     20    0.0000    0.0000   10 111111 02 0 0 0.25 0 0000.0000
10  52.325169  016.970842 xxx  96.42     20    0.0000    0.0000   10 111111 02 0 0 0.25 0 0000.0000
10  52.325150  016.970748 xxx  51.42     20    0.0000    0.0000   10 111111 02 0 0 0.25 0 0000.0000
10  52.324403  016.971660 xxx 207.92    295    0.0000    0.0000   20 111111 01 0 0 0.25 0 0000.0000
10  52.324823  016.971943 xxx 165.92     39    0.0000    0.0000   20 111111 01 0 0 0.25 0 0000.0000
10  52.324852  016.971911 xxx 138.92     39    0.0000    0.0000   20 111111 01 0 0 0.25 0 0000.0000
10  52.324763  016.971950 xxx 183.92     39    0.0000    0.0000   13 111111 01 0 0 0.25 0 0000.0000
10  52.324774  016.972041 xxx 237.92     39    0.0000    0.0000   13 111111 01 0 0 0.25 0 0000.0000
10  52.324782  016.972080 xxx 273.92     39    0.0000    0.0000   13 111111 01 0 0 0.25 0 0000.0000
10  52.324780  016.972060 xxx 258.92     39    0.0000    0.0000   13 111111 01 0 0 0.25 0 0000.0000
10  52.324758  016.971994 xxx 222.92     39    0.0000    0.0000   13 111111 01 0 0 0.25 0 0000.0000
10  52.324092  016.971333 xxx 252.92     39    0.0000    0.0000   13 111111 01 0 0 0.25 0 0000.0000
10  52.324076  016.971418 xxx 351.92     39    0.0000    0.0000   13 111111 01 0 0 0.25 0 0000.0000
10  52.324031  016.971447 xxx 324.92     26    0.0000    0.0000   13 111111 01 0 0 0.25 0 0000.0000
10  52.324114  016.971426 xxx  15.92     26    0.0000    0.0000   13 111111 01 0 0 0.25 0 0000.0000
10  52.324111  016.971379 xxx  45.92     26    0.0000    0.0000   13 111111 01 0 0 0.25 0 0000.0000
10  52.324090  016.971290 xxx  84.92     26    0.0000    0.0000   13 111111 01 0 0 0.25 0 0000.0000
10  52.324668  016.971362 xxx 117.92    197    0.0000    0.0000   16 111111 01 0 0 0.25 0 0000.0000
10  52.324776  016.970829 xxx 240.92     36    0.0000    0.0000   16 111111 01 0 0 0.25 0 0000.0000
10  52.324793  016.972043 xxx 273.92     39    0.0000    0.0000   13 111111 01 0 0 0.25 0 0000.0000
10  52.324563  016.970602 xxx 207.92    164    0.0000    0.0000   16 111111 01 0 0 0.25 0 0000.0000
10  52.324388  016.970380 xxx  84.92     26    0.0000    0.0000   13 111111 01 0 0 0.25 0 0000.0000
10  52.324407  016.970433 xxx  63.92     26    0.0000    0.0000    7 111111 01 0 0 0.25 0 0000.0000
10  52.324399  016.970308 xxx 102.92     26    0.0000    0.0000    7 111111 01 0 0 0.25 0 0000.0000
10  52.324359  016.970474 xxx 342.92     26    0.0000    0.0000   13 111111 01 0 0 0.25 0 0000.0000
10  52.324391  016.970493 xxx 183.92     26    0.0000    0.0000    7 111111 01 0 0 0.25 0 0000.0000
10  52.324330  016.970524 xxx 318.92     26    0.0000    0.0000    7 111111 01 0 0 0.25 0 0000.0000
10  52.324791  016.970941 xxx 279.92     30    0.0000    0.0000   16 111111 01 0 0 0.25 0 0000.0000
10  52.324802  016.970938 xxx 273.92     23    0.0000    0.0000   10 111111 01 0 0 0.25 0 0000.0000
10  52.324774  016.970879 xxx 249.92     23    0.0000    0.0000    7 111111 01 0 0 0.25 0 0000.0000
10  52.324768  016.971004 xxx 285.92     23    0.0000    0.0000    7 111111 01 0 0 0.25 0 0000.0000
10  52.324742  016.970785 xxx 228.92     23    0.0000    0.0000    7 111111 01 0 0 0.25 0 0000.0000
10  52.324778  016.970907 xxx 264.92     23    0.0000    0.0000    7 111111 01 0 0 0.25 0 0000.0000
10  52.324360  016.971047 xxx 117.92    236    0.0000    0.0000   16 111111 01 0 0 0.25 0 0000.0000
10  52.324204  016.971430 xxx 342.92     26    0.0000    0.0000   13 111111 01 0 0 0.25 0 0000.0000
10  52.324526  016.971705 xxx 342.92     26    0.0000    0.0000   13 111111 01 0 0 0.25 0 0000.0000
10  52.324571  016.971736 xxx 270.92     26    0.0000    0.0000   13 111111 01 0 0 0.25 0 0000.0000
10  52.324256  016.971456 xxx 264.92     26    0.0000    0.0000   13 111111 01 0 0 0.25 0 0000.0000
10  52.324268  016.971416 xxx 279.92     26    0.0000    0.0000    7 111111 01 0 0 0.25 0 0000.0000
10  52.324278  016.971510 xxx 234.92     26    0.0000    0.0000    7 111111 01 0 0 0.25 0 0000.0000
10  52.324226  016.971392 xxx 318.92     26    0.0000    0.0000    7 111111 01 0 0 0.25 0 0000.0000
10  52.324176  016.971423 xxx  15.92     20    0.0000    0.0000    7 111111 01 0 0 0.25 0 0000.0000
10  52.322989  016.975287 xxx 117.92    131    0.0000    0.0000   16 111111 01 0 0 0.25 0 0000.0000
10  52.323822  016.973496 xxx 207.92    295    0.0000    0.0000   20 111111 01 0 0 0.25 0 0000.0000
10  52.323268  016.975165 xxx 207.92    295    0.0000    0.0000   20 111111 01 0 0 0.25 0 0000.0000
10  52.323084  016.975669 xxx 207.92    295    0.0000    0.0000   13 111111 01 0 0 0.25 0 0000.0000
10  52.323352  016.974177 xxx 117.92    423    0.0000    0.0000   16 111111 01 0 0 0.25 0 0000.0000
10  52.324382  016.972452 xxx 207.92    164    0.0000    0.0000   66 111111 01 0 0 0.25 0 0000.0000
10  52.323864  016.972439 xxx 207.92     98    0.0000    0.0000   16 111111 01 0 0 0.25 0 0000.0000
10  52.324151  016.972807 xxx 207.92    164    0.0000    0.0000  131 111111 01 0 0 0.25 0 0000.0000
10  52.323752  016.972399 xxx 351.92     39    0.0000    0.0000   13 111111 01 0 0 0.25 0 0000.0000
10  52.321962  016.978046 xxx 117.33    492    0.0000    0.0000   16 111111 01 0 0 0.25 0 0000.0000
10  52.321243  016.980765 xxx 111.00    837    0.0000    0.0000   16 111111 01 0 0 0.25 0 0000.0000
10  52.322758  016.979742 xxx  22.00    873    0.0000    0.0000   16 111111 01 0 0 0.25 0 0000.0000
10  52.321930  016.978352 xxx 117.33     98    0.0000    0.0000   26 111111 01 0 0 0.25 0 0000.0000
10  52.321851  016.978542 xxx 171.33     33    0.0000    0.0000   20 111111 01 0 0 0.25 0 0000.0000
10  52.321979  016.978137 xxx 243.33     33    0.0000    0.0000   20 111111 01 0 0 0.25 0 0000.0000
10  52.322022  016.978347 xxx 117.33     66    0.0000    0.0000   33 111111 02 0 0 0.25 0 0000.0000
10  52.322365  016.978533 xxx 207.33    230    0.0000    0.0000   39 111111 02 0 0 0.25 0 0000.0000
10  52.322767  016.978854 xxx 207.33     98    0.0000    0.0000   33 111111 02 0 0 0.25 0 0000.0000
10  52.322981  016.978498 xxx 297.33    180    0.0000    0.0000   33 111111 02 0 0 0.25 0 0000.0000
10  52.323123  016.978087 xxx 282.33     36    0.0000    0.0000   16 111111 02 0 0 0.25 0 0000.0000
10  52.323128  016.977943 xxx 258.33     36    0.0000    0.0000   13 111111 02 0 0 0.25 0 0000.0000
10  52.323116  016.977983 xxx 267.43     23    0.0000    0.0000    3 111111 02 0 0 0.25 0 0000.0000
10  52.323098  016.977799 xxx 243.33     36    0.0000    0.0000   13 111111 02 0 0 0.25 0 0000.0000
10  52.323069  016.977721 xxx 222.33     10    0.0000    0.0000   13 111111 02 0 0 0.25 0 0000.0000
10  52.322938  016.977931 xxx 297.33    115    0.0000    0.0000   16 111111 02 0 0 0.25 0 0000.0000
10  52.322895  016.978308 xxx 297.33     49    0.0000    0.0000   66 111111 02 0 0 0.25 0 0000.0000
10  52.321852  016.978750 xxx  22.00     66    0.0000    0.0000   16 111111 01 0 0 0.25 0 0000.0000
10  52.321918  016.978990 xxx  91.10     98    0.0000    0.0000   16 111111 01 0 0 0.25 0 0000.0000
10  52.321896  016.978819 xxx  64.10     33    0.0000    0.0000   10 111111 01 0 0 0.25 0 0000.0000
10  52.321906  016.978891 xxx  85.10     33    0.0000    0.0000   10 111111 01 0 0 0.25 0 0000.0000
10  52.321886  016.978802 xxx  43.10     33    0.0000    0.0000   10 111111 01 0 0 0.25 0 0000.0000
10  52.321870  016.979095 xxx 337.10     33    0.0000    0.0000   10 111111 01 0 0 0.25 0 0000.0000
10  52.321882  016.979118 xxx 337.10     33    0.0000    0.0000   10 111111 01 0 0 0.25 0 0000.0000
10  52.321892  016.979064 xxx 298.10     33    0.0000    0.0000   10 111111 01 0 0 0.25 0 0000.0000
10  52.321835  016.979104 xxx 187.10     33    0.0000    0.0000   10 111111 01 0 0 0.25 0 0000.0000
10  52.324282  016.977734 xxx 117.92   1158    0.0000    0.0000   20 111111 01 0 0 0.25 0 0000.0000
10  52.323537  016.980127 xxx  93.92     56    0.0000    0.0000   20 111111 01 0 0 0.25 0 0000.0000
10  52.323552  016.980056 xxx  99.92     36    0.0000    0.0000   13 111111 01 0 0 0.25 0 0000.0000
10  52.323792  016.980495 xxx  69.92     36    0.0000    0.0000   13 111111 01 0 0 0.25 0 0000.0000
10  52.323761  016.980437 xxx  48.92     36    0.0000    0.0000    7 111111 01 0 0 0.25 0 0000.0000
10  52.323785  016.980546 xxx  90.92     36    0.0000    0.0000    7 111111 01 0 0 0.25 0 0000.0000
10  52.325501  016.975958 xxx 160.02     92    0.0000    0.0000   49 111111 01 0 0 0.25 0 0000.0000
10  52.325296  016.975814 xxx  81.00     72    0.0000    0.0000   33 111111 02 0 0 0.25 0 0000.0000
10  52.325595  016.975637 xxx 256.02     92    0.0000    0.0000   49 111111 01 0 0 0.25 0 0000.0000
10  52.334798  016.972720 xxx 297.00   3018    0.0000    0.0000   20 111111 01 0 0 0.25 0 0000.0000
10  52.337354  016.964986 xxx 302.80    919    0.0000    0.0000   20 111111 01 0 0 0.25 0 0000.0000
10  52.339405  016.959053 xxx 298.00   2133    0.0000    0.0000   20 111111 01 0 0 0.25 0 0000.0000
10  52.342311  016.954147 xxx 347.00   1017    0.0000    0.0000   20 111111 01 0 0 0.25 0 0000.0000
10  52.340864  016.954755 xxx 327.00     85    0.0000    0.0000   20 111111 01 0 0 0.25 0 0000.0000
10  52.343764  016.953499 xxx 320.00    102    0.0000    0.0000   20 111111 01 0 0 0.25 0 0000.0000
10  52.344929  016.949406 xxx 293.72   1936    0.0000    0.0000   20 111111 01 0 0 0.25 0 0000.0000
10  52.345974  016.945311 xxx  78.00     72    0.0000    0.0000   20 111111 01 0 0 0.25 0 0000.0000
10  52.344176  016.943494 xxx 210.00   1509    0.0000    0.0000   20 111111 01 0 0 0.25 0 0000.0000
10  52.341688  016.941312 xxx 203.50    558    0.0000    0.0000   20 111111 01 0 0 0.25 0 0000.0000
10  52.340796  016.940818 xxx 180.00    148    0.0000    0.0000   20 111111 01 0 0 0.25 0 0000.0000
10  52.339723  016.940007 xxx 209.50    741    0.0000    0.0000   20 111111 01 0 0 0.25 0 0000.0000
10  52.340974  016.940843 xxx 186.00     62    0.0000    0.0000   13 111111 01 0 0 0.25 0 0000.0000
10  52.340613  016.940784 xxx 189.00     62    0.0000    0.0000   13 111111 01 0 0 0.25 0 0000.0000
10  52.336689  016.943507 xxx 298.00   2100    0.0000    0.0000   20 111111 01 0 0 0.25 0 0000.0000
10  52.338720  016.939151 xxx 192.00     95    0.0000    0.0000   20 111111 01 0 0 0.25 0 0000.0000
10  52.338493  016.939099 xxx 183.00     75    0.0000    0.0000   20 111111 01 0 0 0.25 0 0000.0000
10  52.338316  016.939125 xxx 165.00     62    0.0000    0.0000   20 111111 01 0 0 0.25 0 0000.0000
10  52.338166  016.939226 xxx 150.00     62    0.0000    0.0000   20 111111 01 0 0 0.25 0 0000.0000
10  52.338064  016.939334 xxx 141.10     30    0.0000    0.0000   20 111111 01 0 0 0.25 0 0000.0000
10  52.335267  016.947729 xxx 325.00     72    0.0000    0.0000   20 111111 01 0 0 0.25 0 0000.0000
10  52.335075  016.947897 xxx 337.00     92    0.0000    0.0000   20 111111 01 0 0 0.25 0 0000.0000
10  52.334862  016.947971 xxx   1.00     79    0.0000    0.0000   20 111111 01 0 0 0.25 0 0000.0000
10  52.334603  016.947976 xxx 358.00    112    0.0000    0.0000   20 111111 01 0 0 0.25 0 0000.0000
10  52.334406  016.948009 xxx 343.00     39    0.0000    0.0000   20 111111 01 0 0 0.25 0 0000.0000
10  52.334421  016.948059 xxx 310.00     39    0.0000    0.0000   20 111111 01 0 0 0.25 0 0000.0000
10  52.334439  016.948101 xxx 271.00     33    0.0000    0.0000   13 111111 01 0 0 0.25 0 0000.0000
10  52.334469  016.948006 xxx 337.00     13    0.0000    0.0000   13 111111 01 0 0 0.25 0 0000.0000
10  52.334341  016.948033 xxx 325.00     13    0.0000    0.0000   13 111111 01 0 0 0.25 0 0000.0000
10  52.323453  016.980454 xxx 119.50     98    0.0000    0.0000   20 111111 01 0 0 0.25 0 0000.0000
10  52.322992  016.981594 xxx 126.00    525    0.0000    0.0000   16 111111 01 0 0 0.25 0 0000.0000
10  52.323179  016.981069 xxx 126.00    246    0.0000    0.0000   43 111111 01 0 0 0.25 0 0000.0000
10  52.323413  016.980616 xxx  87.92     23    0.0000    0.0000   13 111111 01 0 0 0.25 0 0000.0000
10  52.323373  016.980584 xxx 168.92     29    0.0000    0.0000   13 111111 01 0 0 0.25 0 0000.0000
10  52.322969  016.981501 xxx 240.92     29    0.0000    0.0000   13 111111 01 0 0 0.25 0 0000.0000
10  52.322978  016.981547 xxx 267.92     29    0.0000    0.0000   13 111111 01 0 0 0.25 0 0000.0000
10  52.321749  016.982796 xxx 181.00    361    0.0000    0.0000   16 111111 01 0 0 0.25 0 0000.0000
10  52.322519  016.982614 xxx 139.00     52    0.0000    0.0000   16 111111 01 0 0 0.25 0 0000.0000
10  52.322404  016.982738 xxx 154.00     52    0.0000    0.0000   16 111111 01 0 0 0.25 0 0000.0000
10  52.322293  016.982798 xxx 172.00     39    0.0000    0.0000   16 111111 01 0 0 0.25 0 0000.0000
10  52.321034  016.982649 xxx 200.00    177    0.0000    0.0000   16 111111 01 0 0 0.25 0 0000.0000
10  52.330202  016.987304 xxx 133.00     39    0.0000    0.0000   20 111111 01 0 0 0.25 0 0000.0000
10  52.321638  016.983401 xxx  55.50    328    0.0000    0.0000   16 111111 01 0 0 0.25 0 0000.0000
10  52.322125  016.984406 xxx  46.50    249    0.0000    0.0000   16 111111 01 0 0 0.25 0 0000.0000
10  52.322618  016.985169 xxx  40.50    249    0.0000    0.0000   16 111111 01 0 0 0.25 0 0000.0000
10  52.323158  016.985844 xxx  34.50    249    0.0000    0.0000   16 111111 01 0 0 0.25 0 0000.0000
10  52.323856  016.986529 xxx  28.50    348    0.0000    0.0000   16 111111 01 0 0 0.25 0 0000.0000
10  52.324712  016.987196 xxx  22.50    348    0.0000    0.0000   16 111111 01 0 0 0.25 0 0000.0000
10  52.326285  016.988203 xxx  21.00    886    0.0000    0.0000   16 111111 01 0 0 0.25 0 0000.0000
10  52.328546  016.989199 xxx 161.00     43    0.0000    0.0000   16 111111 01 0 0 0.25 0 0000.0000
10  52.328560  016.989178 xxx 142.90     23    0.0000    0.0000   10 111111 01 0 0 0.25 0 0000.0000
10  52.328259  016.989187 xxx   6.10    177    0.0000    0.0000   16 111111 01 0 0 0.25 0 0000.0000
10  52.327782  016.989068 xxx  11.30    177    0.0000    0.0000   16 111111 01 0 0 0.25 0 0000.0000
10  52.327471  016.988946 xxx  20.90     59    0.0000    0.0000   16 111111 01 0 0 0.25 0 0000.0000
10  52.323567  016.980197 xxx  63.92     56    0.0000    0.0000   13 111111 01 0 0 0.25 0 0000.0000
10  52.323543  016.980350 xxx 153.92     56    0.0000    0.0000   13 111111 01 0 0 0.25 0 0000.0000
10  52.323544  016.980318 xxx 153.92     30    0.0000    0.0000   13 111111 01 0 0 0.25 0 0000.0000
10  52.323592  016.980329 xxx 171.92     30    0.0000    0.0000   13 111111 01 0 0 0.25 0 0000.0000
10  52.323484  016.980416 xxx 138.12     30    0.0000    0.0000   13 111111 01 0 0 0.25 0 0000.0000
10  52.323552  016.980114 xxx 267.12     30    0.0000    0.0000   13 111111 01 0 0 0.25 0 0000.0000
10  52.323593  016.980279 xxx  36.12     30    0.0000    0.0000   13 111111 01 0 0 0.25 0 0000.0000
10  52.323509  016.980184 xxx 150.12     30    0.0000    0.0000   13 111111 01 0 0 0.25 0 0000.0000
10  52.323485  016.980256 xxx 231.12     30    0.0000    0.0000   13 111111 01 0 0 0.25 0 0000.0000
10  52.328629  016.988964 xxx 206.00     56    0.0000    0.0000   16 111111 01 0 0 0.25 0 0000.0000
10  52.328508  016.988889 xxx 194.00     43    0.0000    0.0000   16 111111 01 0 0 0.25 0 0000.0000
10  52.328438  016.988885 xxx 155.00     23    0.0000    0.0000   16 111111 01 0 0 0.25 0 0000.0000
10  52.328400  016.988937 xxx 125.00     23    0.0000    0.0000   16 111111 01 0 0 0.25 0 0000.0000
10  52.328382  016.989014 xxx  98.00     23    0.0000    0.0000   16 111111 01 0 0 0.25 0 0000.0000
10  52.328384  016.989101 xxx  77.00     23    0.0000    0.0000   16 111111 01 0 0 0.25 0 0000.0000
10  52.328405  016.989185 xxx  59.00     23    0.0000    0.0000   16 111111 01 0 0 0.25 0 0000.0000
10  52.328383  016.989158 xxx 107.00     23    0.0000    0.0000   10 111111 01 0 0 0.25 0 0000.0000
10  52.328695  016.977122 xxx 217.38    102    0.0000    0.0000   69 111111 01 0 0 0.25 0 0000.0000
10  52.328467  016.977517 xxx 319.38    102    0.0000    0.0000   49 111111 01 0 0 0.25 0 0000.0000
10  52.327825  016.979699 xxx 343.38     75    0.0000    0.0000   30 111111 01 0 0 0.25 0 0000.0000
10  52.327887  016.979510 xxx  73.38     69    0.0000    0.0000   30 111111 01 0 0 0.25 0 0000.0000
10  52.327883  016.979418 xxx  88.38     69    0.0000    0.0000   30 111111 01 0 0 0.25 0 0000.0000
10  52.327759  016.979781 xxx 133.38     69    0.0000    0.0000   30 111111 01 0 0 0.25 0 0000.0000
10  52.327910  016.979700 xxx 184.38     56    0.0000    0.0000   17 111111 01 0 0 0.25 0 0000.0000
10  52.327934  016.979627 xxx 220.38     56    0.0000    0.0000   17 111111 01 0 0 0.25 0 0000.0000
10  52.324802  016.975626 xxx 255.92    249    0.0000    0.0000   27 111111 01 0 0 0.25 0 0000.0000
10  52.324862  016.975807 xxx 216.92     39    0.0000    0.0000   20 111111 01 0 0 0.25 0 0000.0000
10  52.324893  016.975805 xxx 165.92     19    0.0000    0.0000   20 111111 01 0 0 0.25 0 0000.0000
10  52.324805  016.975303 xxx 165.92     33    0.0000    0.0000   20 111111 01 0 0 0.25 0 0000.0000
10  52.325039  016.975516 xxx 165.92     33    0.0000    0.0000   20 111111 01 0 0 0.25 0 0000.0000
10  52.324998  016.975493 xxx 261.92     33    0.0000    0.0000   20 111111 01 0 0 0.25 0 0000.0000
10  52.324294  016.979554 xxx 180.92     26    0.0000    0.0000    7 111111 01 0 0 0.25 0 0000.0000
10  52.324315  016.979511 xxx 240.92     26    0.0000    0.0000    7 111111 01 0 0 0.25 0 0000.0000
10  52.324300  016.979561 xxx 153.92      7    0.0000    0.0000    7 111111 01 0 0 0.25 0 0000.0000
10  52.324319  016.979505 xxx 270.92      7    0.0000    0.0000    7 111111 01 0 0 0.25 0 0000.0000
10  52.324558  016.980700 xxx 159.92     26    0.0000    0.0000    7 111111 01 0 0 0.25 0 0000.0000
10  52.324595  016.980736 xxx 255.92     26    0.0000    0.0000    7 111111 01 0 0 0.25 0 0000.0000
10  52.324558  016.980695 xxx 180.92      7    0.0000    0.0000    7 111111 01 0 0 0.25 0 0000.0000
10  52.324599  016.980732 xxx 231.92      7    0.0000    0.0000    7 111111 01 0 0 0.25 0 0000.0000
10  52.324803  016.979932 xxx 180.92     26    0.0000    0.0000    7 111111 01 0 0 0.25 0 0000.0000
10  52.324840  016.979999 xxx 165.92     26    0.0000    0.0000    7 111111 01 0 0 0.25 0 0000.0000
10  52.324843  016.980002 xxx 183.92      7    0.0000    0.0000    7 111111 01 0 0 0.25 0 0000.0000
10  52.324807  016.979920 xxx 138.92      7    0.0000    0.0000    7 111111 01 0 0 0.25 0 0000.0000
10  52.327757  016.968972 xxx 244.02     92    0.0000    0.0000   49 111111 01 0 0 0.25 0 0000.0000
10  52.327729  016.969325 xxx 352.02    131    0.0000    0.0000   49 111111 01 0 0 0.25 0 0000.0000
10  52.327714  016.969236 xxx 352.02     92    0.0000    0.0000   49 111111 01 0 0 0.25 0 0000.0000
10  52.327770  016.968864 xxx  88.02     92    0.0000    0.0000   29 111111 01 0 0 0.25 0 0000.0000
10  52.326323  016.959391 xxx 324.00     72    0.0000    0.0000   33 111111 02 0 0 0.25 0 0000.0000
10  52.326321  016.959167 xxx  48.00     72    0.0000    0.0000   33 111111 02 0 0 0.25 0 0000.0000
10  52.326412  016.957192 xxx 153.00     72    0.0000    0.0000   33 111111 02 0 0 0.25 0 0000.0000
10  52.326525  016.952435 xxx 228.00     72    0.0000    0.0000   33 111111 02 0 0 0.25 0 0000.0000
10  52.327270  016.952490 xxx 309.00     72    0.0000    0.0000   33 111111 02 0 0 0.25 0 0000.0000
10  52.330965  016.950123 xxx 105.93    269    0.0000    0.0000   78 111111 01 0 0 0.25 0 0000.0000
10  52.330799  016.949887 xxx 159.93    164    0.0000    0.0000   78 111111 01 0 0 0.25 0 0000.0000
10  52.330797  016.950159 xxx 159.93     99    0.0000    0.0000   78 111111 01 0 0 0.25 0 0000.0000
10  52.329364  016.981009 xxx 264.92     59    0.0000    0.0000   26 111111 01 0 0 0.25 0 0000.0000
10  52.329316  016.980902 xxx 228.92     59    0.0000    0.0000   19 111111 01 0 0 0.25 0 0000.0000
10  52.329351  016.981148 xxx 285.92     59    0.0000    0.0000   19 111111 01 0 0 0.25 0 0000.0000
10  52.329576  016.980915 xxx 318.92     59    0.0000    0.0000   19 111111 01 0 0 0.25 0 0000.0000
10  52.329551  016.981208 xxx  69.92     59    0.0000    0.0000   19 111111 01 0 0 0.25 0 0000.0000
10  52.329487  016.981193 xxx  27.92     59    0.0000    0.0000   19 111111 01 0 0 0.25 0 0000.0000
10  52.329360  016.981234 xxx 315.92     59    0.0000    0.0000   19 111111 01 0 0 0.25 0 0000.0000
10  52.330359  016.980835 xxx 277.00     46    0.0000    0.0000   26 111111 01 0 0 0.25 0 0000.0000
10  52.330339  016.980652 xxx 259.00     46    0.0000    0.0000   26 111111 01 0 0 0.25 0 0000.0000
10  52.330393  016.980691 xxx  10.00     46    0.0000    0.0000   19 111111 01 0 0 0.25 0 0000.0000
10  52.330401  016.980778 xxx 331.00     40    0.0000    0.0000   19 111111 01 0 0 0.25 0 0000.0000
10  52.330235  016.980797 xxx  10.00     46    0.0000    0.0000   19 111111 01 0 0 0.25 0 0000.0000
10  52.330220  016.980723 xxx 340.00     46    0.0000    0.0000   19 111111 01 0 0 0.25 0 0000.0000
10  52.331058  016.980405 xxx 129.60    138    0.0000    0.0000   26 111111 01 0 0 0.25 0 0000.0000
10  52.331091  016.980809 xxx 214.00    151    0.0000    0.0000   26 111111 01 0 0 0.25 0 0000.0000
10  52.331078  016.980710 xxx 277.00     46    0.0000    0.0000   26 111111 01 0 0 0.25 0 0000.0000
10  52.331043  016.980551 xxx 259.00     46    0.0000    0.0000   26 111111 01 0 0 0.25 0 0000.0000
10  52.331090  016.980579 xxx  19.00     46    0.0000    0.0000   19 111111 01 0 0 0.25 0 0000.0000
10  52.331132  016.980664 xxx 331.00     40    0.0000    0.0000   19 111111 01 0 0 0.25 0 0000.0000
10  52.330939  016.980696 xxx  10.00     46    0.0000    0.0000   19 111111 01 0 0 0.25 0 0000.0000
10  52.330923  016.980621 xxx 340.00     46    0.0000    0.0000   19 111111 01 0 0 0.25 0 0000.0000
10  52.331131  016.980581 xxx  13.00     46    0.0000    0.0000   13 111111 01 0 0 0.25 0 0000.0000
10  52.329973  016.982342 xxx 298.00     46    0.0000    0.0000   26 111111 01 0 0 0.25 0 0000.0000
10  52.329899  016.982415 xxx 346.00     46    0.0000    0.0000   26 111111 01 0 0 0.25 0 0000.0000
10  52.329855  016.982260 xxx  94.00     46    0.0000    0.0000   19 111111 01 0 0 0.25 0 0000.0000
10  52.329890  016.982170 xxx  46.00     46    0.0000    0.0000   19 111111 01 0 0 0.25 0 0000.0000
10  52.329942  016.982490 xxx  46.00     46    0.0000    0.0000   19 111111 01 0 0 0.25 0 0000.0000
10  52.329977  016.982447 xxx  79.00     46    0.0000    0.0000   19 111111 01 0 0 0.25 0 0000.0000
10  52.330413  016.983351 xxx 199.00    138    0.0000    0.0000   26 111111 01 0 0 0.25 0 0000.0000
10  52.330176  016.983557 xxx 289.00    138    0.0000    0.0000   26 111111 01 0 0 0.25 0 0000.0000
10  52.330325  016.983382 xxx 298.00     46    0.0000    0.0000   26 111111 01 0 0 0.25 0 0000.0000
10  52.330250  016.983457 xxx 346.00     46    0.0000    0.0000   26 111111 01 0 0 0.25 0 0000.0000
10  52.330208  016.983299 xxx  94.00     46    0.0000    0.0000   19 111111 01 0 0 0.25 0 0000.0000
10  52.330243  016.983208 xxx  46.00     46    0.0000    0.0000   19 111111 01 0 0 0.25 0 0000.0000
10  52.330310  016.983539 xxx  40.00     46    0.0000    0.0000   19 111111 01 0 0 0.25 0 0000.0000
10  52.330330  016.983487 xxx  79.00     46    0.0000    0.0000   19 111111 01 0 0 0.25 0 0000.0000
10  52.329435  016.986260 xxx 319.00     46    0.0000    0.0000   26 111111 01 0 0 0.25 0 0000.0000
10  52.329445  016.986108 xxx  91.00     46    0.0000    0.0000   26 111111 01 0 0 0.25 0 0000.0000
10  52.329315  016.986205 xxx 214.00     46    0.0000    0.0000   19 111111 01 0 0 0.25 0 0000.0000
10  52.329324  016.986102 xxx 163.00     46    0.0000    0.0000   19 111111 01 0 0 0.25 0 0000.0000
10  52.329484  016.986172 xxx 202.10     46    0.0000    0.0000   19 111111 01 0 0 0.25 0 0000.0000
10  52.329494  016.986237 xxx 175.10     46    0.0000    0.0000   19 111111 01 0 0 0.25 0 0000.0000
10  52.329920  016.986350 xxx  11.33     46    0.0000    0.0000   39 111111 02 0 0 0.25 0 0000.0000
10  52.328581  016.985855 xxx 168.90     46    0.0000    0.0000   19 111111 01 0 0 0.25 0 0000.0000
10  52.328695  016.985865 xxx 261.90     46    0.0000    0.0000   19 111111 01 0 0 0.25 0 0000.0000
10  52.328725  016.985927 xxx 219.90     46    0.0000    0.0000   19 111111 01 0 0 0.25 0 0000.0000
10  52.328703  016.985808 xxx 298.00     46    0.0000    0.0000   19 111111 01 0 0 0.25 0 0000.0000
10  52.327908  016.985457 xxx 343.00     59    0.0000    0.0000   33 111111 01 0 0 0.25 0 0000.0000
10  52.327843  016.985378 xxx  31.00     59    0.0000    0.0000   19 111111 01 0 0 0.25 0 0000.0000
10  52.328008  016.985501 xxx  88.00     59    0.0000    0.0000   19 111111 01 0 0 0.25 0 0000.0000
10  52.328058  016.985663 xxx  52.00     59    0.0000    0.0000   19 111111 01 0 0 0.25 0 0000.0000
10  52.327977  016.985605 xxx  88.00     46    0.0000    0.0000   39 111111 01 0 0 0.25 0 0000.0000
10  52.328021  016.985800 xxx 316.00     46    0.0000    0.0000   19 111111 01 0 0 0.25 0 0000.0000
10  52.328052  016.985782 xxx 355.00     46    0.0000    0.0000   19 111111 01 0 0 0.25 0 0000.0000
10  52.328007  016.985875 xxx  76.00     46    0.0000    0.0000   19 111111 01 0 0 0.25 0 0000.0000
10  52.328165  016.986469 xxx 265.00     59    0.0000    0.0000   19 111111 01 0 0 0.25 0 0000.0000
10  52.328149  016.986364 xxx 253.00     59    0.0000    0.0000   19 111111 01 0 0 0.25 0 0000.0000
10  52.328210  016.986661 xxx 319.00     46    0.0000    0.0000   19 111111 01 0 0 0.25 0 0000.0000
10  52.328247  016.986674 xxx   7.00     46    0.0000    0.0000   19 111111 01 0 0 0.25 0 0000.0000
10  52.328267  016.986721 xxx  28.00     26    0.0000    0.0000    6 111111 01 0 0 0.25 0 0000.0000
10  52.328188  016.986736 xxx 310.00     26    0.0000    0.0000    6 111111 01 0 0 0.25 0 0000.0000
10  52.328202  016.986713 xxx 337.00     26    0.0000    0.0000    6 111111 01 0 0 0.25 0 0000.0000
10  52.328388  016.986824 xxx  28.00     59    0.0000    0.0000   19 111111 01 0 0 0.25 0 0000.0000
10  52.328452  016.986965 xxx 115.10     46    0.0000    0.0000   19 111111 01 0 0 0.25 0 0000.0000
10  52.328490  016.986945 xxx 337.00     26    0.0000    0.0000   13 111111 01 0 0 0.25 0 0000.0000
10  52.328458  016.987042 xxx  76.00     26    0.0000    0.0000   13 111111 01 0 0 0.25 0 0000.0000
10  52.328992  016.988646 xxx 104.00     39    0.0000    0.0000   13 111111 01 0 0 0.25 0 0000.0000
10  52.329050  016.988569 xxx 188.00     39    0.0000    0.0000   13 111111 01 0 0 0.25 0 0000.0000
10  52.329093  016.988565 xxx 161.00     39    0.0000    0.0000   13 111111 01 0 0 0.25 0 0000.0000
10  52.329030  016.988556 xxx 215.00     32    0.0000    0.0000   13 111111 01 0 0 0.25 0 0000.0000
10  52.328990  016.988593 xxx 254.00     32    0.0000    0.0000   13 111111 01 0 0 0.25 0 0000.0000
10  52.328986  016.988675 xxx 302.00     32    0.0000    0.0000   13 111111 01 0 0 0.25 0 0000.0000
10  52.328763  016.988048 xxx 346.00     39    0.0000    0.0000   26 111111 01 0 0 0.25 0 0000.0000
10  52.328818  016.987971 xxx 301.00     39    0.0000    0.0000   26 111111 01 0 0 0.25 0 0000.0000
10  52.328830  016.988066 xxx 259.00     46    0.0000    0.0000   19 111111 01 0 0 0.25 0 0000.0000
10  52.328810  016.988139 xxx 220.00     46    0.0000    0.0000   19 111111 01 0 0 0.25 0 0000.0000
10  52.328723  016.987894 xxx 259.00     46    0.0000    0.0000   19 111111 01 0 0 0.25 0 0000.0000
10  52.328753  016.987837 xxx 220.00     46    0.0000    0.0000   19 111111 01 0 0 0.25 0 0000.0000
10  52.329561  016.962685 xxx 216.93     85    0.0000    0.0000   40 111111 01 0 0 0.25 0 0000.0000
10  52.329574  016.962794 xxx 258.93     85    0.0000    0.0000   40 111111 01 0 0 0.25 0 0000.0000
10  52.329012  016.963293 xxx  75.93     85    0.0000    0.0000   40 111111 01 0 0 0.25 0 0000.0000
10  52.329015  016.963111 xxx  93.93     53    0.0000    0.0000   26 111111 01 0 0 0.25 0 0000.0000
10  52.329329  016.963431 xxx 327.93     85    0.0000    0.0000   40 111111 01 0 0 0.25 0 0000.0000
10  52.329420  016.963309 xxx 306.93     85    0.0000    0.0000   40 111111 01 0 0 0.25 0 0000.0000
10  52.329239  016.963464 xxx   6.93     85    0.0000    0.0000   40 111111 01 0 0 0.25 0 0000.0000
10  52.325843  016.971429 xxx 117.92   1772    0.0000    0.0000   16 111111 01 0 0 0.25 0 0000.0000
10  52.324747  016.974935 xxx 240.92     33    0.0000    0.0000   20 111111 01 0 0 0.25 0 0000.0000
10  52.327001  016.967894 xxx 133.02     26    0.0000    0.0000   16 111111 01 0 0 0.25 0 0000.0000
10  52.327085  016.967827 xxx 163.02     53    0.0000    0.0000   16 111111 01 0 0 0.25 0 0000.0000
10  52.327125  016.967781 xxx 151.02     53    0.0000    0.0000   16 111111 01 0 0 0.25 0 0000.0000
10  52.325593  016.971197 xxx 207.92    269    0.0000    0.0000   26 111111 02 0 0 0.25 0 0000.0000
10  52.325318  016.970889 xxx 234.92     39    0.0000    0.0000   13 111111 02 0 0 0.25 0 0000.0000
10  52.325287  016.970990 xxx 345.92     39    0.0000    0.0000   13 111111 02 0 0 0.25 0 0000.0000
10  52.325317  016.971001 xxx  12.92     39    0.0000    0.0000   13 111111 02 0 0 0.25 0 0000.0000
10  52.325238  016.971020 xxx 129.92     39    0.0000    0.0000   13 111111 02 0 0 0.25 0 0000.0000
10  52.325312  016.970835 xxx 261.92     39    0.0000    0.0000   13 111111 02 0 0 0.25 0 0000.0000
10  52.325357  016.970960 xxx 219.92     39    0.0000    0.0000   13 111111 02 0 0 0.25 0 0000.0000
10  52.325320  016.970886 xxx 246.92     39    0.0000    0.0000   13 111111 02 0 0 0.25 0 0000.0000
10  52.325862  016.971485 xxx 342.92     39    0.0000    0.0000   13 111111 01 0 0 0.25 0 0000.0000
10  52.325889  016.971398 xxx  66.92     39    0.0000    0.0000   13 111111 01 0 0 0.25 0 0000.0000
10  52.326871  016.972138 xxx 207.92     98    0.0000    0.0000   26 111111 01 0 0 0.25 0 0000.0000
10  52.326777  016.972394 xxx 207.92     98    0.0000    0.0000   26 111111 01 0 0 0.25 0 0000.0000
10  52.326961  016.972399 xxx 117.93     66    0.0000    0.0000   26 111111 01 0 0 0.25 0 0000.0000
10  52.326917  016.972494 xxx 183.93     26    0.0000    0.0000   26 111111 01 0 0 0.25 0 0000.0000
10  52.326988  016.972266 xxx 246.93     26    0.0000    0.0000   26 111111 01 0 0 0.25 0 0000.0000
10  52.326780  016.971987 xxx 255.93     39    0.0000    0.0000   26 111111 01 0 0 0.25 0 0000.0000
10  52.326658  016.972358 xxx 348.93     39    0.0000    0.0000   26 111111 01 0 0 0.25 0 0000.0000
10  52.326691  016.972280 xxx  51.93     39    0.0000    0.0000   26 111111 01 0 0 0.25 0 0000.0000
10  52.326757  016.972084 xxx   3.93     39    0.0000    0.0000   26 111111 01 0 0 0.25 0 0000.0000
10  52.337972  016.942830 xxx  28.00    689    0.0000    0.0000   10 111111 02 0 0 0.25 0 0000.0000
10  52.338836  016.943579 xxx  28.00     26    0.0000    0.0000   23 111111 02 0 0 0.25 0 0000.0000
10  52.338786  016.943568 xxx  64.00     13    0.0000    0.0000    3 111111 02 0 0 0.25 0 0000.0000
10  52.338795  016.943569 xxx  64.00     13    0.0000    0.0000    3 111111 02 0 0 0.25 0 0000.0000
10  52.338802  016.943518 xxx 172.00     13    0.0000    0.0000    3 111111 02 0 0 0.25 0 0000.0000
10  52.338805  016.943529 xxx 166.00     13    0.0000    0.0000    3 111111 02 0 0 0.25 0 0000.0000
10  52.321832  016.975359 xxx 201.00    591    0.0000    0.0000   16 111111 01 0 0 0.25 0 0000.0000
10  52.322937  016.976489 xxx 117.92    328    0.0000    0.0000  151 111111 02 0 0 0.25 0 0000.0000
10  52.319940  016.978066 xxx 291.00   1411    0.0000    0.0000   16 111111 01 0 0 0.25 0 0000.0000
10  52.320958  016.974878 xxx 183.00     92    0.0000    0.0000   16 111111 01 0 0 0.25 0 0000.0000
10  52.320777  016.974912 xxx 156.00     52    0.0000    0.0000   16 111111 01 0 0 0.25 0 0000.0000
10  52.320674  016.975041 xxx 129.00     52    0.0000    0.0000   16 111111 01 0 0 0.25 0 0000.0000
10  52.321413  016.975342 xxx 117.33     98    0.0000    0.0000   26 111111 01 0 0 0.25 0 0000.0000
10  52.321037  016.975283 xxx 201.00    282    0.0000    0.0000   26 111111 01 0 0 0.25 0 0000.0000
10  52.321430  016.975169 xxx  90.33     26    0.0000    0.0000   13 111111 01 0 0 0.25 0 0000.0000
10  52.321495  016.975205 xxx 144.33     26    0.0000    0.0000   13 111111 01 0 0 0.25 0 0000.0000
10  52.321522  016.975195 xxx 174.33     26    0.0000    0.0000   13 111111 01 0 0 0.25 0 0000.0000
10  52.321462  016.975252 xxx 132.33     26    0.0000    0.0000   13 111111 01 0 0 0.25 0 0000.0000
10  52.321418  016.975125 xxx 231.33     26    0.0000    0.0000   13 111111 01 0 0 0.25 0 0000.0000
10  52.321424  016.975233 xxx 288.33     26    0.0000    0.0000   13 111111 01 0 0 0.25 0 0000.0000
10  52.320825  016.975401 xxx 117.33     98    0.0000    0.0000   13 111111 01 0 0 0.25 0 0000.0000
18  52.333385  016.967869 4 BCN
19  52.328988  016.949598 1 WS
19  52.337939  016.950043 1 WS
19  52.331919  016.977102 1 WS
19  52.325500  016.982809 1 WS
54 12850 INFO
