1    664 0 0 EPSW Swidnik
10  51.232151   22.689811 33x 146.000  2296 0000.0000 0000.0000  164 111111 03 0 1 0.25 0 0300.0300 
10  51.232126   22.690986 24x  62.000  3608 0000.0000 0000.0000  164 111111 03 0 1 0.25 0 0300.0300 
10  51.230354   22.698786 xxx 197.628  2407 0000.0000 0000.0000  346 111111 02 0 0 0.25 0 
10  51.233994   22.699094 xxx 190.434   524 0000.0000 0000.0000   30 111111 05 0 0 0.25 0 
10  51.235399   22.696666 xxx 112.980  1338 0000.0000 0000.0000   30 111111 05 0 0 0.25 0 
10  51.230089   22.694905 xxx 106.697  1340 0000.0000 0000.0000   30 111111 05 0 0 0.25 0 
10  51.231199   22.691517 xxx 145.579   558 0000.0000 0000.0000   30 111111 05 0 0 0.25 0 
10  51.233073   22.699113 xxx 147.635   214 0000.0000 0000.0000   29 111111 05 0 0 0.25 0 
19  51.229709   22.691299 1 Windsock
19  51.234831   22.696728 1 Windsock
