1     285 1 1 KALB ALBANY INTL
10  42.748863 -073.804793 01x 358.29   8500    0.0000    0.0000  150 343143 01 0 3 0.25 0 0300.0300
10  42.749488 -073.798720 10x  88.08   7200    0.1201    0.0000  150 141341 01 0 2 0.25 0 0300.0300
10  42.760793 -073.805278 xxx 178.14    200    0.0000    0.0000  200 111111 01 0 0 0.25 0 0000.0000
10  42.758492 -073.801432 xxx 177.00    650    0.0000    0.0000  100 111111 02 0 0 0.25 0 0000.0000
10  42.757075 -073.801187 xxx 177.00    390    0.0000    0.0000  100 111111 02 0 0 0.25 0 0000.0000
10  42.757942 -073.801850 xxx 177.00   1100    0.0000    0.0000  420 111111 01 0 0 0.25 0 0000.0000
10  42.760323 -073.804825 xxx  88.34     80    0.0000    0.0000  150 111111 01 0 0 0.25 0 0000.0000
10  42.760304 -073.805689 xxx  88.34     80    0.0000    0.0000  150 111111 01 0 0 0.25 0 0000.0000
10  42.759779 -073.803591 xxx 131.00    658    0.0000    0.0000  100 161161 01 0 0 0.25 0 0000.0000
10  42.756213 -073.802313 xxx 177.00    150    0.0000    0.0000  100 111111 01 0 0 0.25 0 0000.0000
10  42.756968 -073.803659 xxx  75.00    621    0.0000    0.0000   90 161161 01 0 0 0.25 0 0000.0000
10  42.748554 -073.806261 xxx 358.30   8350    0.0000    0.0000   90 161161 01 0 0 0.25 0 0000.0000
10  42.760238 -073.805551 xxx 178.34    200    0.0000    0.0000   10 111111 01 0 0 0.25 0 0000.0000
10  42.760253 -073.804956 xxx 178.34    200    0.0000    0.0000   10 111111 01 0 0 0.25 0 0000.0000
10  42.760032 -073.804944 xxx  39.32     60    0.0000    0.0000   30 111111 01 0 0 0.25 0 0000.0000
10  42.760121 -073.804778 xxx  69.37     75    0.0000    0.0000   30 111111 01 0 0 0.25 0 0000.0000
10  42.760083 -073.804366 xxx 117.11    120    0.0000    0.0000   20 111111 01 0 0 0.25 0 0000.0000
10  42.760242 -073.804585 xxx  90.43    100    0.0000    0.0000  100 111111 01 0 0 0.25 0 0000.0000
10  42.760078 -073.806392 xxx  90.43     50    0.0000    0.0000   50 111111 01 0 0 0.25 0 0000.0000
10  42.760477 -073.804483 xxx 116.12     45    0.0000    0.0000   20 111111 01 0 0 0.25 0 0000.0000
10  42.760503 -073.804614 xxx  92.86     40    0.0000    0.0000   20 111111 01 0 0 0.25 0 0000.0000
10  42.760345 -073.804576 xxx   0.00    100    0.0000    0.0000   75 111111 01 0 0 0.25 0 0000.0000
10  42.760021 -073.805552 xxx 131.09     60    0.0000    0.0000   30 111111 01 0 0 0.25 0 0000.0000
10  42.760107 -073.805713 xxx 109.12     60    0.0000    0.0000   30 111111 01 0 0 0.25 0 0000.0000
10  42.760122 -073.805864 xxx  90.62     60    0.0000    0.0000   30 111111 01 0 0 0.25 0 0000.0000
10  42.760198 -073.806358 xxx  59.80     60    0.0000    0.0000  155 111111 01 0 0 0.25 0 0000.0000
10  42.759972 -073.806493 xxx  39.61     75    0.0000    0.0000   75 111111 01 0 0 0.25 0 0000.0000
10  42.759783 -073.806566 xxx  21.70     60    0.0000    0.0000   30 111111 01 0 0 0.25 0 0000.0000
10  42.760275 -073.806107 xxx  77.34     60    0.0000    0.0000  155 111111 01 0 0 0.25 0 0000.0000
10  42.760324 -073.805947 xxx  88.85     60    0.0000    0.0000  130 111111 01 0 0 0.25 0 0000.0000
10  42.760305 -073.806343 xxx  70.41     50    0.0000    0.0000  120 111111 01 0 0 0.25 0 0000.0000
10  42.760202 -073.806547 xxx  40.86     50    0.0000    0.0000  120 111111 01 0 0 0.25 0 0000.0000
10  42.760132 -073.806612 xxx  27.13     50    0.0000    0.0000  120 111111 01 0 0 0.25 0 0000.0000
10  42.760066 -073.806684 xxx  10.81     40    0.0000    0.0000  100 111111 01 0 0 0.25 0 0000.0000
10  42.760028 -073.806694 xxx  10.81     40    0.0000    0.0000  100 111111 01 0 0 0.25 0 0000.0000
10  42.760265 -073.806454 xxx  55.30     50    0.0000    0.0000  120 111111 01 0 0 0.25 0 0000.0000
10  42.760325 -073.806214 xxx  84.50     50    0.0000    0.0000  120 111111 01 0 0 0.25 0 0000.0000
10  42.760334 -073.806085 xxx  86.95     50    0.0000    0.0000  120 111111 01 0 0 0.25 0 0000.0000
10  42.760091 -073.805589 xxx 133.55     20    0.0000    0.0000   20 111111 01 0 0 0.25 0 0000.0000
10  42.759015 -073.802708 xxx 336.87    100    0.0000    0.0000   30 111111 01 0 0 0.25 0 0000.0000
10  42.757254 -073.802693 xxx 326.03     50    0.0000    0.0000  100 111111 01 0 0 0.25 0 0000.0000
10  42.757360 -073.802578 xxx 307.36     50    0.0000    0.0000  100 111111 01 0 0 0.25 0 0000.0000
10  42.757499 -073.802535 xxx 281.00     50    0.0000    0.0000  100 111111 01 0 0 0.25 0 0000.0000
10  42.757056 -073.802693 xxx   2.52     50    0.0000    0.0000  100 111111 01 0 0 0.25 0 0000.0000
10  42.756990 -073.802556 xxx  29.34     50    0.0000    0.0000  100 111111 01 0 0 0.25 0 0000.0000
10  42.756887 -073.802467 xxx  56.99     50    0.0000    0.0000  100 111111 01 0 0 0.25 0 0000.0000
10  42.756775 -073.805905 xxx 268.38    280    0.0000    0.0000   90 161161 01 0 0 0.25 0 0000.0000
10  42.756251 -073.802148 xxx  18.12    100    0.0000    0.0000   50 111111 01 0 0 0.25 0 0000.0000
10  42.756360 -073.802026 xxx 222.05    100    0.0000    0.0000   50 111111 01 0 0 0.25 0 0000.0000
10  42.756410 -073.801949 xxx 241.25    100    0.0000    0.0000   50 111111 01 0 0 0.25 0 0000.0000
10  42.756472 -073.801711 xxx 255.67    100    0.0000    0.0000   50 111111 01 0 0 0.25 0 0000.0000
10  42.756771 -073.804171 xxx 240.66    100    0.0000    0.0000   50 111111 01 0 0 0.25 0 0000.0000
10  42.756650 -073.804406 xxx 231.29    100    0.0000    0.0000   50 111111 01 0 0 0.25 0 0000.0000
10  42.756332 -073.804725 xxx 205.65    100    0.0000    0.0000   50 111111 01 0 0 0.25 0 0000.0000
10  42.756531 -073.804554 xxx 220.04    100    0.0000    0.0000   50 111111 01 0 0 0.25 0 0000.0000
10  42.756079 -073.804850 xxx  11.87    100    0.0000    0.0000   50 111111 01 0 0 0.25 0 0000.0000
10  42.757108 -073.804918 xxx 170.06    100    0.0000    0.0000   50 111111 01 0 0 0.25 0 0000.0000
10  42.757022 -073.804836 xxx 150.71    100    0.0000    0.0000   50 111111 01 0 0 0.25 0 0000.0000
10  42.756977 -073.804687 xxx 120.06    100    0.0000    0.0000   50 111111 01 0 0 0.25 0 0000.0000
10  42.756962 -073.804502 xxx  94.64    100    0.0000    0.0000   50 111111 01 0 0 0.25 0 0000.0000
10  42.756953 -073.804161 xxx  89.52    100    0.0000    0.0000   50 111111 01 0 0 0.25 0 0000.0000
10  42.756638 -073.804756 xxx   0.08    200    0.0000    0.0000   50 111111 01 0 0 0.25 0 0000.0000
10  42.756655 -073.804610 xxx   0.08    100    0.0000    0.0000   50 111111 01 0 0 0.25 0 0000.0000
10  42.756483 -073.805355 xxx 337.70    100    0.0000    0.0000   50 111111 01 0 0 0.25 0 0000.0000
10  42.756621 -073.805498 xxx 312.31    100    0.0000    0.0000   50 111111 01 0 0 0.25 0 0000.0000
10  42.756704 -073.805747 xxx 284.36    100    0.0000    0.0000   50 111111 01 0 0 0.25 0 0000.0000
10  42.756711 -073.805889 xxx 270.31    100    0.0000    0.0000   50 111111 01 0 0 0.25 0 0000.0000
10  42.756690 -073.806155 xxx 255.50    100    0.0000    0.0000   50 111111 01 0 0 0.25 0 0000.0000
10  42.756611 -073.806342 xxx 234.11    100    0.0000    0.0000   50 111111 01 0 0 0.25 0 0000.0000
10  42.756500 -073.806439 xxx 207.64    100    0.0000    0.0000   50 111111 01 0 0 0.25 0 0000.0000
10  42.756999 -073.805454 xxx 217.69    100    0.0000    0.0000   50 111111 01 0 0 0.25 0 0000.0000
10  42.756920 -073.805587 xxx 236.31    100    0.0000    0.0000   50 111111 01 0 0 0.25 0 0000.0000
10  42.756850 -073.805796 xxx 257.45    100    0.0000    0.0000   50 111111 01 0 0 0.25 0 0000.0000
10  42.756836 -073.806032 xxx 269.40    100    0.0000    0.0000   50 111111 01 0 0 0.25 0 0000.0000
10  42.756865 -073.806206 xxx 286.99    100    0.0000    0.0000   50 111111 01 0 0 0.25 0 0000.0000
10  42.756955 -073.806379 xxx 307.91    100    0.0000    0.0000   50 111111 01 0 0 0.25 0 0000.0000
10  42.757022 -073.806414 xxx 323.69    100    0.0000    0.0000   50 111111 01 0 0 0.25 0 0000.0000
10  42.757146 -073.806485 xxx 342.16    100    0.0000    0.0000   50 111111 01 0 0 0.25 0 0000.0000
10  42.756765 -073.806283 xxx 359.31    100    0.0000    0.0000   75 111111 01 0 0 0.25 0 0000.0000
10  42.756788 -073.805568 xxx 359.31    100    0.0000    0.0000  100 111111 01 0 0 0.25 0 0000.0000
10  42.756652 -073.805388 xxx 359.31     25    0.0000    0.0000   25 111111 01 0 0 0.25 0 0000.0000
10  42.759125 -073.806869 xxx 358.30    415    0.0000    0.0000   10 111111 01 0 0 0.25 0 0000.0000
10  42.759115 -073.807217 xxx 267.55    180    0.0000    0.0000  220 111111 01 0 0 0.25 0 0000.0000
10  42.758686 -073.806880 xxx 321.57    100    0.0000    0.0000   50 111111 01 0 0 0.25 0 0000.0000
10  42.759572 -073.806929 xxx 222.64    100    0.0000    0.0000   50 111111 01 0 0 0.25 0 0000.0000
10  42.759514 -073.807083 xxx 241.07    100    0.0000    0.0000   50 111111 01 0 0 0.25 0 0000.0000
10  42.759471 -073.807242 xxx 253.46    100    0.0000    0.0000   50 111111 01 0 0 0.25 0 0000.0000
10  42.759404 -073.807480 xxx 239.67     50    0.0000    0.0000   50 111111 01 0 0 0.25 0 0000.0000
10  42.759332 -073.807591 xxx 219.69     50    0.0000    0.0000   50 111111 01 0 0 0.25 0 0000.0000
10  42.759246 -073.807638 xxx 186.53     50    0.0000    0.0000   50 111111 01 0 0 0.25 0 0000.0000
10  42.759119 -073.807646 xxx 178.69     50    0.0000    0.0000   50 111111 01 0 0 0.25 0 0000.0000
10  42.759082 -073.807643 xxx 178.69     50    0.0000    0.0000   50 111111 01 0 0 0.25 0 0000.0000
10  42.758961 -073.807621 xxx 167.86     50    0.0000    0.0000   50 111111 01 0 0 0.25 0 0000.0000
10  42.758872 -073.807561 xxx 318.98     50    0.0000    0.0000   50 111111 01 0 0 0.25 0 0000.0000
10  42.758746 -073.807052 xxx 295.97    100    0.0000    0.0000   50 111111 01 0 0 0.25 0 0000.0000
10  42.758761 -073.807205 xxx 278.46    100    0.0000    0.0000   50 111111 01 0 0 0.25 0 0000.0000
10  42.758807 -073.807441 xxx 297.30     50    0.0000    0.0000   50 111111 01 0 0 0.25 0 0000.0000
10  42.758806 -073.806949 xxx 311.11     50    0.0000    0.0000   50 111111 01 0 0 0.25 0 0000.0000
10  42.759445 -073.806979 xxx 311.11     50    0.0000    0.0000   75 111111 01 0 0 0.25 0 0000.0000
10  42.753176 -073.805212 xxx 337.70    100    0.0000    0.0000   50 111111 01 0 0 0.25 0 0000.0000
10  42.753460 -073.805773 xxx 268.38    280    0.0000    0.0000   90 161161 01 0 0 0.25 0 0000.0000
10  42.753310 -073.805350 xxx 312.31    100    0.0000    0.0000   50 111111 01 0 0 0.25 0 0000.0000
10  42.753393 -073.805598 xxx 284.36    100    0.0000    0.0000   50 111111 01 0 0 0.25 0 0000.0000
10  42.753400 -073.805739 xxx 270.31    100    0.0000    0.0000   50 111111 01 0 0 0.25 0 0000.0000
10  42.753380 -073.806005 xxx 255.50    100    0.0000    0.0000   50 111111 01 0 0 0.25 0 0000.0000
10  42.753301 -073.806194 xxx 234.11    100    0.0000    0.0000   50 111111 01 0 0 0.25 0 0000.0000
10  42.753193 -073.806289 xxx 207.64    100    0.0000    0.0000   50 111111 01 0 0 0.25 0 0000.0000
10  42.753689 -073.805304 xxx 217.69    100    0.0000    0.0000   50 111111 01 0 0 0.25 0 0000.0000
10  42.753610 -073.805438 xxx 236.31    100    0.0000    0.0000   50 111111 01 0 0 0.25 0 0000.0000
10  42.753543 -073.805650 xxx 257.45    100    0.0000    0.0000   50 111111 01 0 0 0.25 0 0000.0000
10  42.753528 -073.805885 xxx 269.40    100    0.0000    0.0000   50 111111 01 0 0 0.25 0 0000.0000
10  42.753553 -073.806056 xxx 286.99    100    0.0000    0.0000   50 111111 01 0 0 0.25 0 0000.0000
10  42.753647 -073.806234 xxx 307.91    100    0.0000    0.0000   50 111111 01 0 0 0.25 0 0000.0000
10  42.753710 -073.806264 xxx 323.69    100    0.0000    0.0000   50 111111 01 0 0 0.25 0 0000.0000
10  42.753838 -073.806339 xxx 342.16    100    0.0000    0.0000   50 111111 01 0 0 0.25 0 0000.0000
10  42.753456 -073.806159 xxx 359.31    100    0.0000    0.0000  100 111111 01 0 0 0.25 0 0000.0000
10  42.753476 -073.805438 xxx 359.31    100    0.0000    0.0000  100 111111 01 0 0 0.25 0 0000.0000
10  42.753343 -073.805240 xxx 359.31     25    0.0000    0.0000   25 111111 01 0 0 0.25 0 0000.0000
10  42.747946 -073.805015 xxx 337.70    100    0.0000    0.0000   50 111111 01 0 0 0.25 0 0000.0000
10  42.748374 -073.798670 xxx  88.23   6760    0.0000    0.0000   90 161161 01 0 0 0.25 0 0000.0000
10  42.748085 -073.805146 xxx 312.31    100    0.0000    0.0000   50 111111 01 0 0 0.25 0 0000.0000
10  42.748164 -073.805401 xxx 284.36    100    0.0000    0.0000   50 111111 01 0 0 0.25 0 0000.0000
10  42.748171 -073.805542 xxx 270.31    100    0.0000    0.0000   50 111111 01 0 0 0.25 0 0000.0000
10  42.748151 -073.805804 xxx 255.50    100    0.0000    0.0000   50 111111 01 0 0 0.25 0 0000.0000
10  42.748072 -073.805996 xxx 234.11    100    0.0000    0.0000   50 111111 01 0 0 0.25 0 0000.0000
10  42.747967 -073.806087 xxx 207.64    100    0.0000    0.0000   50 111111 01 0 0 0.25 0 0000.0000
10  42.748459 -073.805107 xxx 217.69    100    0.0000    0.0000   50 111111 01 0 0 0.25 0 0000.0000
10  42.748380 -073.805240 xxx 236.31    100    0.0000    0.0000   50 111111 01 0 0 0.25 0 0000.0000
10  42.748313 -073.805453 xxx 257.45    100    0.0000    0.0000   50 111111 01 0 0 0.25 0 0000.0000
10  42.748298 -073.805685 xxx 269.40    100    0.0000    0.0000   50 111111 01 0 0 0.25 0 0000.0000
10  42.748325 -073.805857 xxx 286.99    100    0.0000    0.0000   50 111111 01 0 0 0.25 0 0000.0000
10  42.748418 -073.806036 xxx 307.91    100    0.0000    0.0000   50 111111 01 0 0 0.25 0 0000.0000
10  42.748482 -073.806065 xxx 323.69    100    0.0000    0.0000   50 111111 01 0 0 0.25 0 0000.0000
10  42.748609 -073.806142 xxx 342.16    100    0.0000    0.0000   50 111111 01 0 0 0.25 0 0000.0000
10  42.748226 -073.805928 xxx 359.31    100    0.0000    0.0000   85 111111 01 0 0 0.25 0 0000.0000
10  42.748243 -073.805235 xxx 359.31    100    0.0000    0.0000  110 111111 01 0 0 0.25 0 0000.0000
10  42.748115 -073.805041 xxx 359.31     25    0.0000    0.0000   25 111111 01 0 0 0.25 0 0000.0000
10  42.748625 -073.805007 xxx  17.72    100    0.0000    0.0000   50 111111 01 0 0 0.25 0 0000.0000
10  42.745750 -073.804920 xxx 337.70    100    0.0000    0.0000   50 111111 01 0 0 0.25 0 0000.0000
10  42.746043 -073.805475 xxx 268.38    280    0.0000    0.0000   90 161161 01 0 0 0.25 0 0000.0000
10  42.745885 -073.805057 xxx 312.31    100    0.0000    0.0000   50 111111 01 0 0 0.25 0 0000.0000
10  42.745969 -073.805306 xxx 284.36    100    0.0000    0.0000   50 111111 01 0 0 0.25 0 0000.0000
10  42.745976 -073.805448 xxx 270.31    100    0.0000    0.0000   50 111111 01 0 0 0.25 0 0000.0000
10  42.745955 -073.805711 xxx 255.50    100    0.0000    0.0000   50 111111 01 0 0 0.25 0 0000.0000
10  42.745876 -073.805901 xxx 234.11    100    0.0000    0.0000   50 111111 01 0 0 0.25 0 0000.0000
10  42.745769 -073.805998 xxx 207.64    100    0.0000    0.0000   50 111111 01 0 0 0.25 0 0000.0000
10  42.746264 -073.805012 xxx 217.69    100    0.0000    0.0000   50 111111 01 0 0 0.25 0 0000.0000
10  42.746185 -073.805145 xxx 236.31    100    0.0000    0.0000   50 111111 01 0 0 0.25 0 0000.0000
10  42.746117 -073.805358 xxx 257.45    100    0.0000    0.0000   50 111111 01 0 0 0.25 0 0000.0000
10  42.746103 -073.805592 xxx 269.40    100    0.0000    0.0000   50 111111 01 0 0 0.25 0 0000.0000
10  42.746129 -073.805762 xxx 286.99    100    0.0000    0.0000   50 111111 01 0 0 0.25 0 0000.0000
10  42.746222 -073.805942 xxx 307.91    100    0.0000    0.0000   50 111111 01 0 0 0.25 0 0000.0000
10  42.746287 -073.805970 xxx 323.69    100    0.0000    0.0000   50 111111 01 0 0 0.25 0 0000.0000
10  42.746414 -073.806048 xxx 342.16    100    0.0000    0.0000   50 111111 01 0 0 0.25 0 0000.0000
10  42.746031 -073.805834 xxx 359.31    100    0.0000    0.0000   85 111111 01 0 0 0.25 0 0000.0000
10  42.746047 -073.805141 xxx 359.31    100    0.0000    0.0000  110 111111 01 0 0 0.25 0 0000.0000
10  42.745919 -073.804947 xxx 359.31     25    0.0000    0.0000   25 111111 01 0 0 0.25 0 0000.0000
10  42.746429 -073.804912 xxx  17.72    100    0.0000    0.0000   50 111111 01 0 0 0.25 0 0000.0000
10  42.742830 -073.804808 xxx 337.70    100    0.0000    0.0000   50 111111 01 0 0 0.25 0 0000.0000
10  42.743115 -073.805359 xxx 268.38    280    0.0000    0.0000   90 161161 01 0 0 0.25 0 0000.0000
10  42.742965 -073.804944 xxx 312.31    100    0.0000    0.0000   50 111111 01 0 0 0.25 0 0000.0000
10  42.743048 -073.805193 xxx 284.36    100    0.0000    0.0000   50 111111 01 0 0 0.25 0 0000.0000
10  42.743055 -073.805335 xxx 270.31    100    0.0000    0.0000   50 111111 01 0 0 0.25 0 0000.0000
10  42.743034 -073.805598 xxx 255.50    100    0.0000    0.0000   50 111111 01 0 0 0.25 0 0000.0000
10  42.742955 -073.805789 xxx 234.11    100    0.0000    0.0000   50 111111 01 0 0 0.25 0 0000.0000
10  42.742848 -073.805885 xxx 207.64    100    0.0000    0.0000   50 111111 01 0 0 0.25 0 0000.0000
10  42.743343 -073.804900 xxx 217.69    100    0.0000    0.0000   50 111111 01 0 0 0.25 0 0000.0000
10  42.743264 -073.805033 xxx 236.31    100    0.0000    0.0000   50 111111 01 0 0 0.25 0 0000.0000
10  42.743197 -073.805245 xxx 257.45    100    0.0000    0.0000   50 111111 01 0 0 0.25 0 0000.0000
10  42.743183 -073.805479 xxx 269.40    100    0.0000    0.0000   50 111111 01 0 0 0.25 0 0000.0000
10  42.743208 -073.805650 xxx 286.99    100    0.0000    0.0000   50 111111 01 0 0 0.25 0 0000.0000
10  42.743302 -073.805829 xxx 307.91    100    0.0000    0.0000   50 111111 01 0 0 0.25 0 0000.0000
10  42.743366 -073.805858 xxx 323.69    100    0.0000    0.0000   50 111111 01 0 0 0.25 0 0000.0000
10  42.743493 -073.805935 xxx 342.16    100    0.0000    0.0000   50 111111 01 0 0 0.25 0 0000.0000
10  42.742999 -073.804834 xxx 359.31     25    0.0000    0.0000   25 111111 01 0 0 0.25 0 0000.0000
10  42.743509 -073.804800 xxx  17.72    100    0.0000    0.0000   50 111111 01 0 0 0.25 0 0000.0000
10  42.739739 -073.804683 xxx 337.70    100    0.0000    0.0000   50 111111 01 0 0 0.25 0 0000.0000
10  42.740030 -073.805227 xxx 268.38    280    0.0000    0.0000   90 161161 01 0 0 0.25 0 0000.0000
10  42.739874 -073.804820 xxx 312.31    100    0.0000    0.0000   50 111111 01 0 0 0.25 0 0000.0000
10  42.739957 -073.805069 xxx 284.36    100    0.0000    0.0000   50 111111 01 0 0 0.25 0 0000.0000
10  42.739964 -073.805210 xxx 270.31    100    0.0000    0.0000   50 111111 01 0 0 0.25 0 0000.0000
10  42.739943 -073.805474 xxx 255.50    100    0.0000    0.0000   50 111111 01 0 0 0.25 0 0000.0000
10  42.739864 -073.805664 xxx 234.11    100    0.0000    0.0000   50 111111 01 0 0 0.25 0 0000.0000
10  42.739757 -073.805761 xxx 207.64    100    0.0000    0.0000   50 111111 01 0 0 0.25 0 0000.0000
10  42.740252 -073.804775 xxx 217.69    100    0.0000    0.0000   50 111111 01 0 0 0.25 0 0000.0000
10  42.740173 -073.804908 xxx 236.31    100    0.0000    0.0000   50 111111 01 0 0 0.25 0 0000.0000
10  42.740106 -073.805121 xxx 257.45    100    0.0000    0.0000   50 111111 01 0 0 0.25 0 0000.0000
10  42.740092 -073.805354 xxx 269.40    100    0.0000    0.0000   50 111111 01 0 0 0.25 0 0000.0000
10  42.740117 -073.805525 xxx 286.99    100    0.0000    0.0000   50 111111 01 0 0 0.25 0 0000.0000
10  42.740211 -073.805705 xxx 307.91    100    0.0000    0.0000   50 111111 01 0 0 0.25 0 0000.0000
10  42.740275 -073.805733 xxx 323.69    100    0.0000    0.0000   50 111111 01 0 0 0.25 0 0000.0000
10  42.740402 -073.805810 xxx 342.16    100    0.0000    0.0000   50 111111 01 0 0 0.25 0 0000.0000
10  42.739908 -073.804710 xxx 359.31     25    0.0000    0.0000   25 111111 01 0 0 0.25 0 0000.0000
10  42.737308 -073.805123 xxx 268.38    280    0.0000    0.0000   90 161161 01 0 0 0.25 0 0000.0000
10  42.740418 -073.804675 xxx  17.72    100    0.0000    0.0000   50 111111 01 0 0 0.25 0 0000.0000
10  42.737216 -073.805037 xxx 264.36    100    0.0000    0.0000   50 111111 01 0 0 0.25 0 0000.0000
10  42.737174 -073.805277 xxx 255.50    100    0.0000    0.0000   50 111111 01 0 0 0.25 0 0000.0000
10  42.737081 -073.805464 xxx 234.11    100    0.0000    0.0000   50 111111 01 0 0 0.25 0 0000.0000
10  42.736946 -073.805550 xxx 207.64    100    0.0000    0.0000   50 111111 01 0 0 0.25 0 0000.0000
10  42.737525 -073.804679 xxx 217.69    100    0.0000    0.0000   50 111111 01 0 0 0.25 0 0000.0000
10  42.737444 -073.804812 xxx 236.31    100    0.0000    0.0000   50 111111 01 0 0 0.25 0 0000.0000
10  42.737384 -073.805022 xxx 257.45    100    0.0000    0.0000   50 111111 01 0 0 0.25 0 0000.0000
10  42.737363 -073.805250 xxx 269.40    100    0.0000    0.0000   50 111111 01 0 0 0.25 0 0000.0000
10  42.737388 -073.805421 xxx 286.99    100    0.0000    0.0000   50 111111 01 0 0 0.25 0 0000.0000
10  42.737481 -073.805603 xxx 307.91    100    0.0000    0.0000   50 111111 01 0 0 0.25 0 0000.0000
10  42.737547 -073.805630 xxx 323.69    100    0.0000    0.0000   50 111111 01 0 0 0.25 0 0000.0000
10  42.737674 -073.805708 xxx 342.16    100    0.0000    0.0000   50 111111 01 0 0 0.25 0 0000.0000
10  42.742252 -073.799809 xxx 190.97    220    0.0000    0.0000   75 111111 02 0 0 0.25 0 0000.0000
10  42.737271 -073.805492 xxx 359.31    100    0.0000    0.0000   85 111111 01 0 0 0.25 0 0000.0000
10  42.737291 -073.804775 xxx 359.31    100    0.0000    0.0000  110 111111 01 0 0 0.25 0 0000.0000
10  42.737689 -073.804580 xxx  17.72    100    0.0000    0.0000   50 111111 01 0 0 0.25 0 0000.0000
10  42.736930 -073.804312 xxx 358.30    200    0.0000    0.0000  200 111111 01 0 0 0.25 0 0000.0000
10  42.736786 -073.805685 xxx 221.73     50    0.0000    0.0000   50 111111 01 0 0 0.25 0 0000.0000
10  42.736715 -073.805802 xxx  60.53     50    0.0000    0.0000   50 111111 01 0 0 0.25 0 0000.0000
10  42.736684 -073.805937 xxx  86.43     50    0.0000    0.0000   50 111111 01 0 0 0.25 0 0000.0000
10  42.736695 -073.806087 xxx 106.24     50    0.0000    0.0000   50 111111 01 0 0 0.25 0 0000.0000
10  42.736745 -073.806219 xxx 129.57     50    0.0000    0.0000   50 111111 01 0 0 0.25 0 0000.0000
10  42.736827 -073.806314 xxx 331.57     50    0.0000    0.0000   50 111111 01 0 0 0.25 0 0000.0000
10  42.736934 -073.806361 xxx 351.55     50    0.0000    0.0000   50 111111 01 0 0 0.25 0 0000.0000
10  42.737041 -073.806355 xxx  12.42     50    0.0000    0.0000   50 111111 01 0 0 0.25 0 0000.0000
10  42.737148 -073.806296 xxx  29.34     50    0.0000    0.0000   50 111111 01 0 0 0.25 0 0000.0000
10  42.737445 -073.806069 xxx  29.34    200    0.0000    0.0000   50 111111 01 0 0 0.25 0 0000.0000
10  42.737677 -073.805988 xxx  13.95     50    0.0000    0.0000   20 111111 01 0 0 0.25 0 0000.0000
10  42.737060 -073.805910 xxx  29.34    240    0.0000    0.0000  175 111111 01 0 0 0.25 0 0000.0000
10  42.748203 -073.811021 xxx  96.81    560    0.0000    0.0000   90 161161 01 0 0 0.25 0 0000.0000
10  42.748566 -073.811906 xxx 178.43    283    0.0000    0.0000  100 161161 01 0 0 0.25 0 0000.0000
10  42.749826 -073.784952 xxx 177.89    200    0.0000    0.0000  200 111111 01 0 0 0.25 0 0000.0000
10  42.746380 -073.800938 xxx  84.80   1950    0.0000    0.0000   75 161161 01 0 0 0.25 0 0000.0000
10  42.744445 -073.802280 xxx 318.50   1720    0.0000    0.0000   90 161161 01 0 0 0.25 0 0000.0000
10  42.743041 -073.800012 xxx  49.00    145    0.0000    0.0000   35 111111 02 0 0 0.25 0 0000.0000
10  42.743700 -073.800658 xxx 318.50    555    0.0000    0.0000   85 111111 01 0 0 0.25 0 0000.0000
10  42.742561 -073.799987 xxx 318.80    124    0.0000    0.0000   40 111111 01 0 0 0.25 0 0000.0000
10  42.742782 -073.801790 xxx 178.50    555    0.0000    0.0000  160 111111 01 0 0 0.25 0 0000.0000
10  42.743701 -073.801721 xxx 178.50    150    0.0000    0.0000   66 111111 01 0 0 0.25 0 0000.0000
10  42.742318 -073.800708 xxx 178.50    350    0.0000    0.0000  150 111111 01 0 0 0.25 0 0000.0000
10  42.743206 -073.800994 xxx 330.03     50    0.0000    0.0000   20 111111 01 0 0 0.25 0 0000.0000
10  42.743083 -073.800919 xxx 342.05     50    0.0000    0.0000   20 111111 01 0 0 0.25 0 0000.0000
10  42.742963 -073.800890 xxx 358.37     50    0.0000    0.0000   20 111111 01 0 0 0.25 0 0000.0000
10  42.742904 -073.800907 xxx  16.28     50    0.0000    0.0000   20 111111 01 0 0 0.25 0 0000.0000
10  42.742846 -073.800980 xxx 226.79     50    0.0000    0.0000   20 111111 01 0 0 0.25 0 0000.0000
10  42.742779 -073.801101 xxx 242.45     50    0.0000    0.0000   20 111111 01 0 0 0.25 0 0000.0000
10  42.742772 -073.801214 xxx 270.58     50    0.0000    0.0000   20 111111 01 0 0 0.25 0 0000.0000
10  42.742829 -073.802625 xxx 278.00    920    0.0000    0.0000   80 161161 01 0 0 0.25 0 0000.0000
10  42.742818 -073.800782 xxx 227.52    100    0.0000    0.0000  100 111111 01 0 0 0.25 0 0000.0000
10  42.742666 -073.800425 xxx 242.45     50    0.0000    0.0000   80 111111 01 0 0 0.25 0 0000.0000
10  42.743019 -073.800825 xxx 342.05     50    0.0000    0.0000   30 111111 01 0 0 0.25 0 0000.0000
10  42.747569 -073.796389 xxx  28.38    650    0.0000    0.0000   75 161161 01 0 0 0.25 0 0000.0000
10  42.746718 -073.796955 xxx 218.59     50    0.0000    0.0000   40 111111 01 0 0 0.25 0 0000.0000
10  42.746769 -073.797065 xxx 218.59     50    0.0000    0.0000   40 111111 01 0 0 0.25 0 0000.0000
10  42.746638 -073.797074 xxx 234.14     50    0.0000    0.0000   40 111111 01 0 0 0.25 0 0000.0000
10  42.746591 -073.797225 xxx 257.63     60    0.0000    0.0000   40 111111 01 0 0 0.25 0 0000.0000
10  42.746686 -073.797229 xxx 257.63     60    0.0000    0.0000   40 111111 01 0 0 0.25 0 0000.0000
10  42.746717 -073.797152 xxx 234.14     50    0.0000    0.0000   40 111111 01 0 0 0.25 0 0000.0000
10  42.748281 -073.795721 xxx 224.49     50    0.0000    0.0000   20 111111 01 0 0 0.25 0 0000.0000
10  42.748313 -073.795644 xxx 248.37     50    0.0000    0.0000   20 111111 01 0 0 0.25 0 0000.0000
10  42.748234 -073.796040 xxx  13.76     50    0.0000    0.0000   20 111111 01 0 0 0.25 0 0000.0000
10  42.748272 -073.796041 xxx 341.56     30    0.0000    0.0000   20 111111 01 0 0 0.25 0 0000.0000
10  42.748310 -073.796071 xxx 305.91     30    0.0000    0.0000   20 111111 01 0 0 0.25 0 0000.0000
10  42.745940 -073.798329 xxx 174.16    372    0.0000    0.0000   30 111111 01 0 0 0.25 0 0000.0000
10  42.746358 -073.797898 xxx  85.00    352    0.0000    0.0000   30 111111 01 0 0 0.25 0 0000.0000
10  42.746853 -073.795997 xxx 208.35    295    0.0000    0.0000  295 111111 01 0 0 0.25 0 0000.0000
10  42.746435 -073.797164 xxx  75.27     50    0.0000    0.0000   15 111111 01 0 0 0.25 0 0000.0000
10  42.746481 -073.797001 xxx  61.35     50    0.0000    0.0000   15 111111 01 0 0 0.25 0 0000.0000
10  42.746538 -073.796881 xxx  49.05     50    0.0000    0.0000   15 111111 01 0 0 0.25 0 0000.0000
10  42.746627 -073.796768 xxx  36.62     50    0.0000    0.0000   15 111111 01 0 0 0.25 0 0000.0000
10  42.746397 -073.797161 xxx  75.27     55    0.0000    0.0000   15 111111 01 0 0 0.25 0 0000.0000
10  42.746445 -073.796991 xxx  61.35     50    0.0000    0.0000   15 111111 01 0 0 0.25 0 0000.0000
10  42.746518 -073.796848 xxx  49.05     50    0.0000    0.0000   15 111111 01 0 0 0.25 0 0000.0000
10  42.746615 -073.796725 xxx  36.62     50    0.0000    0.0000   15 111111 01 0 0 0.25 0 0000.0000
10  42.746329 -073.798379 xxx  38.83     60    0.0000    0.0000   60 111111 01 0 0 0.25 0 0000.0000
10  42.745961 -073.797901 xxx 174.16    260    0.0000    0.0000   30 111111 01 0 0 0.25 0 0000.0000
10  42.746139 -073.797931 xxx  85.00     90    0.0000    0.0000   20 111111 01 0 0 0.25 0 0000.0000
10  42.745983 -073.797907 xxx  85.00     90    0.0000    0.0000   20 111111 01 0 0 0.25 0 0000.0000
10  42.745816 -073.797886 xxx  85.00     90    0.0000    0.0000   20 111111 01 0 0 0.25 0 0000.0000
10  42.745636 -073.797863 xxx  85.00     90    0.0000    0.0000   20 111111 01 0 0 0.25 0 0000.0000
10  42.745619 -073.797853 xxx  38.85     30    0.0000    0.0000   30 111111 01 0 0 0.25 0 0000.0000
10  42.746405 -073.796927 xxx 239.92    100    0.0000    0.0000   40 111111 01 0 0 0.25 0 0000.0000
10  42.746368 -073.797143 xxx 104.86     30    0.0000    0.0000   15 111111 01 0 0 0.25 0 0000.0000
10  42.746376 -073.797216 xxx  93.77     30    0.0000    0.0000   15 111111 01 0 0 0.25 0 0000.0000
10  42.746348 -073.797079 xxx 129.92     30    0.0000    0.0000   15 111111 01 0 0 0.25 0 0000.0000
10  42.746517 -073.796773 xxx 185.25     30    0.0000    0.0000   15 111111 01 0 0 0.25 0 0000.0000
10  42.746474 -073.796775 xxx 172.55     30    0.0000    0.0000   15 111111 01 0 0 0.25 0 0000.0000
10  42.746557 -073.796751 xxx 202.06     30    0.0000    0.0000   15 111111 01 0 0 0.25 0 0000.0000
10  42.746581 -073.796718 xxx 223.22     30    0.0000    0.0000   15 111111 01 0 0 0.25 0 0000.0000
10  42.746608 -073.796650 xxx 253.14     30    0.0000    0.0000   15 111111 01 0 0 0.25 0 0000.0000
10  42.746613 -073.796553 xxx 272.27     30    0.0000    0.0000   15 111111 01 0 0 0.25 0 0000.0000
10  42.746636 -073.796647 xxx 253.14     30    0.0000    0.0000   15 111111 01 0 0 0.25 0 0000.0000
10  42.747104 -073.796517 xxx 298.77     40    0.0000    0.0000   30 111111 01 0 0 0.25 0 0000.0000
10  42.747045 -073.796489 xxx 342.45     25    0.0000    0.0000   15 111111 01 0 0 0.25 0 0000.0000
10  42.747160 -073.796534 xxx 342.45     25    0.0000    0.0000   15 111111 01 0 0 0.25 0 0000.0000
10  42.747120 -073.796449 xxx 256.58     25    0.0000    0.0000   15 111111 01 0 0 0.25 0 0000.0000
10  42.747083 -073.796583 xxx 256.58     25    0.0000    0.0000   15 111111 01 0 0 0.25 0 0000.0000
10  42.748933 -073.785701 xxx 217.69    100    0.0000    0.0000   50 111111 01 0 0 0.25 0 0000.0000
10  42.748820 -073.785829 xxx 236.31    100    0.0000    0.0000   50 111111 01 0 0 0.25 0 0000.0000
10  42.748744 -073.786044 xxx 257.45    100    0.0000    0.0000   50 111111 01 0 0 0.25 0 0000.0000
10  42.748302 -073.788085 xxx 342.16    200    0.0000    0.0000   50 111111 01 0 0 0.25 0 0000.0000
10  42.749057 -073.785597 xxx  17.72    100    0.0000    0.0000   50 111111 01 0 0 0.25 0 0000.0000
10  42.749405 -073.785474 xxx 358.07    150    0.0000    0.0000   90 161161 01 0 0 0.25 0 0000.0000
10  42.749063 -073.785486 xxx  11.46    120    0.0000    0.0000   75 111111 01 0 0 0.25 0 0000.0000
10  42.748825 -073.785607 xxx 211.74    100    0.0000    0.0000   75 111111 01 0 0 0.25 0 0000.0000
10  42.748692 -073.785822 xxx 246.62    100    0.0000    0.0000   75 111111 01 0 0 0.25 0 0000.0000
10  42.748608 -073.786022 xxx 264.83     50    0.0000    0.0000   50 111111 01 0 0 0.25 0 0000.0000
10  42.748315 -073.787267 xxx 194.46    200    0.0000    0.0000   50 111111 01 0 0 0.25 0 0000.0000
10  42.748266 -073.787674 xxx 358.19    175    0.0000    0.0000  210 111111 01 0 0 0.25 0 0000.0000
10  42.747974 -073.787974 xxx 328.05     50    0.0000    0.0000   20 111111 01 0 0 0.25 0 0000.0000
10  42.747900 -073.787853 xxx 294.66     50    0.0000    0.0000   20 111111 01 0 0 0.25 0 0000.0000
10  42.747987 -073.787357 xxx 213.02     50    0.0000    0.0000   20 111111 01 0 0 0.25 0 0000.0000
10  42.747878 -073.787668 xxx 267.11     65    0.0000    0.0000   20 111111 01 0 0 0.25 0 0000.0000
10  42.747910 -073.787476 xxx 245.05     50    0.0000    0.0000   20 111111 01 0 0 0.25 0 0000.0000
10  42.747981 -073.787671 xxx 267.11    100    0.0000    0.0000   75 111111 01 0 0 0.25 0 0000.0000
10  42.747983 -073.787873 xxx 267.11     50    0.0000    0.0000   50 111111 01 0 0 0.25 0 0000.0000
10  42.748011 -073.787458 xxx 267.11     50    0.0000    0.0000   50 111111 01 0 0 0.25 0 0000.0000
10  42.748484 -073.788292 xxx 294.66     50    0.0000    0.0000   20 111111 01 0 0 0.25 0 0000.0000
10  42.748512 -073.787074 xxx 245.05     50    0.0000    0.0000   20 111111 01 0 0 0.25 0 0000.0000
10  42.748450 -073.787140 xxx 213.02     50    0.0000    0.0000   20 111111 01 0 0 0.25 0 0000.0000
10  42.748417 -073.788220 xxx 328.05     50    0.0000    0.0000   20 111111 01 0 0 0.25 0 0000.0000
10  42.749098 -073.789913 xxx 357.88    300    0.0000    0.0000   90 161161 01 0 0 0.25 0 0000.0000
10  42.749361 -073.790073 xxx 337.70    100    0.0000    0.0000   50 111111 01 0 0 0.25 0 0000.0000
10  42.748849 -073.789755 xxx 337.70    100    0.0000    0.0000   50 111111 01 0 0 0.25 0 0000.0000
10  42.748753 -073.789652 xxx 309.53    100    0.0000    0.0000   50 111111 01 0 0 0.25 0 0000.0000
10  42.748670 -073.789381 xxx 279.83    100    0.0000    0.0000   50 111111 01 0 0 0.25 0 0000.0000
10  42.749451 -073.790191 xxx 311.07    100    0.0000    0.0000   50 111111 01 0 0 0.25 0 0000.0000
10  42.749506 -073.790358 xxx 288.62    100    0.0000    0.0000   50 111111 01 0 0 0.25 0 0000.0000
10  42.748850 -073.790035 xxx 196.67    100    0.0000    0.0000   50 111111 01 0 0 0.25 0 0000.0000
10  42.749376 -073.789781 xxx 196.67    100    0.0000    0.0000   50 111111 01 0 0 0.25 0 0000.0000
10  42.749474 -073.789665 xxx  41.44    100    0.0000    0.0000   50 111111 01 0 0 0.25 0 0000.0000
10  42.748736 -073.790139 xxx  42.81    100    0.0000    0.0000   50 111111 01 0 0 0.25 0 0000.0000
10  42.748659 -073.790375 xxx  71.93    100    0.0000    0.0000   50 111111 01 0 0 0.25 0 0000.0000
10  42.749536 -073.789484 xxx  71.93    100    0.0000    0.0000   50 111111 01 0 0 0.25 0 0000.0000
10  42.748965 -073.795435 xxx 357.88    300    0.0000    0.0000   90 161161 01 0 0 0.25 0 0000.0000
10  42.749223 -073.795591 xxx 337.70    100    0.0000    0.0000   50 111111 01 0 0 0.25 0 0000.0000
10  42.748716 -073.795279 xxx 337.70    100    0.0000    0.0000   50 111111 01 0 0 0.25 0 0000.0000
10  42.748620 -073.795171 xxx 309.53    100    0.0000    0.0000   50 111111 01 0 0 0.25 0 0000.0000
10  42.748541 -073.794902 xxx 279.83    100    0.0000    0.0000   50 111111 01 0 0 0.25 0 0000.0000
10  42.749314 -073.795712 xxx 311.07    100    0.0000    0.0000   50 111111 01 0 0 0.25 0 0000.0000
10  42.749368 -073.795879 xxx 288.62    100    0.0000    0.0000   50 111111 01 0 0 0.25 0 0000.0000
10  42.748719 -073.795556 xxx 196.67    100    0.0000    0.0000   50 111111 01 0 0 0.25 0 0000.0000
10  42.749239 -073.795301 xxx 196.67    100    0.0000    0.0000   50 111111 01 0 0 0.25 0 0000.0000
10  42.749337 -073.795183 xxx  41.44    100    0.0000    0.0000   50 111111 01 0 0 0.25 0 0000.0000
10  42.748606 -073.795661 xxx  42.81    100    0.0000    0.0000   50 111111 01 0 0 0.25 0 0000.0000
10  42.749402 -073.795001 xxx  71.93    100    0.0000    0.0000   50 111111 01 0 0 0.25 0 0000.0000
10  42.748826 -073.801448 xxx  45.00    500    0.0000    0.0000   80 161161 01 0 0 0.25 0 0000.0000
10  42.748946 -073.806416 xxx 337.70    100    0.0000    0.0000   50 111111 01 0 0 0.25 0 0000.0000
10  42.748504 -073.804510 xxx 337.70    100    0.0000    0.0000   50 111111 01 0 0 0.25 0 0000.0000
10  42.748407 -073.804402 xxx 309.53    100    0.0000    0.0000   50 111111 01 0 0 0.25 0 0000.0000
10  42.748329 -073.804133 xxx 279.83    100    0.0000    0.0000   50 111111 01 0 0 0.25 0 0000.0000
10  42.749038 -073.806537 xxx 311.07    100    0.0000    0.0000   50 111111 01 0 0 0.25 0 0000.0000
10  42.749092 -073.806704 xxx 288.62    100    0.0000    0.0000   50 111111 01 0 0 0.25 0 0000.0000
10  42.749676 -073.806409 xxx 196.67    100    0.0000    0.0000   50 111111 01 0 0 0.25 0 0000.0000
10  42.748962 -073.806126 xxx 196.67    100    0.0000    0.0000   50 111111 01 0 0 0.25 0 0000.0000
10  42.749061 -073.806008 xxx  41.44    100    0.0000    0.0000   50 111111 01 0 0 0.25 0 0000.0000
10  42.749570 -073.806495 xxx  42.81    100    0.0000    0.0000   50 111111 01 0 0 0.25 0 0000.0000
10  42.749126 -073.805826 xxx  71.93    100    0.0000    0.0000   50 111111 01 0 0 0.25 0 0000.0000
10  42.749481 -073.806664 xxx  62.59    100    0.0000    0.0000   50 111111 01 0 0 0.25 0 0000.0000
10  42.749612 -073.806179 xxx 162.10    100    0.0000    0.0000   50 111111 01 0 0 0.25 0 0000.0000
10  42.749561 -073.806107 xxx 320.03    100    0.0000    0.0000   50 111111 01 0 0 0.25 0 0000.0000
10  42.749488 -073.805917 xxx 289.78    100    0.0000    0.0000   50 111111 01 0 0 0.25 0 0000.0000
10  42.749163 -073.801320 xxx 320.03    100    0.0000    0.0000   50 111111 01 0 0 0.25 0 0000.0000
10  42.748534 -073.801728 xxx 180.06    100    0.0000    0.0000   50 111111 01 0 0 0.25 0 0000.0000
10  42.749033 -073.801309 xxx 180.06    100    0.0000    0.0000   50 111111 01 0 0 0.25 0 0000.0000
10  42.748599 -073.801671 xxx 208.00    100    0.0000    0.0000   50 111111 01 0 0 0.25 0 0000.0000
10  42.748915 -073.801414 xxx 211.95    100    0.0000    0.0000   50 111111 01 0 0 0.25 0 0000.0000
10  42.749246 -073.801411 xxx 102.28    200    0.0000    0.0000   50 111111 01 0 0 0.25 0 0000.0000
10  42.748392 -073.801662 xxx 136.63    100    0.0000    0.0000   50 111111 01 0 0 0.25 0 0000.0000
10  42.749156 -073.800739 xxx  63.52    200    0.0000    0.0000   50 111111 01 0 0 0.25 0 0000.0000
10  42.749247 -073.800334 xxx  74.98    100    0.0000    0.0000   30 111111 01 0 0 0.25 0 0000.0000
10  42.748996 -073.801032 xxx  57.55    100    0.0000    0.0000   30 111111 01 0 0 0.25 0 0000.0000
10  42.748168 -073.804159 xxx 251.09    100    0.0000    0.0000   50 111111 01 0 0 0.25 0 0000.0000
10  42.748078 -073.804415 xxx 227.71    100    0.0000    0.0000   50 111111 01 0 0 0.25 0 0000.0000
10  42.747959 -073.804493 xxx  17.72    100    0.0000    0.0000   50 111111 01 0 0 0.25 0 0000.0000
10  42.748439 -073.806396 xxx  17.72    100    0.0000    0.0000   50 111111 01 0 0 0.25 0 0000.0000
10  42.748384 -073.806470 xxx 217.69    100    0.0000    0.0000   50 111111 01 0 0 0.25 0 0000.0000
10  42.748312 -073.806603 xxx 236.31    100    0.0000    0.0000   50 111111 01 0 0 0.25 0 0000.0000
10  42.748268 -073.806789 xxx 257.45    100    0.0000    0.0000   50 111111 01 0 0 0.25 0 0000.0000
10  42.748654 -073.808512 xxx  19.06    350    0.0000    0.0000   80 161161 01 0 0 0.25 0 0000.0000
10  42.749100 -073.807916 xxx 257.45    100    0.0000    0.0000   50 111111 01 0 0 0.25 0 0000.0000
10  42.748223 -073.808989 xxx 257.45    100    0.0000    0.0000   50 111111 01 0 0 0.25 0 0000.0000
10  42.748318 -073.808789 xxx 232.97    100    0.0000    0.0000   50 111111 01 0 0 0.25 0 0000.0000
10  42.748998 -073.808195 xxx 229.34    100    0.0000    0.0000   50 111111 01 0 0 0.25 0 0000.0000
10  42.748902 -073.808303 xxx 214.98    100    0.0000    0.0000   50 111111 01 0 0 0.25 0 0000.0000
10  42.748497 -073.808479 xxx   6.41    100    0.0000    0.0000   50 111111 01 0 0 0.25 0 0000.0000
10  42.748392 -073.808435 xxx 346.75    100    0.0000    0.0000   50 111111 01 0 0 0.25 0 0000.0000
10  42.748328 -073.808343 xxx 139.47    100    0.0000    0.0000   50 111111 01 0 0 0.25 0 0000.0000
10  42.749087 -073.808511 xxx 139.47    100    0.0000    0.0000   50 111111 01 0 0 0.25 0 0000.0000
10  42.748268 -073.808193 xxx 116.13    100    0.0000    0.0000   50 111111 01 0 0 0.25 0 0000.0000
10  42.749524 -073.808208 xxx 139.47    100    0.0000    0.0000   50 111111 01 0 0 0.25 0 0000.0000
10  42.749464 -073.808057 xxx 116.13    100    0.0000    0.0000   50 111111 01 0 0 0.25 0 0000.0000
10  42.749858 -073.808489 xxx 334.73    340    0.0000    0.0000   55 161161 01 0 0 0.25 0 0000.0000
10  42.751084 -073.809800 xxx  88.00    600    0.0000    0.0000  178 111111 01 0 0 0.25 0 0000.0000
10  42.750567 -073.808763 xxx 178.00    230    0.0000    0.0000   55 161161 01 0 0 0.25 0 0000.0000
10  42.750399 -073.807587 xxx 269.00    585    0.0000    0.0000   55 161161 01 0 0 0.25 0 0000.0000
10  42.749579 -073.808401 xxx 353.04    100    0.0000    0.0000   25 111111 01 0 0 0.25 0 0000.0000
10  42.749476 -073.808385 xxx  34.69    100    0.0000    0.0000   50 111111 01 0 0 0.25 0 0000.0000
10  42.750518 -073.808665 xxx 334.43     50    0.0000    0.0000   25 111111 01 0 0 0.25 0 0000.0000
10  42.750810 -073.808869 xxx 334.43     50    0.0000    0.0000   25 111111 01 0 0 0.25 0 0000.0000
10  42.750479 -073.808585 xxx 304.14     50    0.0000    0.0000   25 111111 01 0 0 0.25 0 0000.0000
10  42.750843 -073.808923 xxx 304.14     50    0.0000    0.0000   25 111111 01 0 0 0.25 0 0000.0000
10  42.750446 -073.808452 xxx 282.79     50    0.0000    0.0000   25 111111 01 0 0 0.25 0 0000.0000
10  42.749350 -073.808484 xxx 282.79     50    0.0000    0.0000   25 111111 01 0 0 0.25 0 0000.0000
10  42.750317 -073.808518 xxx 246.95     50    0.0000    0.0000   25 111111 01 0 0 0.25 0 0000.0000
10  42.750250 -073.808618 xxx  13.16     50    0.0000    0.0000   25 111111 01 0 0 0.25 0 0000.0000
10  42.750878 -073.809021 xxx 282.79     50    0.0000    0.0000   25 111111 01 0 0 0.25 0 0000.0000
10  42.749432 -073.808523 xxx 246.95     50    0.0000    0.0000   25 111111 01 0 0 0.25 0 0000.0000
10  42.751698 -073.807460 xxx 178.40    350    0.0000    0.0000  120 111111 01 0 0 0.25 0 0000.0000
10  42.748285 -073.808505 xxx 246.95     50    0.0000    0.0000   25 111111 01 0 0 0.25 0 0000.0000
10  42.754405 -073.808104 xxx 226.00    300    0.0000    0.0000   50 111111 01 0 0 0.25 0 0000.0000
10  42.753593 -073.807504 xxx 358.41    600    0.0000    0.0000  150 111111 01 0 0 0.25 0 0000.0000
10  42.754360 -073.806985 xxx  88.25    175    0.0000    0.0000   50 161161 01 0 0 0.25 0 0000.0000
10  42.751789 -073.806890 xxx 268.27    191    0.0000    0.0000   50 111111 01 0 0 0.25 0 0000.0000
10  42.754610 -073.808804 xxx 136.00    320    0.0000    0.0000  135 111111 01 0 0 0.25 0 0000.0000
10  42.754214 -073.808070 xxx  88.63    200    0.0000    0.0000  100 111111 01 0 0 0.25 0 0000.0000
10  42.754374 -073.807752 xxx 226.00    180    0.0000    0.0000  100 111111 01 0 0 0.25 0 0000.0000
10  42.753273 -073.806934 xxx  88.25    175    0.0000    0.0000   50 161161 01 0 0 0.25 0 0000.0000
10  42.754931 -073.807438 xxx 316.07     75    0.0000    0.0000   75 111111 02 0 0 0.25 0 0000.0000
10  42.754929 -073.807433 xxx  90.91     75    0.0000    0.0000   75 111111 02 0 0 0.25 0 0000.0000
10  42.754931 -073.807436 xxx  22.50     75    0.0000    0.0000   75 111111 02 0 0 0.25 0 0000.0000
10  42.754931 -073.807438 xxx 157.50     75    0.0000    0.0000   75 111111 02 0 0 0.25 0 0000.0000
10  42.754491 -073.806662 xxx  21.86     50    0.0000    0.0000   25 111111 01 0 0 0.25 0 0000.0000
10  42.754234 -073.807259 xxx  21.86     50    0.0000    0.0000   25 111111 01 0 0 0.25 0 0000.0000
10  42.754277 -073.807174 xxx  55.36     50    0.0000    0.0000   25 111111 01 0 0 0.25 0 0000.0000
10  42.754444 -073.806753 xxx  55.36     50    0.0000    0.0000   25 111111 01 0 0 0.25 0 0000.0000
10  42.754304 -073.807072 xxx  71.46     50    0.0000    0.0000   25 111111 01 0 0 0.25 0 0000.0000
10  42.754416 -073.806852 xxx  71.46     50    0.0000    0.0000   25 111111 01 0 0 0.25 0 0000.0000
10  42.754307 -073.806742 xxx 107.31     50    0.0000    0.0000   25 111111 01 0 0 0.25 0 0000.0000
10  42.754266 -073.806704 xxx 132.26     50    0.0000    0.0000   25 111111 01 0 0 0.25 0 0000.0000
10  42.754197 -073.806643 xxx 149.44     50    0.0000    0.0000   25 111111 01 0 0 0.25 0 0000.0000
10  42.750347 -073.806575 xxx 107.31     50    0.0000    0.0000   25 111111 01 0 0 0.25 0 0000.0000
10  42.750306 -073.806537 xxx 132.26     50    0.0000    0.0000   25 111111 01 0 0 0.25 0 0000.0000
10  42.750237 -073.806476 xxx 149.44     50    0.0000    0.0000   25 111111 01 0 0 0.25 0 0000.0000
10  42.750472 -073.806616 xxx  75.65     50    0.0000    0.0000   25 111111 01 0 0 0.25 0 0000.0000
10  42.750517 -073.806539 xxx  45.40     50    0.0000    0.0000   25 111111 01 0 0 0.25 0 0000.0000
10  42.750601 -073.806493 xxx  15.62     50    0.0000    0.0000   25 111111 01 0 0 0.25 0 0000.0000
10  42.749148 -073.812300 xxx 358.05    150    0.0000    0.0000  100 111111 01 0 0 0.25 0 0000.0000
10  42.746896 -073.806994 xxx 357.95    850    0.0000    0.0000  140 111111 01 0 0 0.25 0 0000.0000
10  42.746707 -073.808401 xxx  34.43    675    0.0000    0.0000  530 111111 02 0 0 0.25 0 0000.0000
10  42.747079 -073.809473 xxx  34.43    566    0.0000    0.0000  100 111111 02 0 0 0.25 0 0000.0000
10  42.746993 -073.810171 xxx  34.43    300    0.0000    0.0000  175 111111 02 0 0 0.25 0 0000.0000
10  42.747023 -073.810684 xxx  88.00    310    0.0000    0.0000  310 111111 02 0 0 0.25 0 0000.0000
10  42.747127 -073.811746 xxx  88.00    270    0.0000    0.0000  100 111111 02 0 0 0.25 0 0000.0000
10  42.747262 -073.809619 xxx  88.23   1300    0.0000    0.0000  700 111111 01 0 0 0.25 0 0000.0000
10  42.745349 -073.808136 xxx 358.30    315    0.0000    0.0000  190 111111 02 0 0 0.25 0 0000.0000
10  42.744741 -073.807993 xxx 358.30    760    0.0000    0.0000  125 111111 02 0 0 0.25 0 0000.0000
10  42.747086 -073.812265 xxx 188.00    585    0.0000    0.0000  230 111111 01 0 0 0.25 0 0000.0000
10  42.746335 -073.811689 xxx 101.35    600    0.0000    0.0000  125 111111 01 0 0 0.25 0 0000.0000
10  42.744436 -073.807433 xxx  88.54    175    0.0000    0.0000  120 111111 02 0 0 0.25 0 0000.0000
10  42.745676 -073.809388 xxx 304.20    900    0.0000    0.0000  250 111111 01 0 0 0.25 0 0000.0000
10  42.744862 -073.807236 xxx 358.30   1100    0.0000    0.0000  550 111111 01 0 0 0.25 0 0000.0000
10  42.741113 -073.806834 xxx 358.30   1700    0.0000    0.0000  250 111111 01 0 0 0.25 0 0000.0000
10  42.739315 -073.807463 xxx 358.30    400    0.0000    0.0000  130 111111 01 0 0 0.25 0 0000.0000
10  42.738312 -073.807047 xxx 168.00    400    0.0000    0.0000  161 111111 04 0 0 0.25 0 0000.0000
10  42.738314 -073.806554 xxx 358.30    355    0.0000    0.0000  161 111111 01 0 0 0.25 0 0000.0000
10  42.738273 -073.807435 xxx 358.30    400    0.0000    0.0000  120 111111 04 0 0 0.25 0 0000.0000
10  42.738891 -073.806175 xxx 268.38     75    0.0000    0.0000   50 161161 01 0 0 0.25 0 0000.0000
10  42.740022 -073.806211 xxx 268.38     75    0.0000    0.0000  100 161161 01 0 0 0.25 0 0000.0000
10  42.741878 -073.806292 xxx 268.38     75    0.0000    0.0000  100 161161 01 0 0 0.25 0 0000.0000
10  42.743094 -073.806336 xxx 268.38     75    0.0000    0.0000  120 161161 01 0 0 0.25 0 0000.0000
10  42.743256 -073.806455 xxx 316.66     50    0.0000    0.0000   25 111111 01 0 0 0.25 0 0000.0000
10  42.742917 -073.806187 xxx 316.66     50    0.0000    0.0000   25 111111 01 0 0 0.25 0 0000.0000
10  42.742918 -073.806439 xxx 219.97     50    0.0000    0.0000   25 111111 01 0 0 0.25 0 0000.0000
10  42.743257 -073.806214 xxx 219.97     50    0.0000    0.0000   25 111111 01 0 0 0.25 0 0000.0000
10  42.741723 -073.806142 xxx 316.66     50    0.0000    0.0000   25 111111 01 0 0 0.25 0 0000.0000
10  42.741724 -073.806394 xxx 219.97     50    0.0000    0.0000   25 111111 01 0 0 0.25 0 0000.0000
10  42.739886 -073.806096 xxx 316.66     50    0.0000    0.0000   25 111111 01 0 0 0.25 0 0000.0000
10  42.739887 -073.806348 xxx 219.97     50    0.0000    0.0000   25 111111 01 0 0 0.25 0 0000.0000
10  42.738805 -073.806053 xxx 316.66     50    0.0000    0.0000   25 111111 01 0 0 0.25 0 0000.0000
10  42.738806 -073.806306 xxx 219.97     50    0.0000    0.0000   25 111111 01 0 0 0.25 0 0000.0000
10  42.742026 -073.806409 xxx 316.66     50    0.0000    0.0000   25 111111 01 0 0 0.25 0 0000.0000
10  42.742027 -073.806168 xxx 219.97     50    0.0000    0.0000   25 111111 01 0 0 0.25 0 0000.0000
10  42.740170 -073.806329 xxx 316.66     50    0.0000    0.0000   25 111111 01 0 0 0.25 0 0000.0000
10  42.740171 -073.806088 xxx 219.97     50    0.0000    0.0000   25 111111 01 0 0 0.25 0 0000.0000
10  42.738959 -073.806281 xxx 316.66     50    0.0000    0.0000   25 111111 01 0 0 0.25 0 0000.0000
10  42.738959 -073.806039 xxx 219.97     50    0.0000    0.0000   25 111111 01 0 0 0.25 0 0000.0000
10  42.747885 -073.806369 xxx 337.70    100    0.0000    0.0000   50 111111 01 0 0 0.25 0 0000.0000
10  42.748031 -073.806495 xxx 312.31    100    0.0000    0.0000   50 111111 01 0 0 0.25 0 0000.0000
10  42.748039 -073.806645 xxx 270.67     50    0.0000    0.0000   25 111111 01 0 0 0.25 0 0000.0000
10  42.748052 -073.806776 xxx 240.35     50    0.0000    0.0000   50 111111 01 0 0 0.25 0 0000.0000
10  42.747950 -073.806814 xxx 196.92     50    0.0000    0.0000   25 111111 01 0 0 0.25 0 0000.0000
10  42.746460 -073.806743 xxx 348.41     50    0.0000    0.0000   25 111111 01 0 0 0.25 0 0000.0000
10  42.746518 -073.806318 xxx  12.90     50    0.0000    0.0000   25 111111 01 0 0 0.25 0 0000.0000
10  42.746404 -073.806684 xxx 318.98     50    0.0000    0.0000   25 111111 01 0 0 0.25 0 0000.0000
10  42.746382 -073.806580 xxx 276.74     50    0.0000    0.0000   25 111111 01 0 0 0.25 0 0000.0000
10  42.746390 -073.806464 xxx 257.14     50    0.0000    0.0000   25 111111 01 0 0 0.25 0 0000.0000
10  42.746433 -073.806375 xxx 226.14     50    0.0000    0.0000   25 111111 01 0 0 0.25 0 0000.0000
14  42.752683 -073.799953 120.00 1 Tower Viewpoint
15  42.758643 -073.801888 270.00 Freight Terminal
15  42.739639 -073.807414  90.00 General Aviation Parking
15  42.742880 -073.807078   0.00 Customs Ramp
15  42.742208 -073.800626   0.00 NY ARNG Ramp
15  42.746815 -073.809052  34.43 Terminal Apron
15  42.746938 -073.796131 -45.00 Hanger A/B/C
18  42.747277 -073.803254 4 BCN
19  42.736738 -073.805075 1 WS
19  42.748633 -073.811232 1 WS
19  42.759849 -073.802882 1 WS
19  42.749233 -073.784717 1 WS
50 12045 ATIS
51 12295 UNICOM
52 12750 CLNC DEL
53 12170 GND
54 11950 TWR
55 11805 APP/DEP
55 12500 APP/DEP
