1     607 1 1 KDFW Dallas Fort Worth Intl
10  32.897293 -097.026071 17C 180.27 13427 0000.0000 0000.0000   150 345345  2 0 3 0.25 1 0300.0300
10  32.897308 -097.029982 17R 180.26 13426 0000.0000 0000.0000   200 342342  2 0 3 0.25 1 0300.0300
10  32.897400 -097.054738 18R 180.25 13426 0000.0000 0000.0000   150 345342  2 0 3 0.25 1 0300.0300
10  32.897386 -097.050831 18L 180.25 13426 0000.0000 0000.0000   200 342342  2 0 3 0.25 1 0300.0300
10  32.899922 -097.073204 13R 139.19  9299 0000.0000 0000.0000   150 342341  2 0 3 0.25 1 0300.0300
10  32.903769 -097.011161 13L 135.41  8996 0625.0000 0000.0000   200 331332  2 0 3 0.25 1 0300.0300
10  32.886639 -097.009843 17L 180.27  8516 0000.0000 0000.0000   150 345345  2 0 3 0.25 1 0300.0300
10  32.908775 -097.041359 xxx  90.26 11660 0.0 0.0   100 161161  2 0 0 0.25 0 
10  32.894566 -097.028000 xxx 180.26 11388 0.0 0.0   100 161161  2 0 0 0.25 0 
10  32.894531 -097.022087 xxx 180.26 11387 0.0 0.0   100 161161  2 0 0 0.25 0 
10  32.898846 -097.069611 xxx 139.18 11320 0.0 0.0   100 161161  2 0 0 0.25 0 
10  32.910077 -097.040230 xxx  90.26 11298 0.0 0.0   100 161161  2 0 0 0.25 0 
10  32.894066 -097.057846 xxx 180.24 10956 0.0 0.0   100 161161  2 0 0 0.25 0 
10  32.900200 -097.052734 xxx 180.24 10671 0.0 0.0   100 161161  2 0 0 0.25 0 
10  32.885677 -097.037941 xxx  90.25  9600 0.0 0.0   100 161161  2 0 0 0.25 0 
10  32.886894 -097.037926 xxx  90.25  9600 0.0 0.0   100 161161  2 0 0 0.25 0 
10  32.898197 -097.048096 xxx 180.24  9050 0.0 0.0   100 161161  2 0 0 0.25 0 
10  32.898212 -097.049149 xxx 180.24  9050 0.0 0.0   100 161161  2 0 0 0.25 0 
10  32.902729 -097.012413 xxx 135.41  9000 0.0 0.0   100 161161  2 0 0 0.25 0 
10  32.897835 -097.032684 xxx 180.26  8800 0.0 0.0   100 161161  2 0 0 0.25 0 
10  32.897831 -097.031685 xxx 180.26  8800 0.0 0.0   100 161161  2 0 0 0.25 0 
10  32.894379 -097.023705 xxx  90.00  8500 0.0 0.0   100 161161  2 0 0 0.25 0 
10  32.886623 -097.011795 xxx 180.27  8500 0.0 0.0   100 161161  2 0 0 0.25 0 
10  32.879036 -097.020821 xxx  90.26  5550 0.0 0.0   100 161161  2 0 0 0.25 0 
10  32.901249 -097.030273 xxx  90.00  5000 0.0 0.0   120 161161  2 0 0 0.25 0 
10  32.904706 -097.025102 xxx  90.00  5284 0.0 0.0   100 161161  2 0 0 0.25 0 
10  32.901295 -097.051758 xxx  90.25  4200 0.0 0.0   100 161161  2 0 0 0.25 0 
10  32.891949 -097.061066 xxx 139.19  3946 0.0 0.0   100 161161  2 0 0 0.25 0 
10  32.891061 -097.053549 xxx  90.25  4022 0.0 0.0   100 161161  2 0 0 0.25 0 
10  32.914855 -097.018651 xxx 135.51  3825 0.0 0.0  1697 111111  2 0 0 0.25 0 
10  32.894352 -097.052256 xxx  90.25  3494 0.0 0.0   100 161161  2 0 0 0.25 0 
10  32.882160 -097.033169 xxx 180.26  2410 0.0 0.0   750 161161  2 0 0 0.25 0 
10  32.882478 -097.047815 xxx 180.24  2400 0.0 0.0   986 161161  2 0 0 0.25 0 
10  32.911866 -097.061690 xxx 180.25  3087 0.0 0.0  1925 161161  2 0 0 0.25 0 
10  32.901283 -097.013947 xxx 148.00  2760 0.0 0.0   100 161161  2 0 0 0.25 0 
10  32.912945 -097.032879 xxx 180.26  2035 0.0 0.0   750 161161  2 0 0 0.25 0 
10  32.906441 -097.018654 xxx 135.00  2280 0.0 0.0   100 161161  2 0 0 0.25 0 
10  32.879181 -097.054535 xxx  90.00  2179 0.0 0.0   100 161161  2 0 0 0.25 0 
10  32.911915 -097.022003 xxx  45.00  2070 0.0 0.0   100 161161  2 0 0 0.25 0 
10  32.912621 -097.035744 xxx  90.00   812 0.0 0.0  1353 111111  2 0 0 0.25 0 
10  32.902458 -097.015007 xxx 145.00  2000 0.0 0.0   100 161161  2 0 0 0.25 0 
10  32.908077 -097.018761 xxx 105.00  2000 0.0 0.0   100 161161  2 0 0 0.25 0 
10  32.911499 -097.057701 xxx 180.24  1866 0.0 0.0   140 161161  2 0 0 0.25 0 
10  32.904713 -097.049507 xxx  90.00  1900 0.0 0.0   100 161161  2 0 0 0.25 0 
10  32.904072 -097.013763 xxx 105.00  1800 0.0 0.0   100 161161  2 0 0 0.25 0 
10  32.886758 -097.019323 xxx  90.00  1552 0.0 0.0   977 111111  2 0 0 0.25 0 
10  32.895370 -097.066589 xxx 108.00  1760 0.0 0.0   120 161161  2 0 0 0.25 0 
10  32.897926 -097.050064 xxx  90.00  1647 0.0 0.0   100 161161  2 0 0 0.25 0 
10  32.911400 -097.020454 xxx  45.00  1560 0.0 0.0   100 161161  2 0 0 0.25 0 
10  32.888236 -097.037201 xxx  90.00  1366 0.0 0.0   884 111111  2 0 0 0.25 0 
10  32.892953 -097.037718 xxx  90.00  1130 0.0 0.0  1044 111111  2 0 0 0.25 0 
10  32.897778 -097.030991 xxx  90.00  1938 0.0 0.0   100 161161  2 0 0 0.25 0 
10  32.890987 -097.030991 xxx  90.00  1866 0.0 0.0   100 161161  2 0 0 0.25 0 
10  32.915173 -097.052750 xxx  90.00  1043 0.0 0.0   427 161161  2 0 0 0.25 0 
10  32.888397 -097.034821 xxx  90.00   800 0.0 0.0   650 111111  2 0 0 0.25 0 
10  32.903435 -097.053726 xxx  30.00  1280 0.0 0.0   120 161161  2 0 0 0.25 0 
10  32.886181 -097.035011 xxx 180.26  1200 0.0 0.0   150 161161  2 0 0 0.25 0 
10  32.892296 -097.027039 xxx  30.00  1200 0.0 0.0   120 161161  2 0 0 0.25 0 
10  32.891949 -097.010780 xxx 150.00  1200 0.0 0.0   120 161161  2 0 0 0.25 0 
10  32.885750 -097.010864 xxx  30.00  1170 0.0 0.0   120 161161  2 0 0 0.25 0 
10  32.904373 -097.076546 xxx 168.80  1160 0.0 0.0   120 161161  2 0 0 0.25 0 
10  32.895844 -097.053757 xxx 150.00  1150 0.0 0.0   120 161161  2 0 0 0.25 0 
10  32.892872 -097.053833 xxx  30.00  1150 0.0 0.0   120 161161  2 0 0 0.25 0 
10  32.888496 -097.010849 xxx 150.00  1150 0.0 0.0   120 161161  2 0 0 0.25 0 
10  32.892433 -097.053810 xxx 150.00  1150 0.0 0.0   120 161161  2 0 0 0.25 0 
10  32.877312 -097.010803 xxx  30.00  1150 0.0 0.0   120 161161  2 0 0 0.25 0 
10  32.899654 -097.053810 xxx  30.00  1150 0.0 0.0   120 161161  2 0 0 0.25 0 
10  32.892994 -097.027016 xxx 150.00  1150 0.0 0.0   120 161161  2 0 0 0.25 0 
10  32.888588 -097.053818 xxx 150.00  1140 0.0 0.0   120 161161  2 0 0 0.25 0 
10  32.880283 -097.010887 xxx  30.00  1150 0.0 0.0   100 161161  2 0 0 0.25 0 
10  32.895714 -097.027016 xxx  30.00  1100 0.0 0.0   120 161161  2 0 0 0.25 0 
10  32.899811 -097.026970 xxx 150.00  1100 0.0 0.0   120 161161  2 0 0 0.25 0 
10  32.903290 -097.026947 xxx 150.00  1100 0.0 0.0   120 161161  2 0 0 0.25 0 
10  32.895905 -097.030769 xxx  30.00  1100 0.0 0.0   120 161161  2 0 0 0.25 0 
10  32.888283 -097.027016 xxx  30.00  1100 0.0 0.0   110 161161  2 0 0 0.25 0 
10  32.896107 -097.010597 xxx 150.00  1050 0.0 0.0   150 161161  2 0 0 0.25 0 
10  32.904709 -097.047501 xxx   0.00   900 0.0 0.0   300 111111  2 0 0 0.25 0 
10  32.887054 -097.046219 xxx 180.24  1000 0.0 0.0   150 161161  2 0 0 0.25 0 
10  32.883115 -097.034995 xxx 180.26  1000 0.0 0.0   150 161161  2 0 0 0.25 0 
10  32.893005 -097.030869 xxx 150.00  1000 0.0 0.0   120 161161  2 0 0 0.25 0 
10  32.888374 -097.049988 xxx 150.00  1000 0.0 0.0   120 161161  2 0 0 0.25 0 
10  32.893074 -097.049965 xxx  30.00  1000 0.0 0.0   120 161161  2 0 0 0.25 0 
10  32.892384 -097.030869 xxx  30.00  1000 0.0 0.0   120 161161  2 0 0 0.25 0 
10  32.888168 -097.030861 xxx  30.00  1000 0.0 0.0   120 161161  2 0 0 0.25 0 
10  32.892281 -097.050003 xxx 150.00  1000 0.0 0.0   120 161161  2 0 0 0.25 0 
10  32.895786 -097.049950 xxx 150.00  1000 0.0 0.0   120 161161  2 0 0 0.25 0 
10  32.899834 -097.049950 xxx  30.00  1000 0.0 0.0   120 161161  2 0 0 0.25 0 
10  32.903454 -097.049927 xxx  30.00  1000 0.0 0.0   110 161161  2 0 0 0.25 0 
10  32.903522 -097.030846 xxx 150.00  1000 0.0 0.0   100 161161  2 0 0 0.25 0 
10  32.904171 -097.014954 xxx 100.00  1000 0.0 0.0   100 161161  2 0 0 0.25 0 
10  32.900028 -097.030846 xxx 150.00  1000 0.0 0.0   100 161161  2 0 0 0.25 0 
10  32.914803 -097.049828 xxx 180.25   700 0.0 0.0   385 161161  2 0 0 0.25 0 
10  32.888497 -097.045368 xxx 323.10   917 0.0 0.0   852 111111  2 0 0 0.25 0 
10  32.909372 -097.045939 xxx 179.70  1491 0.0 0.0   150 161161  2 0 0 0.25 0 
10  32.879631 -097.031136 xxx 360.00   504 0.0 0.0   450 111111  2 0 0 0.25 0 
10  32.891296 -097.062950 xxx  48.80   520 0.0 0.0   414 161161  2 0 0 0.25 0 
10  32.887173 -097.034607 xxx  45.00   635 0.0 0.0   295 161161  2 0 0 0.25 0 
10  32.889278 -097.047711 xxx  90.00   821 0.0 0.0   100 161161  2 0 0 0.25 0 
10  32.903606 -097.047783 xxx  90.00   800 0.0 0.0   100 161161  2 0 0 0.25 0 
10  32.905815 -097.047783 xxx  90.00   800 0.0 0.0   100 161161  2 0 0 0.25 0 
10  32.885414 -097.046661 xxx  45.00   620 0.0 0.0   280 161161  2 0 0 0.25 0 
10  32.875504 -097.010971 xxx  90.26   520 0.0 0.0   380 161161  2 0 0 0.25 0 
10  32.897778 -097.010780 xxx  90.00   520 0.0 0.0   380 161161  2 0 0 0.25 0 
10  32.889599 -097.054298 xxx 160.00   800 0.0 0.0   100 161161  2 0 0 0.25 0 
10  32.896191 -097.068817 xxx 120.00   800 0.0 0.0   100 161161  2 0 0 0.25 0 
10  32.914837 -097.030963 xxx 180.26   644 0.0 0.0   536 111111  2 0 0 0.25 0 
10  32.879696 -097.050079 xxx 180.24   500 0.0 0.0   370 111111  2 0 0 0.25 0 
10  32.909851 -097.034531 xxx 360.00   700 0.0 0.0   150 161161  2 0 0 0.25 0 
10  32.890057 -097.058105 xxx   0.00   700 0.0 0.0   130 111111  2 0 0 0.25 0 
10  32.909458 -097.049873 xxx  89.70   400 0.0 0.0   420 111111  2 0 0 0.25 0 
10  32.910095 -097.081985 xxx  48.80   677 0.0 0.0   140 161161  2 0 0 0.25 0 
10  32.890148 -097.058662 xxx 319.00   580 0.0 0.0   200 111111  2 0 0 0.25 0 
10  32.909393 -097.030838 xxx  90.00   400 0.0 0.0   370 111111  2 0 0 0.25 0 
10  32.890747 -097.058815 xxx  90.00   600 0.0 0.0   150 111111  2 0 0 0.25 0 
10  32.904690 -097.016533 xxx 120.00   540 0.0 0.0   200 161161  2 0 0 0.25 0 
10  32.897903 -097.005989 xxx  45.00   640 0.0 0.0   100 161161  2 0 0 0.25 0 
10  32.898945 -097.048027 xxx  90.00   600 0.0 0.0   100 161161  2 0 0 0.25 0 
10  32.878422 -097.010254 xxx  20.00   600 0.0 0.0   100 161161  2 0 0 0.25 0 
10  32.898281 -097.011986 xxx 160.00   600 0.0 0.0   100 161161  2 0 0 0.25 0 
10  32.903141 -097.076080 xxx 336.00   600 0.0 0.0   100 161161  2 0 0 0.25 0 
10  32.896698 -097.048080 xxx  90.00   600 0.0 0.0   100 161161  2 0 0 0.25 0 
10  32.904732 -097.031624 xxx  45.00   280 0.0 0.0   389 161161  2 0 0 0.25 0 
10  32.901249 -097.031677 xxx  45.00   280 0.0 0.0   369 161161  2 0 0 0.25 0 
10  32.894501 -097.001694 xxx  45.00   540 0.0 0.0   100 161161  2 0 0 0.25 0 
10  32.887287 -097.056702 xxx 160.00   531 0.0 0.0   100 161161  2 0 0 0.25 0 
10  32.898521 -097.070496 xxx  48.80   530 0.0 0.0   100 161161  2 0 0 0.25 0 
10  32.902088 -097.074272 xxx  48.80   530 0.0 0.0   100 161161  2 0 0 0.25 0 
10  32.890999 -097.056847 xxx 180.24   500 0.0 0.0   120 111111  2 0 0 0.25 0 
10  32.904701 -097.027901 xxx  45.00   280 0.0 0.0   339 161161  2 0 0 0.25 0 
10  32.901253 -097.027901 xxx  45.00   280 0.0 0.0   329 161161  2 0 0 0.25 0 
10  32.912220 -097.058510 xxx  90.00   503 0.0 0.0   100 161161  2 0 0 0.25 0 
10  32.904720 -097.050789 xxx  45.00   301 0.0 0.0   300 161161  2 0 0 0.25 0 
10  32.891003 -097.050842 xxx  45.00   301 0.0 0.0   300 161161  2 0 0 0.25 0 
10  32.886871 -097.030067 xxx 135.00   301 0.0 0.0   300 161161  2 0 0 0.25 0 
10  32.894371 -097.029984 xxx 135.00   301 0.0 0.0   300 161161  2 0 0 0.25 0 
10  32.885643 -097.030037 xxx 135.00   301 0.0 0.0   300 161161  2 0 0 0.25 0 
10  32.908836 -097.050842 xxx  45.00   301 0.0 0.0   300 161161  2 0 0 0.25 0 
10  32.897816 -097.029961 xxx  45.00   301 0.0 0.0   300 161161  2 0 0 0.25 0 
10  32.886929 -097.050903 xxx  45.00   301 0.0 0.0   300 161161  2 0 0 0.25 0 
10  32.910133 -097.050781 xxx  45.00   301 0.0 0.0   300 161161  2 0 0 0.25 0 
10  32.910023 -097.029938 xxx  45.00   301 0.0 0.0   300 161161  2 0 0 0.25 0 
10  32.908752 -097.029930 xxx  45.00   301 0.0 0.0   300 161161  2 0 0 0.25 0 
10  32.890987 -097.030014 xxx 135.00   301 0.0 0.0   300 161161  2 0 0 0.25 0 
10  32.901306 -097.050819 xxx  45.00   301 0.0 0.0   300 161161  2 0 0 0.25 0 
10  32.897923 -097.050858 xxx  45.00   301 0.0 0.0   300 161161  2 0 0 0.25 0 
10  32.901241 -097.029953 xxx  45.00   301 0.0 0.0   300 161161  2 0 0 0.25 0 
10  32.885731 -097.050903 xxx  45.00   301 0.0 0.0   300 161161  2 0 0 0.25 0 
10  32.904713 -097.029984 xxx 135.00   301 0.0 0.0   300 161161  2 0 0 0.25 0 
10  32.894363 -097.050896 xxx  45.00   301 0.0 0.0   300 161161  2 0 0 0.25 0 
10  32.895084 -097.065971 xxx 120.00   500 0.0 0.0   100 161161  2 0 0 0.25 0 
10  32.881618 -097.010162 xxx  20.00   500 0.0 0.0   100 161161  2 0 0 0.25 0 
10  32.892166 -097.048203 xxx  90.00   500 0.0 0.0   100 161161  2 0 0 0.25 0 
10  32.890503 -097.058403 xxx 140.00   400 0.0 0.0   200 111111  2 0 0 0.25 0 
10  32.901287 -097.052742 xxx  45.00   300 0.0 0.0   299 161161  2 0 0 0.25 0 
10  32.908726 -097.027870 xxx  45.00   300 0.0 0.0   299 161161  2 0 0 0.25 0 
10  32.904720 -097.021973 xxx  45.00   300 0.0 0.0   299 111111  2 0 0 0.25 0 
10  32.908672 -097.045987 xxx  45.00   300 0.0 0.0   299 161161  2 0 0 0.25 0 
10  32.886715 -097.056694 xxx 118.70   475 0.0 0.0   100 161161  2 0 0 0.25 0 
10  32.909340 -097.024208 xxx 180.00   450 0.0 0.0   120 161161  2 0 0 0.25 0 
10  32.888168 -097.057884 xxx 229.80   370 0.0 0.0   200 161161  2 0 0 0.25 0 
10  32.908066 -097.035149 xxx  45.00   450 0.0 0.0   120 161161  2 0 0 0.25 0 
10  32.886208 -097.055382 xxx 110.00   440 0.0 0.0   100 161161  2 0 0 0.25 0 
10  32.892643 -097.054398 xxx 360.00   400 0.0 0.0   120 111111  2 0 0 0.25 0 
10  32.901249 -097.032654 xxx  45.00   260 0.0 0.0   259 161161  2 0 0 0.25 0 
10  32.913059 -097.058464 xxx  90.00   378 0.0 0.0   140 161161  2 0 0 0.25 0 
10  32.908836 -097.057747 xxx  45.00   251 0.0 0.0   250 161161  2 0 0 0.25 0 
10  32.890953 -097.054840 xxx  45.00   251 0.0 0.0   250 161161  2 0 0 0.25 0 
10  32.908821 -097.054695 xxx  45.00   251 0.0 0.0   250 161161  2 0 0 0.25 0 
10  32.901268 -097.026070 xxx  45.00   251 0.0 0.0   250 161161  2 0 0 0.25 0 
10  32.908718 -097.026009 xxx 135.00   251 0.0 0.0   250 161161  2 0 0 0.25 0 
10  32.880451 -097.049484 xxx  40.00   301 0.0 0.0   200 161161  2 0 0 0.25 0 
10  32.886848 -097.026184 xxx 135.00   251 0.0 0.0   250 161161  2 0 0 0.25 0 
10  32.904736 -097.026039 xxx 135.00   251 0.0 0.0   250 161161  2 0 0 0.25 0 
10  32.885620 -097.026207 xxx 135.00   251 0.0 0.0   250 161161  2 0 0 0.25 0 
10  32.910107 -097.054695 xxx  45.00   251 0.0 0.0   250 161161  2 0 0 0.25 0 
10  32.901333 -097.054726 xxx  45.00   251 0.0 0.0   250 161161  2 0 0 0.25 0 
10  32.910049 -097.024101 xxx 145.00   201 0.0 0.0   300 161161  2 0 0 0.25 0 
10  32.880459 -097.050552 xxx 140.00   301 0.0 0.0   200 161161  2 0 0 0.25 0 
10  32.894367 -097.026093 xxx 135.00   251 0.0 0.0   250 161161  2 0 0 0.25 0 
10  32.878777 -097.049530 xxx  90.24   300 0.0 0.0   200 161161  2 0 0 0.25 0 
10  32.878719 -097.031754 xxx  90.26   300 0.0 0.0   200 161161  2 0 0 0.25 0 
10  32.890987 -097.056831 xxx  45.00   250 0.0 0.0   250 111111  2 0 0 0.25 0 
10  32.910081 -097.045951 xxx 135.00   250 0.0 0.0   250 161161  2 0 0 0.25 0 
10  32.887321 -097.056755 xxx  20.00   400 0.0 0.0   100 161161  2 0 0 0.25 0 
10  32.897812 -097.032707 xxx  45.00   250 0.0 0.0   249 161161  2 0 0 0.25 0 
10  32.909988 -097.032616 xxx  45.00   250 0.0 0.0   249 161161  2 0 0 0.25 0 
10  32.908733 -097.032593 xxx  45.00   250 0.0 0.0   249 161161  2 0 0 0.25 0 
10  32.910061 -097.034599 xxx  45.00   250 0.0 0.0   249 161161  2 0 0 0.25 0 
10  32.901245 -097.048035 xxx  45.00   250 0.0 0.0   249 161161  2 0 0 0.25 0 
10  32.894382 -097.027954 xxx  45.00   250 0.0 0.0   249 161161  2 0 0 0.25 0 
10  32.894432 -097.031731 xxx  45.00   250 0.0 0.0   249 161161  2 0 0 0.25 0 
10  32.894390 -097.032715 xxx  45.00   250 0.0 0.0   249 161161  2 0 0 0.25 0 
10  32.898952 -097.048073 xxx  45.00   250 0.0 0.0   249 161161  2 0 0 0.25 0 
10  32.904724 -097.049110 xxx  45.00   250 0.0 0.0   249 161161  2 0 0 0.25 0 
10  32.904716 -097.048042 xxx  45.00   250 0.0 0.0   249 161161  2 0 0 0.25 0 
10  32.896702 -097.048088 xxx  45.00   250 0.0 0.0   249 161161  2 0 0 0.25 0 
10  32.892155 -097.048119 xxx  45.00   250 0.0 0.0   249 111111  2 0 0 0.25 0 
10  32.889689 -097.032734 xxx  45.00   250 0.0 0.0   249 161161  2 0 0 0.25 0 
10  32.890987 -097.031723 xxx  45.00   250 0.0 0.0   249 161161  2 0 0 0.25 0 
10  32.890972 -097.032722 xxx  45.00   250 0.0 0.0   249 161161  2 0 0 0.25 0 
10  32.892170 -097.032730 xxx  45.00   250 0.0 0.0   249 161161  2 0 0 0.25 0 
10  32.903614 -097.048035 xxx  45.00   250 0.0 0.0   249 161161  2 0 0 0.25 0 
10  32.894360 -097.048103 xxx  45.22   250 0.0 0.0   249 161161  2 0 0 0.25 0 
10  32.894337 -097.049171 xxx  45.00   250 0.0 0.0   249 161161  2 0 0 0.25 0 
10  32.894382 -097.052788 xxx  45.00   250 0.0 0.0   249 161161  2 0 0 0.25 0 
10  32.885605 -097.028023 xxx  45.00   250 0.0 0.0   249 161161  2 0 0 0.25 0 
10  32.886845 -097.028008 xxx  45.00   250 0.0 0.0   249 161161  2 0 0 0.25 0 
10  32.885689 -097.031761 xxx  45.00   250 0.0 0.0   249 161161  2 0 0 0.25 0 
10  32.885685 -097.035019 xxx  45.00   250 0.0 0.0   249 161161  2 0 0 0.25 0 
10  32.886868 -097.031761 xxx  45.00   250 0.0 0.0   249 161161  2 0 0 0.25 0 
10  32.885677 -097.032806 xxx  45.00   250 0.0 0.0   249 161161  2 0 0 0.25 0 
10  32.886894 -097.032768 xxx  45.00   250 0.0 0.0   249 161161  2 0 0 0.25 0 
10  32.890965 -097.052795 xxx  45.00   250 0.0 0.0   249 161161  2 0 0 0.25 0 
10  32.889278 -097.048022 xxx  45.00   250 0.0 0.0   249 161161  2 0 0 0.25 0 
10  32.886971 -097.052795 xxx  45.00   250 0.0 0.0   249 161161  2 0 0 0.25 0 
10  32.890953 -097.049171 xxx  45.00   250 0.0 0.0   249 161161  2 0 0 0.25 0 
10  32.905827 -097.048035 xxx  45.00   250 0.0 0.0   249 161161  2 0 0 0.25 0 
10  32.908722 -097.031586 xxx  45.00   250 0.0 0.0   249 161161  2 0 0 0.25 0 
10  32.909992 -097.031616 xxx  45.00   250 0.0 0.0   249 161161  2 0 0 0.25 0 
10  32.908756 -097.034554 xxx  45.00   250 0.0 0.0   249 161161  2 0 0 0.25 0 
10  32.905827 -097.032623 xxx  45.00   250 0.0 0.0   249 161161  2 0 0 0.25 0 
10  32.904713 -097.032631 xxx  45.00   250 0.0 0.0   249 161161  2 0 0 0.25 0 
10  32.903584 -097.032654 xxx  45.00   250 0.0 0.0   249 161161  2 0 0 0.25 0 
10  32.896694 -097.032722 xxx  45.00   250 0.0 0.0   249 161161  2 0 0 0.25 0 
10  32.898918 -097.032661 xxx  45.00   250 0.0 0.0   249 161161  2 0 0 0.25 0 
10  32.901264 -097.049133 xxx  45.00   250 0.0 0.0   248 161161  2 0 0 0.25 0 
10  32.886940 -097.046211 xxx  45.00   250 0.0 0.0   245 161161  2 0 0 0.25 0 
10  32.886959 -097.048096 xxx  45.00   250 0.0 0.0   245 161161  2 0 0 0.25 0 
10  32.885723 -097.048141 xxx  45.00   250 0.0 0.0   245 161161  2 0 0 0.25 0 
10  32.908817 -097.048019 xxx  45.00   250 0.0 0.0   245 161161  2 0 0 0.25 0 
10  32.910118 -097.047997 xxx  45.00   250 0.0 0.0   245 161161  2 0 0 0.25 0 
10  32.885719 -097.049232 xxx  45.00   250 0.0 0.0   245 161161  2 0 0 0.25 0 
10  32.886948 -097.049187 xxx  45.00   250 0.0 0.0   245 161161  2 0 0 0.25 0 
10  32.908821 -097.049072 xxx  45.00   250 0.0 0.0   245 161161  2 0 0 0.25 0 
10  32.910122 -097.049034 xxx  45.00   250 0.0 0.0   240 161161  2 0 0 0.25 0 
10  32.908733 -097.022011 xxx  45.00   250 0.0 0.0   240 111111  2 0 0 0.25 0 
10  32.894390 -097.054718 xxx  45.00   241 0.0 0.0   240 161161  2 0 0 0.25 0 
10  32.885860 -097.054123 xxx 105.00   380 0.0 0.0   100 161161  2 0 0 0.25 0 
10  32.887051 -097.054131 xxx 102.00   380 0.0 0.0   100 161161  2 0 0 0.25 0 
10  32.887241 -097.056763 xxx 180.24   364 0.0 0.0   100 161161  2 0 0 0.25 0 
10  32.878876 -097.031090 xxx  45.00   301 0.0 0.0   150 161161  2 0 0 0.25 0 
10  32.908081 -097.059174 xxx  90.00   250 0.0 0.0   200 111111  2 0 0 0.25 0 
10  32.881596 -097.034554 xxx  90.00   330 0.0 0.0   120 111111  2 0 0 0.25 0 
10  32.890976 -097.057884 xxx  40.00   221 0.0 0.0   220 161161  2 0 0 0.25 0 
10  32.878941 -097.050079 xxx 325.00   280 0.0 0.0   150 161161  2 0 0 0.25 0 
10  32.892090 -097.061951 xxx  48.80   328 0.0 0.0   100 161161  2 0 0 0.25 0 
10  32.908821 -097.052681 xxx  45.00   210 0.0 0.0   215 161161  2 0 0 0.25 0 
10  32.892681 -097.026428 xxx 360.00   300 0.0 0.0   120 111111  2 0 0 0.25 0 
10  32.892681 -097.030365 xxx 360.00   300 0.0 0.0   120 111111  2 0 0 0.25 0 
10  32.896767 -097.058463 xxx  90.00   328 0.0 0.0    91 161161  2 0 0 0.25 0 
10  32.898476 -097.005287 xxx   0.00   201 0.0 0.0   200 161161  2 0 0 0.25 0 
10  32.894371 -097.011757 xxx  45.00   201 0.0 0.0   200 161161  2 0 0 0.25 0 
10  32.894379 -097.010002 xxx  45.00   201 0.0 0.0   200 161161  2 0 0 0.25 0 
10  32.901241 -097.035889 xxx  45.00   201 0.0 0.0   200 161161  2 0 0 0.25 0 
10  32.903629 -097.076653 xxx  70.00   201 0.0 0.0   200 161161  2 0 0 0.25 0 
10  32.894371 -097.035858 xxx 135.00   201 0.0 0.0   200 161161  2 0 0 0.25 0 
10  32.895630 -097.068405 xxx  30.00   201 0.0 0.0   200 161161  2 0 0 0.25 0 
10  32.905293 -097.076538 xxx  60.00   201 0.0 0.0   200 161161  2 0 0 0.25 0 
10  32.910133 -097.052696 xxx  45.00   201 0.0 0.0   200 161161  2 0 0 0.25 0 
10  32.897926 -097.049171 xxx  45.00   201 0.0 0.0   200 161161  2 0 0 0.25 0 
10  32.897923 -097.048126 xxx  45.00   201 0.0 0.0   200 161161  2 0 0 0.25 0 
10  32.897579 -097.006409 xxx   0.00   201 0.0 0.0   200 161161  2 0 0 0.25 0 
10  32.910122 -097.057709 xxx  45.00   200 0.0 0.0   201 161161  2 0 0 0.25 0 
10  32.894566 -097.063965 xxx 120.00   300 0.0 0.0   100 161161  2 0 0 0.25 0 
10  32.887264 -097.055199 xxx 106.00   300 0.0 0.0   100 161161  2 0 0 0.25 0 
10  32.887524 -097.056038 xxx 114.00   300 0.0 0.0   100 161161  2 0 0 0.25 0 
10  32.894386 -097.022079 xxx  45.00   200 0.0 0.0   200 161161  2 0 0 0.25 0 
10  32.910919 -097.034134 xxx  90.00   230 0.0 0.0   150 111111  2 0 0 0.25 0 
10  32.898083 -097.071030 xxx   5.00   181 0.0 0.0   180 161161  2 0 0 0.25 0 
10  32.901737 -097.074821 xxx   4.00   181 0.0 0.0   180 161161  2 0 0 0.25 0 
10  32.887772 -097.021561 xxx  90.00   260 0.0 0.0   100 111111  2 0 0 0.25 0 
10  32.887844 -097.049408 xxx  90.00   201 0.0 0.0   150 161161  2 0 0 0.25 0 
10  32.887741 -097.052994 xxx  90.00   201 0.0 0.0   150 161161  2 0 0 0.25 0 
10  32.908588 -097.021507 xxx 100.00   251 0.0 0.0   100 161161  2 0 0 0.25 0 
10  32.895069 -097.052963 xxx  90.00   201 0.0 0.0   140 161161  2 0 0 0.25 0 
10  32.910290 -097.081413 xxx   3.00   171 0.0 0.0   170 161161  2 0 0 0.25 0 
10  32.897114 -097.011520 xxx  90.00   201 0.0 0.0   130 161161  2 0 0 0.25 0 
10  32.888813 -097.050537 xxx  90.00   201 0.0 0.0   130 161161  2 0 0 0.25 0 
10  32.906048 -097.058189 xxx 270.53   230 0.0 0.0   100 161161  2 0 0 0.25 0 
10  32.899063 -097.054512 xxx  90.00   181 0.0 0.0   140 161161  2 0 0 0.25 0 
10  32.896519 -097.054482 xxx  90.00   181 0.0 0.0   140 161161  2 0 0 0.25 0 
10  32.899399 -097.050514 xxx  90.00   181 0.0 0.0   140 161161  2 0 0 0.25 0 
10  32.896267 -097.026413 xxx  90.00   181 0.0 0.0   140 161161  2 0 0 0.25 0 
10  32.896187 -097.050507 xxx  90.00   181 0.0 0.0   140 161161  2 0 0 0.25 0 
10  32.894947 -097.027779 xxx  90.00   181 0.0 0.0   130 161161  2 0 0 0.25 0 
10  32.899529 -097.030266 xxx  90.00   171 0.0 0.0   140 161161  2 0 0 0.25 0 
10  32.902721 -097.026283 xxx  90.00   181 0.0 0.0   130 161161  2 0 0 0.25 0 
10  32.893673 -097.027763 xxx  90.00   181 0.0 0.0   130 161161  2 0 0 0.25 0 
10  32.895218 -097.049355 xxx  90.00   171 0.0 0.0   140 161161  2 0 0 0.25 0 
10  32.900490 -097.049294 xxx  90.00   171 0.0 0.0   140 161161  2 0 0 0.25 0 
10  32.904308 -097.052879 xxx  90.00   171 0.0 0.0   140 161161  2 0 0 0.25 0 
10  32.902756 -097.054520 xxx  90.00   171 0.0 0.0   140 161161  2 0 0 0.25 0 
10  32.903038 -097.050484 xxx  90.00   171 0.0 0.0   140 161161  2 0 0 0.25 0 
10  32.903069 -097.030258 xxx  90.00   181 0.0 0.0   130 161161  2 0 0 0.25 0 
10  32.900673 -097.052879 xxx  90.00   171 0.0 0.0   140 161161  2 0 0 0.25 0 
10  32.904720 -097.052574 xxx  45.00   151 0.0 0.0   150 161161  2 0 0 0.25 0 
10  32.889263 -097.011574 xxx  90.00   171 0.0 0.0   130 161161  2 0 0 0.25 0 
10  32.908891 -097.024190 xxx 136.00   151 0.0 0.0   150 161161  2 0 0 0.25 0 
10  32.892803 -097.011597 xxx  90.00   171 0.0 0.0   130 161161  2 0 0 0.25 0 
10  32.888515 -097.030373 xxx  90.00   171 0.0 0.0   130 161161  2 0 0 0.25 0 
10  32.904057 -097.049263 xxx  90.00   171 0.0 0.0   130 161161  2 0 0 0.25 0 
10  32.887520 -097.031532 xxx  90.00   171 0.0 0.0   130 161161  2 0 0 0.25 0 
10  32.905854 -097.031794 xxx 135.00   151 0.0 0.0   150 161161  2 0 0 0.25 0 
10  32.888836 -097.026398 xxx  90.00   171 0.0 0.0   130 161161  2 0 0 0.25 0 
10  32.886086 -097.054543 xxx 130.00   201 0.0 0.0   100 161161  2 0 0 0.25 0 
10  32.887379 -097.027885 xxx  90.00   171 0.0 0.0   130 161161  2 0 0 0.25 0 
10  32.901245 -097.022186 xxx 135.00   151 0.0 0.0   150 161161  2 0 0 0.25 0 
10  32.903580 -097.031837 xxx 135.00   151 0.0 0.0   150 161161  2 0 0 0.25 0 
10  32.896221 -097.030342 xxx  90.00   181 0.0 0.0   120 161161  2 0 0 0.25 0 
10  32.895050 -097.001297 xxx   0.00   201 0.0 0.0   100 161161  2 0 0 0.25 0 
10  32.909359 -097.082573 xxx   0.00   201 0.0 0.0   100 161161  2 0 0 0.25 0 
10  32.914619 -097.052643 xxx  45.00   151 0.0 0.0   150 161161  2 0 0 0.25 0 
10  32.891666 -097.049377 xxx  90.00   201 0.0 0.0   100 161161  2 0 0 0.25 0 
10  32.904041 -097.031471 xxx  90.00   181 0.0 0.0   120 161161  2 0 0 0.25 0 
10  32.900597 -097.031502 xxx  90.00   181 0.0 0.0   120 161161  2 0 0 0.25 0 
10  32.887234 -097.054474 xxx 130.00   201 0.0 0.0   100 161161  2 0 0 0.25 0 
10  32.893578 -097.049377 xxx  90.00   201 0.0 0.0   100 161161  2 0 0 0.25 0 
10  32.904045 -097.027740 xxx  90.00   171 0.0 0.0   130 161161  2 0 0 0.25 0 
10  32.893627 -097.031532 xxx  90.00   181 0.0 0.0   120 161161  2 0 0 0.25 0 
10  32.911625 -097.019897 xxx   0.00   201 0.0 0.0   100 161161  2 0 0 0.25 0 
10  32.880322 -097.030457 xxx  50.00   201 0.0 0.0   100 161161  2 0 0 0.25 0 
10  32.911247 -097.020393 xxx  90.00   201 0.0 0.0   100 161161  2 0 0 0.25 0 
10  32.900551 -097.027718 xxx  90.00   171 0.0 0.0   130 161161  2 0 0 0.25 0 
10  32.912567 -097.020988 xxx   0.00   201 0.0 0.0   100 161161  2 0 0 0.25 0 
10  32.880295 -097.031715 xxx 130.00   201 0.0 0.0   100 161161  2 0 0 0.25 0 
10  32.912148 -097.021461 xxx  90.00   201 0.0 0.0   100 161161  2 0 0 0.25 0 
10  32.887772 -097.056633 xxx 120.00   201 0.0 0.0   100 161161  2 0 0 0.25 0 
10  32.911160 -097.022598 xxx  90.00   201 0.0 0.0   100 161161  2 0 0 0.25 0 
10  32.899231 -097.026375 xxx  90.00   181 0.0 0.0   120 161161  2 0 0 0.25 0 
10  32.879208 -097.025955 xxx 130.00   201 0.0 0.0   100 161161  2 0 0 0.25 0 
10  32.891823 -097.031532 xxx  90.00   171 0.0 0.0   130 161161  2 0 0 0.25 0 
10  32.879253 -097.026512 xxx  50.00   201 0.0 0.0   100 161161  2 0 0 0.25 0 
10  32.893780 -097.052963 xxx  90.00   201 0.0 0.0   100 161161  2 0 0 0.25 0 
10  32.891190 -097.061981 xxx 100.00   201 0.0 0.0   100 161161  2 0 0 0.25 0 
10  32.891567 -097.027779 xxx  90.00   171 0.0 0.0   130 161161  2 0 0 0.25 0 
10  32.876431 -097.011642 xxx  90.00   171 0.0 0.0   130 161161  2 0 0 0.25 0 
10  32.891563 -097.052963 xxx  90.00   201 0.0 0.0   100 161161  2 0 0 0.25 0 
10  32.879566 -097.011642 xxx  90.00   171 0.0 0.0   130 161161  2 0 0 0.25 0 
10  32.909851 -097.026222 xxx 135.00   201 0.0 0.0   100 161161  2 0 0 0.25 0 
10  32.887066 -097.057419 xxx 126.00   201 0.0 0.0   100 161161  2 0 0 0.25 0 
10  32.890965 -097.028114 xxx 135.00   151 0.0 0.0   150 161161  2 0 0 0.25 0 
10  32.889018 -097.047195 xxx 140.00   201 0.0 0.0   172 161161  2 0 0 0.25 0 
10  32.885071 -097.011597 xxx  90.00   171 0.0 0.0   130 161161  2 0 0 0.25 0 
10  32.892146 -097.032700 xxx  90.00   666 0.0 0.0   100 161161  2 0 0 0.25 0 
10  32.895134 -097.031555 xxx  90.00   171 0.0 0.0   120 161161  2 0 0 0.25 0 
10  32.894306 -097.002258 xxx 100.00   201 0.0 0.0    80 161161  2 0 0 0.25 0 
10  32.879322 -097.054504 xxx 130.00   201 0.0 0.0    80 161161  2 0 0 0.25 0 
10  32.891117 -097.059998 xxx 110.00   201 0.0 0.0    80 161161  2 0 0 0.25 0 
10  32.879353 -097.055138 xxx  40.00   201 0.0 0.0    80 161161  2 0 0 0.25 0 
10  32.909855 -097.025734 xxx  50.00   201 0.0 0.0    80 161161  2 0 0 0.25 0 
10  32.879345 -097.057693 xxx 130.00   200 0.0 0.0    80 161161  2 0 0 0.25 0 
10  32.909870 -097.022209 xxx 130.00   171 0.0 0.0   100 161161  2 0 0 0.25 0 
10  32.892315 -097.061630 xxx   5.00   131 0.0 0.0   130 161161  2 0 0 0.25 0 
10  32.879158 -097.028053 xxx 135.00   131 0.0 0.0   130 161161  2 0 0 0.25 0 
10  32.909924 -097.027885 xxx 135.00   131 0.0 0.0   130 161161  2 0 0 0.25 0 
10  32.902573 -097.073616 xxx   3.00   131 0.0 0.0   130 161161  2 0 0 0.25 0 
10  32.892166 -097.031830 xxx 135.00   131 0.0 0.0   130 161161  2 0 0 0.25 0 
10  32.892162 -097.049057 xxx  45.00   131 0.0 0.0   130 161161  2 0 0 0.25 0 
10  32.903599 -097.048988 xxx  45.00   131 0.0 0.0   130 161161  2 0 0 0.25 0 
10  32.879154 -097.022125 xxx 135.00   131 0.0 0.0   130 161161  2 0 0 0.25 0 
10  32.905815 -097.048988 xxx  45.00   131 0.0 0.0   130 161161  2 0 0 0.25 0 
10  32.879017 -097.011986 xxx  45.00   131 0.0 0.0   130 161161  2 0 0 0.25 0 
10  32.898930 -097.031837 xxx  45.00   131 0.0 0.0   130 161161  2 0 0 0.25 0 
10  32.896725 -097.049026 xxx  45.00   131 0.0 0.0   130 161161  2 0 0 0.25 0 
10  32.896683 -097.031845 xxx  45.00   131 0.0 0.0   130 161161  2 0 0 0.25 0 
10  32.897926 -097.052597 xxx  45.00   131 0.0 0.0   130 161161  2 0 0 0.25 0 
10  32.898937 -097.049026 xxx  45.00   131 0.0 0.0   130 161161  2 0 0 0.25 0 
10  32.886826 -097.022270 xxx 135.00   131 0.0 0.0   130 161161  2 0 0 0.25 0 
10  32.894390 -097.057732 xxx  45.00   131 0.0 0.0   130 161161  2 0 0 0.25 0 
10  32.885620 -097.022263 xxx 135.00   131 0.0 0.0   130 161161  2 0 0 0.25 0 
10  32.889336 -097.049021 xxx  45.00   131 0.0 0.0   130 161161  2 0 0 0.25 0 
10  32.887749 -097.021980 xxx 135.00   131 0.0 0.0   130 161161  2 0 0 0.25 0 
10  32.891846 -097.062248 xxx   5.00   131 0.0 0.0   130 161161  2 0 0 0.25 0 
10  32.898937 -097.069893 xxx   5.00   131 0.0 0.0   130 161161  2 0 0 0.25 0 
10  32.897778 -097.028146 xxx 135.00   131 0.0 0.0   130 161161  2 0 0 0.25 0 
10  32.885849 -097.052834 xxx  45.00   131 0.0 0.0   130 161161  2 0 0 0.25 0 
10  32.892643 -097.050545 xxx 360.00   200 0.0 0.0    50 111111  2 0 0 0.25 0 
10  32.887939 -097.044563 xxx 220.00    70 0.0 0.0   150 161161  2 0 0 0.25 0 
10  32.894978 -097.037718 xxx  90.00  1130 0.0 0.0  1044 111111  2 0 0 0.25 0 
10  32.900244 -097.037683 xxx  90.00  1130 0.0 0.0  1044 111111  2 0 0 0.25 0 
10  32.902125 -097.037683 xxx  90.00  1130 0.0 0.0  1044 111111  2 0 0 0.25 0 
10  32.907160 -097.037856 xxx  90.00  1130 0.0 0.0  1044 111111  2 0 0 0.25 0 
10  32.907228 -097.043495 xxx  90.00  1130 0.0 0.0  1044 111111  2 0 0 0.25 0 
10  32.902588 -097.043438 xxx  90.00  1130 0.0 0.0  1044 111111  2 0 0 0.25 0 
10  32.900158 -097.043335 xxx  90.00  1130 0.0 0.0  1044 111111  2 0 0 0.25 0 
10  32.895123 -097.043232 xxx  90.00  1130 0.0 0.0  1044 111111  2 0 0 0.25 0 
10  32.893097 -097.043232 xxx  90.00  1130 0.0 0.0  1044 111111  2 0 0 0.25 0 
10  32.888265 -097.043163 xxx  90.00  1130 0.0 0.0  1044 111111  2 0 0 0.25 0 
10  32.898016 -097.045506 xxx  90.00  1130 0.0 0.0  6260 111111  2 0 0 0.25 0 
10  32.897669 -097.035340 xxx  90.00  1130 0.0 0.0  6260 111111  2 0 0 0.25 0 
10  32.906833 -097.035742 xxx 323.10  1133 0.0 0.0   852 111111  2 0 0 0.25 0 
10  32.906870 -097.045161 xxx 308.10   962 0.0 0.0   911 111111  2 0 0 0.25 0 
10  32.877936 -097.037304 xxx  90.00  1366 0.0 0.0   884 111111  2 0 0 0.25 0 
10  32.883549 -097.037511 xxx  90.00  1366 0.0 0.0   884 111111  2 0 0 0.25 0 
10  32.880424 -097.036339 xxx 180.26  2410 0.0 0.0   750 161161  2 0 0 0.25 0 
10  32.882189 -097.037545 xxx 138.24   605 0.0 0.0   370 111111  2 0 0 0.25 0 
10  32.879180 -097.037718 xxx 228.24   605 0.0 0.0   370 111111  2 0 0 0.25 0 
10  32.880164 -097.043852 xxx 180.24  2400 0.0 0.0   986 161161  2 0 0 0.25 0 
10  32.873537 -097.045540 xxx 180.24  2400 0.0 0.0   986 161161  2 0 0 0.25 0 
10  32.879324 -097.045782 xxx  90.00   821 0.0 0.0   100 161161  2 0 0 0.25 0 
10  32.873335 -097.044507 xxx 180.24  1400 0.0 0.0   986 161161  2 0 0 0.25 0 
10  32.875736 -097.037752 xxx 180.24  1400 0.0 0.0   809 161161  2 0 0 0.25 0 
10  32.902975 -097.061220 xxx 180.25  3514 0.0 0.0  1625 161161  2 0 0 0.25 0 
10  32.901581 -097.062661 xxx  90.00   976 0.0 0.0  1589 111111  2 0 0 0.25 0 
10  32.897740 -097.060594 xxx  90.00  1252 0.0 0.0  1681 111111  2 0 0 0.25 0 
10  32.906842 -097.063256 xxx  90.00   976 0.0 0.0  1589 111111  2 0 0 0.25 0 
10  32.910524 -097.065700 xxx  90.00   976 0.0 0.0  2140 111111  2 0 0 0.25 0 
10  32.881251 -097.014205 xxx   0.00  1552 0.0 0.0   977 111111  2 0 0 0.25 0 
10  32.880933 -097.013712 xxx  90.00  1223 0.0 0.0   100 161161  2 0 0 0.25 0 
10  32.913576 -097.037824 xxx 180.26  2035 0.0 0.0   750 161161  2 0 0 0.25 0 
10  32.917097 -097.043339 xxx  90.00  1130 0.0 0.0  1044 111111  2 0 0 0.25 0 
10  32.912054 -097.043339 xxx  90.00  1130 0.0 0.0   926 111111  2 0 0 0.25 0 
10  32.914271 -097.045307 xxx 180.26  2035 0.0 0.0   750 161161  2 0 0 0.25 0 
10  32.916989 -097.044634 xxx 308.10   962 0.0 0.0   668 111111  2 0 0 0.25 0 
10  32.912262 -097.045069 xxx 211.50   962 0.0 0.0   491 111111  2 0 0 0.25 0 
10  32.897844 -097.040550 xxx  90.00  2248 0.0 0.0  8003 111111  2 0 0 0.25 0 
10  32.913349 -097.069713 xxx 180.25  3087 0.0 0.0  1925 161161  2 0 0 0.25 0 
10  32.877721 -097.014163 xxx   0.00  1552 0.0 0.0   977 111111  2 0 0 0.25 0 
10  32.906994 -097.066988 xxx  90.00  1252 0.0 0.0  1681 111111  2 0 0 0.25 0 
10  32.889696 -097.032658 xxx  90.00   666 0.0 0.0   100 161161  2 0 0 0.25 0 
10  32.905827 -097.032896 xxx  90.00   666 0.0 0.0   100 161161  2 0 0 0.25 0 
10  32.903563 -097.032960 xxx  90.00   666 0.0 0.0   100 161161  2 0 0 0.25 0 
10  32.898928 -097.032874 xxx  90.00   666 0.0 0.0   100 161161  2 0 0 0.25 0 
10  32.896664 -097.032853 xxx  90.00   666 0.0 0.0   100 161161  2 0 0 0.25 0 
14  32.894427 -097.038340  300 0 Tower Viewpoint
15  32.894427 -097.034439 341.00 Start Location
18  32.919891 -097.060211 1 BCN
19  32.907951 -097.030800 1 Windsock
19  32.881889 -097.031036 1 Windsock
19  32.912220 -097.053627 1 Windsock
19  32.882114 -097.054070 1 Windsock
19  32.912407 -097.049797 1 Windsock
19  32.882069 -097.050072 1 Windsock
19  32.907951 -097.026978 1 Windsock
19  32.881752 -097.027054 1 Windsock
19  32.908630 -097.080933 1 Windsock
19  32.892227 -097.064178 1 Windsock
19  32.910477 -097.020309 1 Windsock
19  32.895771 -097.003120 1 Windsock
19  32.895397 -097.011002 1 Windsock
19  32.878819 -097.010887 1 Windsock
50 13592 ATIS
51 12295 UNICOM
52 12825 CLNC DEL
53 12185 RGNL GND
54 13490 RGNL TWR
55 13362 RGNL APP
56 12647 RGNL DEP
