1    938 0 1 KHBW JOSHUA SANFORD FLD
10  43.656999  -90.327620 05x  51.933  3080 0740.0000 0000.0000   48 121221 01 0 2 0.25 0 0300.0300 
10  43.659492  -90.323010 xxx 229.699    40 0000.0000 0000.0000   36 111111 01 0 0 0.25 0 
10  43.654526  -90.332253 xxx 141.528   139 0000.0000 0000.0000  111 111111 01 0 0 0.25 0 
10  43.654709  -90.332503 xxx 142.319    76 0000.0000 0000.0000   88 111111 01 0 0 0.25 0 
10  43.659427  -90.323203 xxx  73.589    89 0000.0000 0000.0000   32 111111 01 0 0 0.25 0 
18  43.657316  -90.328012 1 BCN
19  43.654852  -90.331947 1 WS
19  43.659169  -90.323165 1 WS
51 12290 CTAF
