1   1074 0 1 KHIE MOUNT WASHINGTON RGNL
10  44.367549  -71.545404 10x  87.130  4000 0000.0000 0000.0000   75 331131 01 0 2 0.25 0 0300.0300 
10  44.367570  -71.537903 xxx 176.923   109 0000.0000 0000.0000   84 161161 01 0 0 0.25 0 
10  44.367833  -71.536997 xxx  87.148   402 0000.0000 0000.0000  227 111111 04 0 0 0.25 0 
10  44.366527  -71.556072 xxx 152.263  1244 0000.0000 0000.0000  406 111111 13 0 0 0.25 0 
10  44.366367  -71.549123 xxx  87.640   496 0000.0000 0000.0000  234 111111 01 0 0 0.25 0 
10  44.366630  -71.550983 xxx 178.092   459 0000.0000 0000.0000   37 161161 01 0 0 0.25 0 
10  44.366087  -71.550455 xxx  88.850   224 0000.0000 0000.0000   49 161161 01 0 0 0.25 0 
18  44.368273  -71.545863 1 BCN
19  44.366950  -71.552719 1 WS
19  44.368075  -71.538046 1 WS
50 11852 ASOS
51 12280 CTAF/UNICOM
52 12240 CLNC DEL
