1      13 1 0 KJFK John F Kennedy Intl
10  40.638136 -073.794154 13R 120.85 14539 2606.3324 0225.0120   150 241141  1 0 3 0.25 1 0300.0300
10  40.635405 -073.775125 04L  30.66 11347 0000.2696 0000.0650   150 141141  1 0 3 0.25 1 0300.0300
10  40.650746 -073.774760 13L 120.87  9977 0905.1030 0300.0000   150 254153  1 0 3 0.25 1 0300.0300
10  40.635303 -073.762607 04R  30.60  8414 0000.0000 0000.0600   200 155355  1 0 3 0.25 1 0300.0300
10  40.635529 -073.783501 xxx 120.77  8996 0.0 0.0    80 161161  1 0 0 0.25 0 
10  40.648476 -073.810646 xxx 120.77  7300 0.0 0.0    80 161161  1 0 0 0.25 0 
10  40.652943 -073.776474 xxx 120.79  7120 0.0 0.0    80 161161  1 0 0 0.25 0 
10  40.637527 -073.769455 xxx  28.73  6687 0.0 0.0    80 161161  1 0 0 0.25 0 
10  40.637405 -073.789589 xxx 121.17  5967 0.0 0.0    80 161161  1 0 0 0.25 0 
10  40.638245 -073.775642 xxx  30.53  5302 0.0 0.0    80 161161  1 0 0 0.25 0 
10  40.639606 -073.773354 xxx  30.56  5000 0.0 0.0    80 161161  1 0 0 0.25 0 
10  40.646080 -073.807632 xxx 120.77  5000 0.0 0.0    80 161161  1 0 0 0.25 0 
10  40.650162 -073.777931 xxx 120.79  4123 0.0 0.0    80 161161  1 0 0 0.25 0 
10  40.650921 -073.777603 xxx 120.79  4122 0.0 0.0    80 161161  1 0 0 0.25 0 
10  40.638321 -073.787880 xxx 301.60  3977 0.0 0.0   100 161161  1 0 0 0.25 0 
10  40.627117 -073.783333 xxx  30.53  3727 0.0 0.0    80 161161  1 0 0 0.25 0 
10  40.638805 -073.779427 xxx  58.40  3091 0.0 0.0   100 111111  1 0 0 0.25 0 
10  40.639355 -073.768715 xxx   1.20  3075 0.0 0.0    80 161161  1 0 0 0.25 0 
10  40.648705 -073.760086 xxx 125.61  2866 0.0 0.0    80 161161  1 0 0 0.25 0 
10  40.657063 -073.797455 xxx   1.17  2838 0.0 0.0    80 161161  1 0 0 0.25 0 
10  40.650002 -073.779922 xxx 302.00  2657 0.0 0.0   100 161161  1 0 0 0.25 0 
10  40.656399 -073.796577 xxx   1.00  2303 0.0 0.0   430 161161  2 0 0 0.25 0 
10  40.643639 -073.774223 xxx  20.50  2434 0.0 0.0   118 111111  1 0 0 0.25 0 
10  40.639179 -073.776161 xxx  31.40  2257 0.0 0.0   100 161161  1 0 0 0.25 0 
10  40.640736 -073.782082 xxx 333.70  1391 0.0 0.0   913 111111  2 0 0 0.25 0 
10  40.647285 -073.806442 xxx 301.60  1995 0.0 0.0   220 161161  2 0 0 0.25 0 
10  40.637768 -073.762924 xxx   0.80  2083 0.0 0.0    80 161161  1 0 0 0.25 0 
10  40.638611 -073.782829 xxx 333.90  1959 0.0 0.0   150 111111  1 0 0 0.25 0 
10  40.660561 -073.783241 xxx 301.00  1824 0.0 0.0   269 161161  2 0 0 0.25 0 
10  40.638893 -073.778671 xxx  58.10  2014 0.0 0.0    76 111111  2 0 0 0.25 0 
10  40.634457 -073.766251 xxx  68.28  1983 0.0 0.0    80 161161  1 0 0 0.25 0 
10  40.656639 -073.801811 xxx  90.00  1371 0.0 0.0   689 161161  2 0 0 0.25 0 
10  40.649635 -073.778694 xxx 302.10  1910 0.0 0.0    45 161161  1 0 0 0.25 0 
10  40.642681 -073.762749 xxx  87.87  1857 0.0 0.0    80 161161  1 0 0 0.25 0 
10  40.646446 -073.761032 xxx  60.09  1850 0.0 0.0    80 161161  1 0 0 0.25 0 
10  40.639614 -073.784828 xxx 334.50  1371 0.0 0.0   545 111111  2 0 0 0.25 0 
10  40.639664 -073.786362 xxx  10.50   898 0.0 0.0   876 111111  2 0 0 0.25 0 
10  40.647400 -073.762039 xxx 121.09  1689 0.0 0.0    79 161161  1 0 0 0.25 0 
10  40.634567 -073.772003 xxx 120.73  1667 0.0 0.0    80 161161  1 0 0 0.25 0 
10  40.656445 -073.774628 xxx 301.80   906 0.0 0.0   820 161161  2 0 0 0.25 0 
10  40.650223 -073.811073 xxx 301.00  1024 0.0 0.0   696 161161  2 0 0 0.25 0 
10  40.649773 -073.793633 xxx 220.60  1575 0.0 0.0   140 111111  1 0 0 0.25 0 
10  40.638306 -073.785873 xxx 301.60  1234 0.0 0.0   478 111111  2 0 0 0.25 0 
10  40.643116 -073.758476 xxx   0.00  1629 0.0 0.0    80 161161  1 0 0 0.25 0 
10  40.653793 -073.774055 xxx  33.00   761 0.0 0.0   945 161161  2 0 0 0.25 0 
10  40.642529 -073.765991 xxx 121.50  1622 0.0 0.0    79 161161  1 0 0 0.25 0 
10  40.631454 -073.769035 xxx 359.91  1605 0.0 0.0    80 161161  1 0 0 0.25 0 
10  40.638836 -073.778397 xxx  57.70  1611 0.0 0.0    66 111111  2 0 0 0.25 0 
10  40.638515 -073.777054 xxx  31.40  1596 0.0 0.0    76 111111  2 0 0 0.25 0 
10  40.643921 -073.795876 xxx   0.97  1546 0.0 0.0    80 161161  1 0 0 0.25 0 
10  40.651268 -073.789261 xxx  89.90  1464 0.0 0.0   131 161161  1 0 0 0.25 0 
10  40.642246 -073.780029 xxx  62.20   669 0.0 0.0   912 111111  2 0 0 0.25 0 
10  40.657784 -073.778160 xxx 301.90  1332 0.0 0.0   230 161161  2 0 0 0.25 0 
10  40.647598 -073.792931 xxx 122.50  1164 0.0 0.0   395 111111  2 0 0 0.25 0 
10  40.649811 -073.767624 xxx  54.59  1466 0.0 0.0    80 161161  1 0 0 0.25 0 
10  40.649391 -073.799377 xxx   0.00  1155 0.0 0.0   367 161161  2 0 0 0.25 0 
10  40.642712 -073.778671 xxx 315.60   774 0.0 0.0   735 111111  2 0 0 0.25 0 
10  40.658833 -073.783539 xxx 300.30  1142 0.0 0.0   361 161161  2 0 0 0.25 0 
10  40.653667 -073.820312 xxx 300.80  1050 0.0 0.0   447 161161  2 0 0 0.25 0 
10  40.642326 -073.792496 xxx 358.10   774 0.0 0.0   722 111111  2 0 0 0.25 0 
10  40.660629 -073.787918 xxx 300.30   997 0.0 0.0   486 161161  2 0 0 0.25 0 
10  40.651741 -073.798958 xxx  91.20  1384 0.0 0.0    79 161161  1 0 0 0.25 0 
10  40.638306 -073.777573 xxx  31.50  1313 0.0 0.0   144 111111  2 0 0 0.25 0 
10  40.649799 -073.787560 xxx 355.00   824 0.0 0.0   625 161161  2 0 0 0.25 0 
10  40.647224 -073.804558 xxx 302.40  1089 0.0 0.0   348 161161  2 0 0 0.25 0 
10  40.656944 -073.779129 xxx  31.50   722 0.0 0.0   709 161161  2 0 0 0.25 0 
10  40.643856 -073.774582 xxx  20.50  1293 0.0 0.0   125 111111  2 0 0 0.25 0 
10  40.654724 -073.798676 xxx   1.17  1329 0.0 0.0    80 161161  1 0 0 0.25 0 
10  40.648739 -073.778961 xxx 302.10   997 0.0 0.0   407 111111  2 0 0 0.25 0 
10  40.649532 -073.789665 xxx 355.00  1021 0.0 0.0   378 111111  2 0 0 0.25 0 
10  40.649734 -073.782661 xxx 282.90   814 0.0 0.0   551 111111  2 0 0 0.25 0 
10  40.650345 -073.794083 xxx 240.10  1181 0.0 0.0   179 111111  1 0 0 0.25 0 
10  40.651707 -073.796463 xxx 150.77  1273 0.0 0.0    80 161161  1 0 0 0.25 0 
10  40.655159 -073.773178 xxx 352.70   906 0.0 0.0   440 111111  2 0 0 0.25 0 
10  40.636272 -073.780609 xxx  81.60  1274 0.0 0.0    66 111111  1 0 0 0.25 0 
10  40.644154 -073.775375 xxx  20.80   906 0.0 0.0   433 111111  2 0 0 0.25 0 
10  40.650791 -073.793907 xxx 241.80  1201 0.0 0.0   132 161161  1 0 0 0.25 0 
10  40.657181 -073.785202 xxx 120.79  1210 0.0 0.0   112 161161  1 0 0 0.25 0 
10  40.643513 -073.776657 xxx 315.60   985 0.0 0.0   319 111111  2 0 0 0.25 0 
10  40.640636 -073.789558 xxx 211.90   820 0.0 0.0   479 111111  2 0 0 0.25 0 
10  40.653683 -073.813835 xxx 300.00   807 0.0 0.0   466 161161  2 0 0 0.25 0 
10  40.646809 -073.806458 xxx 121.10  1174 0.0 0.0    99 161161  1 0 0 0.25 0 
10  40.647709 -073.774368 xxx 300.60  1154 0.0 0.0   113 161161  1 0 0 0.25 0 
10  40.651428 -073.810059 xxx 330.00  1024 0.0 0.0   236 161161  2 0 0 0.25 0 
10  40.638805 -073.780609 xxx  58.20  1001 0.0 0.0   256 111111  2 0 0 0.25 0 
10  40.644295 -073.770737 xxx 105.95  1165 0.0 0.0    80 161161  1 0 0 0.25 0 
10  40.637142 -073.779884 xxx  81.60   734 0.0 0.0   506 111111  2 0 0 0.25 0 
10  40.638180 -073.778854 xxx  57.00   945 0.0 0.0   295 111111  2 0 0 0.25 0 
10  40.641472 -073.776978 xxx 315.00   531 0.0 0.0   704 111111  2 0 0 0.25 0 
10  40.651619 -073.797684 xxx 149.07  1152 0.0 0.0    80 161161  1 0 0 0.25 0 
10  40.641083 -073.785828 xxx  72.00   912 0.0 0.0   317 111111  2 0 0 0.25 0 
10  40.654099 -073.818611 xxx  31.50   722 0.0 0.0   499 161161  2 0 0 0.25 0 
10  40.647911 -073.778999 xxx 312.00  1129 0.0 0.0    85 111111  2 0 0 0.25 0 
10  40.654659 -073.785896 xxx 134.40  1131 0.0 0.0    80 161161  1 0 0 0.25 0 
10  40.640568 -073.778343 xxx 330.60   716 0.0 0.0   492 111111  2 0 0 0.25 0 
10  40.652058 -073.769890 xxx 301.70   755 0.0 0.0   446 161161  2 0 0 0.25 0 
10  40.647083 -073.776276 xxx  31.40   647 0.0 0.0   545 111111  2 0 0 0.25 0 
10  40.653049 -073.816673 xxx 210.50  1100 0.0 0.0    80 161161  1 0 0 0.25 0 
10  40.655327 -073.772423 xxx 350.80  1037 0.0 0.0   138 161161  2 0 0 0.25 0 
10  40.638336 -073.777840 xxx  35.90   917 0.0 0.0   257 111111  2 0 0 0.25 0 
10  40.636063 -073.780624 xxx  82.00  1057 0.0 0.0   113 111111  1 0 0 0.25 0 
10  40.651463 -073.793907 xxx  60.79  1090 0.0 0.0    80 161161  1 0 0 0.25 0 
10  40.641514 -073.791107 xxx  42.20   968 0.0 0.0   194 111111  2 0 0 0.25 0 
10  40.657543 -073.782532 xxx  30.00   889 0.0 0.0   256 161161  2 0 0 0.25 0 
10  40.650639 -073.782211 xxx 302.00   958 0.0 0.0   184 111111  2 0 0 0.25 0 
10  40.648972 -073.792419 xxx 122.50   697 0.0 0.0   428 111111  2 0 0 0.25 0 
10  40.646832 -073.792946 xxx 303.00   873 0.0 0.0   243 111111  2 0 0 0.25 0 
10  40.651604 -073.802841 xxx  90.00   807 0.0 0.0   308 161161  2 0 0 0.25 0 
10  40.639866 -073.788109 xxx  10.21  1004 0.0 0.0   105 111111  1 0 0 0.25 0 
10  40.654396 -073.802856 xxx  90.00   787 0.0 0.0   315 161161  2 0 0 0.25 0 
10  40.643665 -073.761253 xxx  87.43   985 0.0 0.0   115 161161  1 0 0 0.25 0 
10  40.649544 -073.794746 xxx  42.00   840 0.0 0.0   256 111111  1 0 0 0.25 0 
10  40.626961 -073.772446 xxx 168.34  1015 0.0 0.0    80 161161  1 0 0 0.25 0 
10  40.647335 -073.795731 xxx 329.60  1010 0.0 0.0    80 161161  1 0 0 0.25 0 
10  40.646458 -073.793709 xxx   0.50   656 0.0 0.0   427 161161  2 0 0 0.25 0 
10  40.644833 -073.794754 xxx 358.17  1001 0.0 0.0    80 161161  1 0 0 0.25 0 
10  40.641689 -073.796646 xxx  81.01   997 0.0 0.0    80 161161  1 0 0 0.25 0 
10  40.654205 -073.811432 xxx  63.00   696 0.0 0.0   374 161161  2 0 0 0.25 0 
10  40.645748 -073.772690 xxx   0.00   945 0.0 0.0   124 161161  1 0 0 0.25 0 
10  40.658108 -073.783875 xxx  31.20   853 0.0 0.0   210 161161  2 0 0 0.25 0 
10  40.645882 -073.776703 xxx   0.00   768 0.0 0.0   295 111111  2 0 0 0.25 0 
10  40.658810 -073.785805 xxx  30.60   748 0.0 0.0   308 161161  2 0 0 0.25 0 
10  40.645557 -073.775215 xxx  90.00   939 0.0 0.0   112 111111  2 0 0 0.25 0 
10  40.641254 -073.790741 xxx 222.40   944 0.0 0.0   100 111111  1 0 0 0.25 0 
10  40.638535 -073.770592 xxx 127.00   956 0.0 0.0    80 161161  1 0 0 0.25 0 
10  40.654747 -073.776978 xxx  31.50   954 0.0 0.0    80 161161  1 0 0 0.25 0 
10  40.639481 -073.794464 xxx 166.46   944 0.0 0.0    80 161161  1 0 0 0.25 0 
10  40.641106 -073.790359 xxx  42.40   879 0.0 0.0   139 111111  2 0 0 0.25 0 
10  40.649849 -073.794563 xxx 244.80   879 0.0 0.0   139 111111  1 0 0 0.25 0 
10  40.645817 -073.774559 xxx 270.60   916 0.0 0.0   100 111111  1 0 0 0.25 0 
10  40.650047 -073.791321 xxx 337.70   915 0.0 0.0   100 111111  1 0 0 0.25 0 
10  40.648136 -073.778801 xxx 306.00   833 0.0 0.0   164 111111  2 0 0 0.25 0 
10  40.647095 -073.796745 xxx 147.60   912 0.0 0.0    80 161161  1 0 0 0.25 0 
10  40.640202 -073.773415 xxx 127.00   910 0.0 0.0    80 161161  1 0 0 0.25 0 
10  40.649666 -073.786469 xxx   3.00   863 0.0 0.0   125 161161  2 0 0 0.25 0 
10  40.646671 -073.775024 xxx   0.00   472 0.0 0.0   512 111111  2 0 0 0.25 0 
10  40.650509 -073.801041 xxx  90.00   623 0.0 0.0   361 161161  2 0 0 0.25 0 
10  40.640015 -073.788376 xxx  10.21   913 0.0 0.0    71 111111  2 0 0 0.25 0 
10  40.655117 -073.778046 xxx  31.30   902 0.0 0.0    80 161161  1 0 0 0.25 0 
10  40.652534 -073.810394 xxx  63.80   709 0.0 0.0   269 161161  2 0 0 0.25 0 
10  40.642532 -073.791374 xxx 318.00   531 0.0 0.0   446 111111  2 0 0 0.25 0 
10  40.642548 -073.776352 xxx 315.60   876 0.0 0.0   100 111111  1 0 0 0.25 0 
10  40.638031 -073.792343 xxx  94.40   896 0.0 0.0    80 161161  1 0 0 0.25 0 
10  40.648617 -073.767059 xxx  55.13   891 0.0 0.0    80 161161  1 0 0 0.25 0 
10  40.639793 -073.790276 xxx 301.60   847 0.0 0.0   122 111111  2 0 0 0.25 0 
10  40.652336 -073.785614 xxx  62.60   882 0.0 0.0    80 161161  1 0 0 0.25 0 
10  40.649975 -073.790802 xxx 337.50   804 0.0 0.0   157 111111  2 0 0 0.25 0 
10  40.650513 -073.797203 xxx  88.70   880 0.0 0.0    80 161161  1 0 0 0.25 0 
10  40.653095 -073.785980 xxx  62.00   869 0.0 0.0    80 161161  1 0 0 0.25 0 
10  40.651375 -073.779510 xxx  30.79   867 0.0 0.0    80 161161  1 0 0 0.25 0 
10  40.656380 -073.789032 xxx 121.69   866 0.0 0.0    80 161161  1 0 0 0.25 0 
10  40.648659 -073.814117 xxx  31.50   859 0.0 0.0    80 161161  1 0 0 0.25 0 
10  40.643887 -073.777924 xxx  45.60   498 0.0 0.0   429 111111  2 0 0 0.25 0 
10  40.644711 -073.776474 xxx  39.80   479 0.0 0.0   447 111111  2 0 0 0.25 0 
10  40.649517 -073.791740 xxx 337.90   804 0.0 0.0   118 111111  2 0 0 0.25 0 
10  40.649902 -073.792961 xxx  40.60   840 0.0 0.0    82 111111  2 0 0 0.25 0 
10  40.648514 -073.787773 xxx  81.00   774 0.0 0.0   144 111111  2 0 0 0.25 0 
10  40.649376 -073.815598 xxx  30.77   838 0.0 0.0    80 161161  1 0 0 0.25 0 
10  40.655525 -073.821587 xxx  30.00   551 0.0 0.0   361 161161  2 0 0 0.25 0 
10  40.644207 -073.804214 xxx  30.77   830 0.0 0.0    80 161161  1 0 0 0.25 0 
10  40.648094 -073.795387 xxx 331.60   788 0.0 0.0   118 161161  1 0 0 0.25 0 
10  40.649399 -073.775055 xxx  37.39   821 0.0 0.0    80 161161  1 0 0 0.25 0 
10  40.647621 -073.811775 xxx  30.77   819 0.0 0.0    80 161161  1 0 0 0.25 0 
10  40.640095 -073.788750 xxx  10.20   729 0.0 0.0   164 111111  2 0 0 0.25 0 
10  40.640041 -073.779205 xxx 330.60   761 0.0 0.0   129 111111  1 0 0 0.25 0 
10  40.650501 -073.783905 xxx  19.80   748 0.0 0.0   138 111111  2 0 0 0.25 0 
10  40.649010 -073.807999 xxx 330.00   820 0.0 0.0    66 161161  2 0 0 0.25 0 
10  40.648472 -073.793098 xxx 122.50   783 0.0 0.0   100 111111  1 0 0 0.25 0 
10  40.647968 -073.791000 xxx  32.50   467 0.0 0.0   414 111111  2 0 0 0.25 0 
10  40.642586 -073.798378 xxx 136.57   800 0.0 0.0    80 161161  1 0 0 0.25 0 
10  40.660625 -073.785057 xxx 301.30   616 0.0 0.0   262 161161  2 0 0 0.25 0 
10  40.642506 -073.794807 xxx   4.17   798 0.0 0.0    80 161161  1 0 0 0.25 0 
10  40.641308 -073.792625 xxx 301.60   486 0.0 0.0   387 111111  2 0 0 0.25 0 
10  40.645256 -073.775200 xxx  90.00   689 0.0 0.0   184 111111  2 0 0 0.25 0 
10  40.652073 -073.794807 xxx  59.80   787 0.0 0.0    80 161161  1 0 0 0.25 0 
10  40.657116 -073.787086 xxx 163.40   584 0.0 0.0   283 161161  1 0 0 0.25 0 
10  40.650677 -073.784210 xxx 199.60   794 0.0 0.0    66 111111  1 0 0 0.25 0 
10  40.641563 -073.774811 xxx  23.90   648 0.0 0.0   210 111111  1 0 0 0.25 0 
10  40.635685 -073.786140 xxx  59.30   773 0.0 0.0    80 161161  1 0 0 0.25 0 
10  40.643639 -073.792580 xxx  65.50   732 0.0 0.0   118 111111  2 0 0 0.25 0 
10  40.649223 -073.766563 xxx  53.70   636 0.0 0.0   212 161161  1 0 0 0.25 0 
10  40.654633 -073.800095 xxx  90.50   767 0.0 0.0    79 161161  1 0 0 0.25 0 
10  40.646061 -073.774834 xxx  90.60   755 0.0 0.0    82 111111  2 0 0 0.25 0 
10  40.635784 -073.780899 xxx  81.90   743 0.0 0.0    93 161161  1 0 0 0.25 0 
10  40.633839 -073.782272 xxx  31.27   755 0.0 0.0    80 161161  1 0 0 0.25 0 
10  40.648800 -073.808495 xxx 328.90   558 0.0 0.0   276 111111  2 0 0 0.25 0 
10  40.649742 -073.791504 xxx 337.90   748 0.0 0.0    85 111111  2 0 0 0.25 0 
10  40.635677 -073.780090 xxx 242.50   728 0.0 0.0   100 161161  1 0 0 0.25 0 
10  40.645943 -073.792320 xxx   0.00   459 0.0 0.0   361 161161  2 0 0 0.25 0 
10  40.643948 -073.792618 xxx  66.00   703 0.0 0.0   105 161161  1 0 0 0.25 0 
10  40.651367 -073.771950 xxx 300.60   591 0.0 0.0   217 161161  2 0 0 0.25 0 
10  40.656673 -073.777657 xxx  65.10   558 0.0 0.0   249 161161  2 0 0 0.25 0 
10  40.637436 -073.783615 xxx  58.30   525 0.0 0.0   276 111111  2 0 0 0.25 0 
10  40.645473 -073.769592 xxx   0.00   721 0.0 0.0    80 161161  1 0 0 0.25 0 
10  40.637142 -073.776466 xxx 332.10   719 0.0 0.0    80 161161  1 0 0 0.25 0 
10  40.645000 -073.773232 xxx  23.00   660 0.0 0.0   139 111111  1 0 0 0.25 0 
10  40.651440 -073.810837 xxx 312.00   509 0.0 0.0   289 111111  2 0 0 0.25 0 
10  40.654991 -073.814400 xxx  30.00   591 0.0 0.0   203 161161  2 0 0 0.25 0 
10  40.650959 -073.787575 xxx  90.00   683 0.0 0.0   105 161161  2 0 0 0.25 0 
10  40.661743 -073.787666 xxx 300.00   427 0.0 0.0   354 161161  2 0 0 0.25 0 
10  40.638805 -073.794197 xxx 160.00   700 0.0 0.0    80 161161  1 0 0 0.25 0 
10  40.626293 -073.772697 xxx 166.24   574 0.0 0.0   206 161161  1 0 0 0.25 0 
10  40.642506 -073.793991 xxx 357.50   663 0.0 0.0   112 161161  1 0 0 0.25 0 
10  40.644096 -073.763527 xxx 120.80   513 0.0 0.0   256 161161  1 0 0 0.25 0 
10  40.628414 -073.770683 xxx  60.24   689 0.0 0.0    80 161161  1 0 0 0.25 0 
10  40.648193 -073.805885 xxx  62.10   584 0.0 0.0   177 161161  2 0 0 0.25 0 
10  40.650295 -073.788902 xxx 355.00   658 0.0 0.0   100 111111  1 0 0 0.25 0 
10  40.652645 -073.815926 xxx  30.00   577 0.0 0.0   177 161161  2 0 0 0.25 0 
10  40.655983 -073.822098 xxx   9.00   472 0.0 0.0   276 161161  2 0 0 0.25 0 
10  40.656433 -073.821411 xxx 300.00   604 0.0 0.0   144 161161  2 0 0 0.25 0 
10  40.658073 -073.788078 xxx 121.60   603 0.0 0.0   145 161161  1 0 0 0.25 0 
10  40.657249 -073.798065 xxx  30.27   667 0.0 0.0    80 161161  1 0 0 0.25 0 
10  40.646618 -073.773399 xxx 341.90   601 0.0 0.0   143 111111  1 0 0 0.25 0 
10  40.658852 -073.798515 xxx   0.00   479 0.0 0.0   262 161161  2 0 0 0.25 0 
10  40.651009 -073.790344 xxx  90.00   669 0.0 0.0    72 111111  2 0 0 0.25 0 
10  40.656448 -073.812370 xxx 333.70   420 0.0 0.0   315 161161  2 0 0 0.25 0 
10  40.650761 -073.813759 xxx 300.70   512 0.0 0.0   217 161161  2 0 0 0.25 0 
10  40.652832 -073.790199 xxx 102.70   649 0.0 0.0    80 161161  1 0 0 0.25 0 
10  40.651508 -073.780998 xxx   6.79   638 0.0 0.0    80 161161  1 0 0 0.25 0 
10  40.652554 -073.783981 xxx 162.00   636 0.0 0.0    80 161161  1 0 0 0.25 0 
10  40.647743 -073.794373 xxx 331.80   459 0.0 0.0   256 111111  2 0 0 0.25 0 
10  40.655041 -073.783157 xxx  11.20   633 0.0 0.0    79 161161  1 0 0 0.25 0 
10  40.622551 -073.786438 xxx 300.00   632 0.0 0.0    80 161161  1 0 0 0.25 0 
10  40.649899 -073.784798 xxx 179.20   582 0.0 0.0   127 161161  1 0 0 0.25 0 
10  40.623432 -073.786697 xxx  30.32   521 0.0 0.0   187 161161  1 0 0 0.25 0 
10  40.644592 -073.772690 xxx 305.60   516 0.0 0.0   192 161161  1 0 0 0.25 0 
10  40.634377 -073.769142 xxx  16.20   625 0.0 0.0    80 161161  1 0 0 0.25 0 
10  40.629589 -073.767944 xxx 243.70   623 0.0 0.0    80 161161  1 0 0 0.25 0 
10  40.647720 -073.777489 xxx  30.30   604 0.0 0.0    98 111111  2 0 0 0.25 0 
10  40.645702 -073.755470 xxx 154.92   616 0.0 0.0    80 161161  1 0 0 0.25 0 
10  40.652027 -073.771645 xxx  30.00   328 0.0 0.0   367 161161  2 0 0 0.25 0 
10  40.646942 -073.768547 xxx   0.60   614 0.0 0.0    80 161161  1 0 0 0.25 0 
10  40.648933 -073.788673 xxx 353.00   358 0.0 0.0   327 111111  2 0 0 0.25 0 
10  40.652496 -073.815315 xxx  30.00   499 0.0 0.0   184 161161  2 0 0 0.25 0 
10  40.645821 -073.769814 xxx  90.09   600 0.0 0.0    80 161161  1 0 0 0.25 0 
10  40.640205 -073.779869 xxx 330.00   525 0.0 0.0   152 111111  2 0 0 0.25 0 
10  40.660618 -073.798256 xxx  90.00   420 0.0 0.0   256 161161  2 0 0 0.25 0 
10  40.651188 -073.784309 xxx  32.70   529 0.0 0.0   140 161161  1 0 0 0.25 0 
10  40.649445 -073.780663 xxx 212.50   565 0.0 0.0   100 111111  1 0 0 0.25 0 
10  40.648499 -073.790367 xxx  69.00   328 0.0 0.0   337 111111  2 0 0 0.25 0 
10  40.650162 -073.790527 xxx 350.00   481 0.0 0.0   178 111111  2 0 0 0.25 0 
10  40.647697 -073.777107 xxx 211.20   557 0.0 0.0   100 111111  1 0 0 0.25 0 
10  40.655807 -073.813347 xxx  60.00   413 0.0 0.0   243 161161  2 0 0 0.25 0 
10  40.661251 -073.787010 xxx 357.90   453 0.0 0.0   203 161161  2 0 0 0.25 0 
10  40.651958 -073.793053 xxx 151.67   575 0.0 0.0    80 161161  1 0 0 0.25 0 
10  40.643276 -073.799454 xxx 130.00   601 0.0 0.0    50 161161  1 0 0 0.25 0 
10  40.646572 -073.777512 xxx 318.00   525 0.0 0.0   125 111111  2 0 0 0.25 0 
10  40.652115 -073.790024 xxx 103.67   561 0.0 0.0    80 161161  1 0 0 0.25 0 
10  40.649460 -073.781006 xxx  32.60   551 0.0 0.0    88 111111  2 0 0 0.25 0 
10  40.638824 -073.790855 xxx  30.77   558 0.0 0.0    80 161161  1 0 0 0.25 0 
10  40.636986 -073.781120 xxx 334.40   457 0.0 0.0   179 111111  2 0 0 0.25 0 
10  40.649982 -073.777504 xxx  21.79   552 0.0 0.0    80 161161  1 0 0 0.25 0 
10  40.660378 -073.785904 xxx  30.00   328 0.0 0.0   302 111111  2 0 0 0.25 0 
10  40.643528 -073.792061 xxx  64.40   420 0.0 0.0   210 111111  2 0 0 0.25 0 
10  40.648117 -073.773354 xxx  18.79   546 0.0 0.0    80 161161  1 0 0 0.25 0 
10  40.653908 -073.783760 xxx  45.00   545 0.0 0.0    79 161161  1 0 0 0.25 0 
10  40.658798 -073.787415 xxx 210.00   544 0.0 0.0    80 161161  1 0 0 0.25 0 
10  40.644154 -073.773445 xxx  46.60   486 0.0 0.0   132 161161  1 0 0 0.25 0 
10  40.660198 -073.783623 xxx  84.00   427 0.0 0.0   190 161161  2 0 0 0.25 0 
10  40.642353 -073.774284 xxx 337.50   492 0.0 0.0   125 161161  1 0 0 0.25 0 
10  40.648369 -073.800339 xxx   0.00   413 0.0 0.0   203 161161  2 0 0 0.25 0 
10  40.634762 -073.780319 xxx 342.60   535 0.0 0.0    80 161161  1 0 0 0.25 0 
10  40.645073 -073.770752 xxx 180.20   535 0.0 0.0    80 161161  1 0 0 0.25 0 
10  40.630314 -073.766876 xxx  41.50   550 0.0 0.0    60 161161  1 0 0 0.25 0 
10  40.641006 -073.798470 xxx  40.92   517 0.0 0.0    92 161161  1 0 0 0.25 0 
10  40.655025 -073.822189 xxx 354.00   330 0.0 0.0   276 161161  2 0 0 0.25 0 
10  40.632786 -073.780800 xxx 343.20   525 0.0 0.0    80 161161  1 0 0 0.25 0 
10  40.637989 -073.789169 xxx  30.77   520 0.0 0.0    80 161161  1 0 0 0.25 0 
10  40.651531 -073.790039 xxx 288.70   505 0.0 0.0    93 161161  1 0 0 0.25 0 
10  40.637817 -073.783096 xxx 333.90   338 0.0 0.0   243 111111  2 0 0 0.25 0 
10  40.647907 -073.804817 xxx 330.00   413 0.0 0.0   164 161161  2 0 0 0.25 0 
10  40.649239 -073.809067 xxx  33.00   446 0.0 0.0   125 111111  2 0 0 0.25 0 
10  40.652897 -073.796341 xxx   0.00   305 0.0 0.0   263 161161  2 0 0 0.25 0 
10  40.625729 -073.771225 xxx  91.00   487 0.0 0.0    80 161161  1 0 0 0.25 0 
10  40.651413 -073.791061 xxx  86.80   440 0.0 0.0   125 111111  1 0 0 0.25 0 
10  40.649479 -073.809174 xxx  30.00   499 0.0 0.0    66 161161  2 0 0 0.25 0 
10  40.642097 -073.799332 xxx 138.77   485 0.0 0.0    80 161161  1 0 0 0.25 0 
10  40.640503 -073.776657 xxx  58.70   394 0.0 0.0   158 111111  2 0 0 0.25 0 
10  40.632713 -073.777267 xxx 257.20   280 0.0 0.0   271 111111  1 0 0 0.25 0 
10  40.642479 -073.799973 xxx 131.00   501 0.0 0.0    50 161161  1 0 0 0.25 0 
10  40.641682 -073.798630 xxx 130.00   500 0.0 0.0    50 161161  1 0 0 0.25 0 
10  40.646683 -073.773849 xxx 342.00   466 0.0 0.0    79 111111  2 0 0 0.25 0 
10  40.649731 -073.792274 xxx  50.60   205 0.0 0.0   340 111111  2 0 0 0.25 0 
10  40.646664 -073.794685 xxx 181.00   408 0.0 0.0   132 161161  1 0 0 0.25 0 
10  40.654747 -073.781853 xxx  58.29   454 0.0 0.0    80 161161  1 0 0 0.25 0 
10  40.643841 -073.791374 xxx   0.00   453 0.0 0.0    79 111111  2 0 0 0.25 0 
10  40.645748 -073.758957 xxx 141.00   450 0.0 0.0    80 161161  1 0 0 0.25 0 
10  40.647442 -073.774643 xxx 300.80   387 0.0 0.0   138 111111  2 0 0 0.25 0 
10  40.650635 -073.783005 xxx 285.00   328 0.0 0.0   197 111111  2 0 0 0.25 0 
10  40.648983 -073.765015 xxx 169.53   415 0.0 0.0   108 161161  1 0 0 0.25 0 
10  40.652935 -073.796898 xxx 330.60   361 0.0 0.0   161 161161  2 0 0 0.25 0 
10  40.641129 -073.775894 xxx  19.90   407 0.0 0.0   112 111111  2 0 0 0.25 0 
10  40.643082 -073.773811 xxx 239.30   412 0.0 0.0   107 161161  1 0 0 0.25 0 
10  40.648655 -073.780640 xxx  54.00   328 0.0 0.0   190 111111  2 0 0 0.25 0 
10  40.652813 -073.769966 xxx 315.00   413 0.0 0.0   105 161161  2 0 0 0.25 0 
10  40.647984 -073.807297 xxx 333.00   328 0.0 0.0   187 161161  2 0 0 0.25 0 
10  40.647301 -073.808701 xxx  30.77   431 0.0 0.0    80 161161  1 0 0 0.25 0 
10  40.635605 -073.780846 xxx  72.90   394 0.0 0.0   112 161161  1 0 0 0.25 0 
10  40.645832 -073.773315 xxx   3.70   381 0.0 0.0   125 111111  1 0 0 0.25 0 
10  40.656487 -073.776955 xxx 303.00   230 0.0 0.0   276 161161  2 0 0 0.25 0 
10  40.653652 -073.784019 xxx  66.00   328 0.0 0.0   178 161161  1 0 0 0.25 0 
10  40.652119 -073.799553 xxx 347.30   295 0.0 0.0   210 161161  1 0 0 0.25 0 
10  40.651028 -073.773697 xxx  30.79   421 0.0 0.0    80 161161  1 0 0 0.25 0 
10  40.654175 -073.822151 xxx 342.00   328 0.0 0.0   171 161161  2 0 0 0.25 0 
10  40.640717 -073.795853 xxx 341.37   417 0.0 0.0    80 161161  1 0 0 0.25 0 
10  40.636627 -073.782501 xxx 333.00   286 0.0 0.0   207 111111  2 0 0 0.25 0 
10  40.649551 -073.765594 xxx 121.33   290 0.0 0.0   200 161161  1 0 0 0.25 0 
10  40.636887 -073.782974 xxx  58.40   420 0.0 0.0    66 111111  2 0 0 0.25 0 
10  40.636761 -073.782127 xxx 333.90   381 0.0 0.0   105 111111  2 0 0 0.25 0 
10  40.653191 -073.812531 xxx  42.30   420 0.0 0.0    66 161161  2 0 0 0.25 0 
10  40.653084 -073.778206 xxx  30.79   401 0.0 0.0    80 161161  1 0 0 0.25 0 
10  40.639736 -073.789154 xxx  27.00   328 0.0 0.0   151 111111  2 0 0 0.25 0 
10  40.647297 -073.778061 xxx   0.50   328 0.0 0.0   151 111111  2 0 0 0.25 0 
10  40.640980 -073.758598 xxx 189.50   417 0.0 0.0    60 161161  1 0 0 0.25 0 
10  40.637833 -073.790871 xxx 108.00   400 0.0 0.0    70 161161  1 0 0 0.25 0 
10  40.640511 -073.790718 xxx  39.00   328 0.0 0.0   138 111111  2 0 0 0.25 0 
10  40.653416 -073.789726 xxx 291.00   328 0.0 0.0   138 161161  1 0 0 0.25 0 
10  40.635258 -073.763107 xxx 191.10   389 0.0 0.0    77 161161  1 0 0 0.25 0 
10  40.650723 -073.790634 xxx   0.00   164 0.0 0.0   302 111111  2 0 0 0.25 0 
10  40.649399 -073.795982 xxx 359.30   322 0.0 0.0   142 161161  1 0 0 0.25 0 
10  40.651649 -073.791458 xxx  81.60   357 0.0 0.0   107 161161  1 0 0 0.25 0 
10  40.661114 -073.786026 xxx 355.50   309 0.0 0.0   151 161161  2 0 0 0.25 0 
10  40.650490 -073.784523 xxx  21.70   347 0.0 0.0   113 111111  1 0 0 0.25 0 
10  40.654972 -073.775246 xxx  30.00   322 0.0 0.0   138 111111  2 0 0 0.25 0 
10  40.634140 -073.779419 xxx 251.00   398 0.0 0.0    60 161161  1 0 0 0.25 0 
10  40.655094 -073.775597 xxx  29.05   328 0.0 0.0   125 161161  2 0 0 0.25 0 
10  40.626408 -073.783127 xxx 120.53   372 0.0 0.0    80 161161  1 0 0 0.25 0 
10  40.641647 -073.758339 xxx 170.00   380 0.0 0.0    70 161161  1 0 0 0.25 0 
10  40.651588 -073.782249 xxx  33.70   275 0.0 0.0   172 161161  1 0 0 0.25 0 
10  40.651268 -073.796532 xxx  55.50   367 0.0 0.0    80 161161  1 0 0 0.25 0 
10  40.651783 -073.788971 xxx   0.07   372 0.0 0.0    73 161161  1 0 0 0.25 0 
10  40.648247 -073.770454 xxx  36.89   362 0.0 0.0    80 161161  1 0 0 0.25 0 
10  40.646515 -073.773987 xxx 355.10   328 0.0 0.0   112 111111  2 0 0 0.25 0 
10  40.651577 -073.816238 xxx  30.77   359 0.0 0.0    80 161161  1 0 0 0.25 0 
10  40.642506 -073.796890 xxx 309.60   241 0.0 0.0   198 161161  1 0 0 0.25 0 
10  40.635651 -073.762825 xxx  50.77   366 0.0 0.0    70 161161  1 0 0 0.25 0 
10  40.633560 -073.778389 xxx 240.00   355 0.0 0.0    80 161161  1 0 0 0.25 0 
10  40.638676 -073.781723 xxx  57.00   328 0.0 0.0   106 111111  2 0 0 0.25 0 
10  40.661919 -073.788330 xxx  93.00   223 0.0 0.0   210 161161  2 0 0 0.25 0 
10  40.651890 -073.811661 xxx  12.00   262 0.0 0.0   171 111111  2 0 0 0.25 0 
10  40.652740 -073.784042 xxx  40.00   144 0.0 0.0   285 161161  1 0 0 0.25 0 
10  40.656460 -073.798050 xxx  91.20   328 0.0 0.0   100 161161  1 0 0 0.25 0 
10  40.641792 -073.794395 xxx 100.30   347 0.0 0.0    80 111111  1 0 0 0.25 0 
10  40.643250 -073.774071 xxx 217.70   280 0.0 0.0   146 161161  1 0 0 0.25 0 
10  40.636150 -073.775497 xxx 299.30   345 0.0 0.0    80 161161  1 0 0 0.25 0 
10  40.638229 -073.782097 xxx 333.90   328 0.0 0.0    96 111111  2 0 0 0.25 0 
10  40.648335 -073.794670 xxx 130.60   121 0.0 0.0   302 111111  2 0 0 0.25 0 
10  40.654709 -073.813965 xxx   0.00   328 0.0 0.0    92 161161  2 0 0 0.25 0 
10  40.648712 -073.781296 xxx 304.80   328 0.0 0.0    92 111111  2 0 0 0.25 0 
10  40.646744 -073.773102 xxx 331.60   269 0.0 0.0   151 111111  1 0 0 0.25 0 
10  40.654488 -073.813995 xxx 324.00   328 0.0 0.0    92 111111  2 0 0 0.25 0 
10  40.643295 -073.795280 xxx  92.51   339 0.0 0.0    80 161161  1 0 0 0.25 0 
10  40.657986 -073.780167 xxx 302.00   328 0.0 0.0    90 161161  2 0 0 0.25 0 
10  40.635139 -073.781776 xxx 342.00   334 0.0 0.0    80 161161  1 0 0 0.25 0 
10  40.649311 -073.768570 xxx  87.00   241 0.0 0.0   170 161161  1 0 0 0.25 0 
10  40.633739 -073.780609 xxx  30.80   328 0.0 0.0    80 161161  1 0 0 0.25 0 
10  40.649429 -073.797859 xxx 358.30   328 0.0 0.0    80 161161  1 0 0 0.25 0 
10  40.652184 -073.787193 xxx 171.70   328 0.0 0.0    80 161161  1 0 0 0.25 0 
10  40.653980 -073.812973 xxx  87.00   223 0.0 0.0   184 161161  2 0 0 0.25 0 
10  40.649204 -073.765503 xxx 120.43   321 0.0 0.0    86 161161  1 0 0 0.25 0 
10  40.652527 -073.787933 xxx  91.67   325 0.0 0.0    80 161161  1 0 0 0.25 0 
10  40.633255 -073.769341 xxx 330.70   325 0.0 0.0    76 161161  1 0 0 0.25 0 
10  40.641029 -073.794800 xxx 348.97   319 0.0 0.0    80 161161  1 0 0 0.25 0 
10  40.649464 -073.796783 xxx   0.80   318 0.0 0.0    80 161161  1 0 0 0.25 0 
10  40.636272 -073.782257 xxx  81.60   321 0.0 0.0    76 111111  2 0 0 0.25 0 
10  40.655125 -073.813896 xxx  38.10   328 0.0 0.0    66 111111  2 0 0 0.25 0 
10  40.653435 -073.789253 xxx 330.00   321 0.0 0.0    73 161161  1 0 0 0.25 0 
10  40.647957 -073.771019 xxx  78.00   251 0.0 0.0   142 161161  1 0 0 0.25 0 
10  40.642879 -073.796875 xxx 267.00   208 0.0 0.0   185 161161  1 0 0 0.25 0 
10  40.636341 -073.778580 xxx  49.00   301 0.0 0.0    92 161161  1 0 0 0.25 0 
10  40.657055 -073.799202 xxx   0.00   308 0.0 0.0    85 161161  2 0 0 0.25 0 
10  40.649822 -073.795761 xxx 216.50   158 0.0 0.0   230 161161  1 0 0 0.25 0 
10  40.658066 -073.789658 xxx 204.00   242 0.0 0.0   145 161161  1 0 0 0.25 0 
10  40.643528 -073.773743 xxx 313.30   221 0.0 0.0   166 161161  1 0 0 0.25 0 
10  40.647659 -073.771553 xxx  48.00   308 0.0 0.0    79 111111  2 0 0 0.25 0 
10  40.651817 -073.787613 xxx  93.57   306 0.0 0.0    80 161161  1 0 0 0.25 0 
10  40.636532 -073.782982 xxx 312.00   253 0.0 0.0   132 111111  2 0 0 0.25 0 
10  40.649258 -073.784592 xxx  18.79   234 0.0 0.0   148 161161  1 0 0 0.25 0 
10  40.652294 -073.778557 xxx  90.00   251 0.0 0.0   130 161161  1 0 0 0.25 0 
10  40.656033 -073.787277 xxx  37.40   262 0.0 0.0   118 161161  1 0 0 0.25 0 
10  40.654499 -073.798080 xxx  90.50   288 0.0 0.0    90 161161  1 0 0 0.25 0 
10  40.629528 -073.769386 xxx  46.70   275 0.0 0.0    98 161161  1 0 0 0.25 0 
10  40.650551 -073.774071 xxx  71.00   181 0.0 0.0   190 161161  1 0 0 0.25 0 
10  40.653584 -073.777885 xxx 344.00   201 0.0 0.0   170 161161  1 0 0 0.25 0 
10  40.639637 -073.792580 xxx  80.00   221 0.0 0.0   150 161161  1 0 0 0.25 0 
10  40.649635 -073.774811 xxx  80.00   191 0.0 0.0   180 161161  1 0 0 0.25 0 
10  40.652985 -073.798546 xxx 170.00   331 0.0 0.0    40 161161  1 0 0 0.25 0 
10  40.649963 -073.777519 xxx  65.00   181 0.0 0.0   190 161161  1 0 0 0.25 0 
10  40.651718 -073.797752 xxx 120.00   231 0.0 0.0   140 161161  1 0 0 0.25 0 
10  40.629185 -073.769371 xxx 210.85   300 0.0 0.0    71 161161  1 0 0 0.25 0 
10  40.646111 -073.795341 xxx  85.20   289 0.0 0.0    80 161161  1 0 0 0.25 0 
10  40.627998 -073.772377 xxx 257.20   215 0.0 0.0   153 161161  1 0 0 0.25 0 
10  40.648399 -073.797127 xxx  78.77   287 0.0 0.0    80 161161  1 0 0 0.25 0 
10  40.636398 -073.783211 xxx 301.60   299 0.0 0.0    66 111111  2 0 0 0.25 0 
10  40.648907 -073.813919 xxx 347.10   181 0.0 0.0   181 161161  1 0 0 0.25 0 
10  40.646397 -073.756073 xxx 140.00   321 0.0 0.0    40 161161  1 0 0 0.25 0 
10  40.644520 -073.769707 xxx  15.00   301 0.0 0.0    60 161161  1 0 0 0.25 0 
10  40.642479 -073.765854 xxx 165.00   161 0.0 0.0   200 161161  1 0 0 0.25 0 
10  40.639980 -073.792175 xxx  33.75   280 0.0 0.0    80 161161  1 0 0 0.25 0 
10  40.658016 -073.787392 xxx 300.00   262 0.0 0.0    92 161161  1 0 0 0.25 0 
10  40.647766 -073.775551 xxx  97.40   230 0.0 0.0   122 111111  2 0 0 0.25 0 
10  40.634483 -073.778778 xxx  50.00   301 0.0 0.0    50 161161  1 0 0 0.25 0 
10  40.648514 -073.770210 xxx 350.00   161 0.0 0.0   190 161161  1 0 0 0.25 0 
10  40.652287 -073.788971 xxx 208.40   269 0.0 0.0    80 161161  1 0 0 0.25 0 
10  40.654057 -073.776077 xxx  90.00   243 0.0 0.0   105 161161  2 0 0 0.25 0 
10  40.645832 -073.768654 xxx  14.50   267 0.0 0.0    80 161161  1 0 0 0.25 0 
10  40.635372 -073.781441 xxx 120.20   255 0.0 0.0    92 161161  1 0 0 0.25 0 
10  40.640469 -073.773903 xxx  77.00   171 0.0 0.0   170 161161  1 0 0 0.25 0 
10  40.645824 -073.769592 xxx  44.00   171 0.0 0.0   170 161161  1 0 0 0.25 0 
10  40.651859 -073.793015 xxx  14.00   171 0.0 0.0   170 161161  1 0 0 0.25 0 
10  40.638065 -073.789093 xxx  75.00   171 0.0 0.0   170 161161  1 0 0 0.25 0 
10  40.648998 -073.775436 xxx  80.00   171 0.0 0.0   170 161161  1 0 0 0.25 0 
10  40.648064 -073.773376 xxx  70.00   171 0.0 0.0   170 161161  1 0 0 0.25 0 
10  40.633972 -073.782143 xxx  70.00   171 0.0 0.0   170 161161  1 0 0 0.25 0 
10  40.638882 -073.790833 xxx 170.00   171 0.0 0.0   170 161161  1 0 0 0.25 0 
10  40.639965 -073.773048 xxx  78.00   171 0.0 0.0   170 161161  1 0 0 0.25 0 
10  40.649696 -073.781097 xxx  24.00   243 0.0 0.0    98 111111  2 0 0 0.25 0 
10  40.651684 -073.779274 xxx  69.00   171 0.0 0.0   170 161161  1 0 0 0.25 0 
10  40.646141 -073.759537 xxx 130.00   301 0.0 0.0    40 161161  1 0 0 0.25 0 
10  40.651012 -073.779785 xxx  70.00   171 0.0 0.0   170 161161  1 0 0 0.25 0 
10  40.626160 -073.782608 xxx  74.00   171 0.0 0.0   170 161161  1 0 0 0.25 0 
10  40.652615 -073.778557 xxx  72.00   171 0.0 0.0   170 161161  1 0 0 0.25 0 
10  40.644463 -073.803993 xxx  74.80   170 0.0 0.0   170 161161  1 0 0 0.25 0 
10  40.647873 -073.811592 xxx 345.87   170 0.0 0.0   170 161161  1 0 0 0.25 0 
10  40.634411 -073.771698 xxx  73.10   170 0.0 0.0   170 161161  1 0 0 0.25 0 
10  40.647518 -073.808510 xxx 169.30   170 0.0 0.0   170 161161  1 0 0 0.25 0 
10  40.651875 -073.788589 xxx  97.67   259 0.0 0.0    80 161161  1 0 0 0.25 0 
10  40.648026 -073.775490 xxx 277.60   250 0.0 0.0    85 111111  1 0 0 0.25 0 
10  40.634617 -073.780487 xxx   5.50   269 0.0 0.0    66 161161  1 0 0 0.25 0 
10  40.651573 -073.786957 xxx   0.00   180 0.0 0.0   152 111111  1 0 0 0.25 0 
10  40.643772 -073.762375 xxx 120.80   207 0.0 0.0   125 161161  1 0 0 0.25 0 
10  40.640545 -073.799042 xxx  80.00   181 0.0 0.0   150 161161  1 0 0 0.25 0 
10  40.656521 -073.798943 xxx  91.20   249 0.0 0.0    80 161161  1 0 0 0.25 0 
10  40.652767 -073.793205 xxx  64.21   248 0.0 0.0    80 161161  1 0 0 0.25 0 
10  40.624043 -073.786110 xxx  87.53   213 0.0 0.0   115 161161  1 0 0 0.25 0 
10  40.650723 -073.797417 xxx  43.37   246 0.0 0.0    80 161161  1 0 0 0.25 0 
10  40.651943 -073.788940 xxx  50.70   163 0.0 0.0   162 161161  1 0 0 0.25 0 
10  40.637749 -073.769104 xxx 267.50   240 0.0 0.0    84 161161  1 0 0 0.25 0 
10  40.643799 -073.779381 xxx  52.60   223 0.0 0.0   100 111111  2 0 0 0.25 0 
10  40.646210 -073.770821 xxx 350.40   243 0.0 0.0    80 161161  1 0 0 0.25 0 
10  40.648502 -073.796158 xxx 263.40   229 0.0 0.0    93 111111  1 0 0 0.25 0 
10  40.653912 -073.776360 xxx 303.00   184 0.0 0.0   138 161161  2 0 0 0.25 0 
10  40.641602 -073.798332 xxx 100.00   251 0.0 0.0    70 161161  1 0 0 0.25 0 
10  40.653793 -073.821854 xxx 313.90    98 0.0 0.0   223 161161  2 0 0 0.25 0 
10  40.648613 -073.769775 xxx   0.00   161 0.0 0.0   160 161161  1 0 0 0.25 0 
10  40.641865 -073.794884 xxx  50.00   151 0.0 0.0   170 161161  1 0 0 0.25 0 
10  40.651405 -073.796249 xxx  20.00   161 0.0 0.0   160 161161  1 0 0 0.25 0 
10  40.648701 -073.811264 xxx 338.60   250 0.0 0.0    70 161161  1 0 0 0.25 0 
10  40.637947 -073.769173 xxx  77.40   208 0.0 0.0   110 161161  1 0 0 0.25 0 
10  40.650162 -073.797791 xxx  10.70   237 0.0 0.0    80 161161  1 0 0 0.25 0 
10  40.639095 -073.788933 xxx 301.60   230 0.0 0.0    86 111111  2 0 0 0.25 0 
10  40.629250 -073.769287 xxx 272.20   234 0.0 0.0    81 161161  1 0 0 0.25 0 
10  40.639381 -073.792923 xxx 210.95   235 0.0 0.0    80 111111  1 0 0 0.25 0 
10  40.643196 -073.805000 xxx  73.30   161 0.0 0.0   150 161161  1 0 0 0.25 0 
10  40.641335 -073.793922 xxx 174.40   204 0.0 0.0   105 161161  1 0 0 0.25 0 
10  40.653099 -073.789902 xxx  18.00   230 0.0 0.0    79 161161  1 0 0 0.25 0 
10  40.636826 -073.785461 xxx  30.77   219 0.0 0.0    86 161161  1 0 0 0.25 0 
10  40.650291 -073.796448 xxx  43.70   223 0.0 0.0    80 161161  1 0 0 0.25 0 
10  40.628983 -073.769928 xxx  13.50   221 0.0 0.0    81 161161  1 0 0 0.25 0 
10  40.645313 -073.763329 xxx  80.00   231 0.0 0.0    70 161161  1 0 0 0.25 0 
10  40.655807 -073.787445 xxx  87.00   194 0.0 0.0   106 161161  1 0 0 0.25 0 
10  40.648369 -073.816101 xxx 348.77   221 0.0 0.0    76 161161  1 0 0 0.25 0 
10  40.647633 -073.814651 xxx 161.07   221 0.0 0.0    76 161161  1 0 0 0.25 0 
10  40.656654 -073.788971 xxx  33.00   223 0.0 0.0    73 161161  1 0 0 0.25 0 
10  40.633163 -073.780098 xxx 275.00   215 0.0 0.0    80 161161  1 0 0 0.25 0 
10  40.654430 -073.775566 xxx   0.00   228 0.0 0.0    66 161161  2 0 0 0.25 0 
10  40.648743 -073.797791 xxx 350.80   214 0.0 0.0    80 161161  1 0 0 0.25 0 
10  40.654335 -073.815384 xxx  80.30   213 0.0 0.0    80 161161  1 0 0 0.25 0 
10  40.656239 -073.786430 xxx 164.70   178 0.0 0.0   113 161161  1 0 0 0.25 0 
10  40.650909 -073.791809 xxx  60.00   191 0.0 0.0   100 111111  1 0 0 0.25 0 
10  40.641537 -073.796303 xxx 283.50   191 0.0 0.0    99 111111  1 0 0 0.25 0 
10  40.641487 -073.796021 xxx 187.00   201 0.0 0.0    87 161161  1 0 0 0.25 0 
10  40.638184 -073.791489 xxx 350.00   148 0.0 0.0   139 161161  1 0 0 0.25 0 
10  40.633427 -073.769180 xxx   9.01   191 0.0 0.0    96 111111  1 0 0 0.25 0 
10  40.647095 -073.771378 xxx 316.10   205 0.0 0.0    80 161161  1 0 0 0.25 0 
10  40.658447 -073.789070 xxx 261.60   138 0.0 0.0   145 161161  1 0 0 0.25 0 
10  40.640896 -073.776306 xxx  27.00   197 0.0 0.0    85 111111  2 0 0 0.25 0 
10  40.650318 -073.774429 xxx 340.00   201 0.0 0.0    80 161161  1 0 0 0.25 0 
10  40.642399 -073.797478 xxx  51.37   211 0.0 0.0    70 161161  1 0 0 0.25 0 
10  40.635754 -073.775192 xxx   0.00   201 0.0 0.0    80 161161  1 0 0 0.25 0 
10  40.639706 -073.772057 xxx  70.00   201 0.0 0.0    80 161161  1 0 0 0.25 0 
10  40.647499 -073.770264 xxx 318.70   201 0.0 0.0    80 161161  1 0 0 0.25 0 
10  40.650135 -073.773949 xxx  90.00   201 0.0 0.0    80 161161  1 0 0 0.25 0 
10  40.636139 -073.774902 xxx  70.00   201 0.0 0.0    80 161161  1 0 0 0.25 0 
10  40.639347 -073.772346 xxx   0.00   201 0.0 0.0    80 161161  1 0 0 0.25 0 
10  40.633236 -073.779259 xxx  70.00   200 0.0 0.0    80 161161  1 0 0 0.25 0 
10  40.642540 -073.758797 xxx 126.10   200 0.0 0.0    80 161161  1 0 0 0.25 0 
10  40.651455 -073.771187 xxx 345.00   190 0.0 0.0    86 161161  2 0 0 0.25 0 
10  40.657276 -073.790237 xxx  33.00   177 0.0 0.0    99 161161  1 0 0 0.25 0 
10  40.635136 -073.782112 xxx  75.90   210 0.0 0.0    66 161161  1 0 0 0.25 0 
10  40.659870 -073.785622 xxx 352.30   178 0.0 0.0    96 161161  2 0 0 0.25 0 
10  40.658356 -073.789398 xxx  58.79   128 0.0 0.0   145 111111  1 0 0 0.25 0 
10  40.656849 -073.780701 xxx  31.50   207 0.0 0.0    66 161161  2 0 0 0.25 0 
10  40.653606 -073.789749 xxx  72.00   184 0.0 0.0    89 161161  1 0 0 0.25 0 
10  40.654236 -073.783035 xxx  90.20   200 0.0 0.0    72 161161  1 0 0 0.25 0 
10  40.628319 -073.772926 xxx 140.00   201 0.0 0.0    70 161161  1 0 0 0.25 0 
10  40.641563 -073.797104 xxx 100.00   201 0.0 0.0    70 161161  1 0 0 0.25 0 
10  40.639709 -073.794380 xxx 140.00   201 0.0 0.0    70 161161  1 0 0 0.25 0 
10  40.641663 -073.795807 xxx  50.00   201 0.0 0.0    70 161161  1 0 0 0.25 0 
10  40.640400 -073.794670 xxx 356.00   201 0.0 0.0    70 161161  1 0 0 0.25 0 
10  40.641224 -073.795898 xxx 150.00   201 0.0 0.0    70 161161  1 0 0 0.25 0 
10  40.628033 -073.771248 xxx  30.85   201 0.0 0.0    70 161161  1 0 0 0.25 0 
10  40.625809 -073.770416 xxx  70.00   201 0.0 0.0    70 161161  1 0 0 0.25 0 
10  40.640228 -073.795502 xxx 140.00   201 0.0 0.0    70 161161  1 0 0 0.25 0 
10  40.645702 -073.763046 xxx  80.00   201 0.0 0.0    70 161161  1 0 0 0.25 0 
10  40.640709 -073.794594 xxx 150.00   201 0.0 0.0    70 161161  1 0 0 0.25 0 
10  40.641155 -073.798042 xxx  80.00   201 0.0 0.0    70 161161  1 0 0 0.25 0 
10  40.653526 -073.784599 xxx  90.00   200 0.0 0.0    70 161161  1 0 0 0.25 0 
10  40.658585 -073.797806 xxx 270.00   178 0.0 0.0    90 161161  1 0 0 0.25 0 
10  40.652977 -073.792519 xxx  74.27   188 0.0 0.0    80 161161  1 0 0 0.25 0 
10  40.633720 -073.769600 xxx  60.24   182 0.0 0.0    85 161161  1 0 0 0.25 0 
10  40.659206 -073.797768 xxx 270.00   171 0.0 0.0    95 161161  1 0 0 0.25 0 
10  40.653049 -073.791924 xxx  88.50   186 0.0 0.0    80 161161  1 0 0 0.25 0 
10  40.654369 -073.782089 xxx 350.60   171 0.0 0.0    93 161161  1 0 0 0.25 0 
10  40.634155 -073.779869 xxx 100.00   201 0.0 0.0    60 161161  1 0 0 0.25 0 
10  40.636341 -073.776115 xxx   0.00   201 0.0 0.0    60 161161  1 0 0 0.25 0 
10  40.628151 -073.771545 xxx  90.00   201 0.0 0.0    60 161161  1 0 0 0.25 0 
10  40.640549 -073.775368 xxx  30.40   160 0.0 0.0   100 111111  1 0 0 0.25 0 
10  40.652596 -073.788811 xxx 102.07   181 0.0 0.0    79 161161  1 0 0 0.25 0 
10  40.643448 -073.793869 xxx 244.30   197 0.0 0.0    59 161161  1 0 0 0.25 0 
10  40.652237 -073.791924 xxx  75.67   174 0.0 0.0    80 161161  1 0 0 0.25 0 
10  40.641094 -073.763153 xxx 319.10   174 0.0 0.0    80 161161  1 0 0 0.25 0 
10  40.646721 -073.771019 xxx 335.90   173 0.0 0.0    80 161161  1 0 0 0.25 0 
10  40.641354 -073.797775 xxx 350.00   171 0.0 0.0    80 161161  1 0 0 0.25 0 
10  40.634266 -073.779198 xxx  63.00   201 0.0 0.0    50 161161  1 0 0 0.25 0 
10  40.641266 -073.798386 xxx   0.00   171 0.0 0.0    80 161161  1 0 0 0.25 0 
10  40.636673 -073.783485 xxx  58.40   200 0.0 0.0    50 111111  2 0 0 0.25 0 
10  40.648842 -073.780861 xxx  31.50   184 0.0 0.0    66 111111  2 0 0 0.25 0 
10  40.661968 -073.788750 xxx  39.00   157 0.0 0.0    92 161161  2 0 0 0.25 0 
10  40.652294 -073.791382 xxx  86.57   168 0.0 0.0    80 161161  1 0 0 0.25 0 
10  40.646618 -073.812340 xxx 164.00   168 0.0 0.0    76 161161  1 0 0 0.25 0 
10  40.634457 -073.780701 xxx  80.40   188 0.0 0.0    55 111111  1 0 0 0.25 0 
10  40.647297 -073.774879 xxx   0.00   177 0.0 0.0    66 111111  2 0 0 0.25 0 
10  40.652466 -073.819000 xxx 353.10   177 0.0 0.0    66 161161  1 0 0 0.25 0 
10  40.629498 -073.769814 xxx 271.10   177 0.0 0.0    66 161161  1 0 0 0.25 0 
10  40.647125 -073.769905 xxx 332.00   164 0.0 0.0    79 161161  1 0 0 0.25 0 
10  40.645260 -073.758606 xxx 160.00   201 0.0 0.0    40 161161  1 0 0 0.25 0 
10  40.633839 -073.778000 xxx  48.00   201 0.0 0.0    40 161161  1 0 0 0.25 0 
10  40.633244 -073.780289 xxx 111.00   201 0.0 0.0    40 161161  1 0 0 0.25 0 
10  40.652287 -073.780991 xxx 160.00   171 0.0 0.0    70 161161  1 0 0 0.25 0 
10  40.625847 -073.771904 xxx 120.00   171 0.0 0.0    70 161161  1 0 0 0.25 0 
10  40.651497 -073.781158 xxx 150.00   171 0.0 0.0    70 161161  1 0 0 0.25 0 
10  40.650997 -073.765251 xxx 257.20   157 0.0 0.0    80 161161  1 0 0 0.25 0 
10  40.634312 -073.780350 xxx 347.90   112 0.0 0.0   125 111111  1 0 0 0.25 0 
10  40.648697 -073.809593 xxx   0.00   167 0.0 0.0    69 161161  2 0 0 0.25 0 
10  40.627739 -073.772514 xxx  20.00   161 0.0 0.0    70 161161  1 0 0 0.25 0 
10  40.622765 -073.786507 xxx 350.00   161 0.0 0.0    70 161161  1 0 0 0.25 0 
10  40.657417 -073.789955 xxx  70.00   161 0.0 0.0    70 161161  1 0 0 0.25 0 
10  40.654938 -073.783409 xxx  70.00   161 0.0 0.0    70 161161  1 0 0 0.25 0 
10  40.654945 -073.781242 xxx  80.00   161 0.0 0.0    70 161161  1 0 0 0.25 0 
10  40.652191 -073.780685 xxx  80.00   161 0.0 0.0    70 161161  1 0 0 0.25 0 
10  40.636860 -073.776443 xxx 110.00   161 0.0 0.0    70 161161  1 0 0 0.25 0 
10  40.645691 -073.770576 xxx  50.00   161 0.0 0.0    70 161161  1 0 0 0.25 0 
10  40.651352 -073.773239 xxx  80.00   161 0.0 0.0    70 161161  1 0 0 0.25 0 
10  40.627903 -073.772003 xxx 100.00   161 0.0 0.0    70 161161  1 0 0 0.25 0 
10  40.651455 -073.773514 xxx 350.00   161 0.0 0.0    70 161161  1 0 0 0.25 0 
10  40.647812 -073.770653 xxx 312.00   151 0.0 0.0    80 161161  1 0 0 0.25 0 
10  40.647724 -073.768646 xxx 160.00   171 0.0 0.0    60 161161  1 0 0 0.25 0 
10  40.631554 -073.780098 xxx 170.00   151 0.0 0.0    80 161161  1 0 0 0.25 0 
10  40.650623 -073.777336 xxx 350.00   161 0.0 0.0    70 161161  1 0 0 0.25 0 
10  40.651947 -073.782257 xxx 160.00   161 0.0 0.0    70 161161  1 0 0 0.25 0 
10  40.642151 -073.775482 xxx 315.80   184 0.0 0.0    46 111111  2 0 0 0.25 0 
10  40.642300 -073.775459 xxx 318.00   164 0.0 0.0    66 111111  2 0 0 0.25 0 
10  40.659794 -073.785286 xxx  90.00   164 0.0 0.0    66 161161  2 0 0 0.25 0 
10  40.654510 -073.821922 xxx   0.00   144 0.0 0.0    86 111111  2 0 0 0.25 0 
10  40.651550 -073.783607 xxx 262.30   155 0.0 0.0    74 111111  1 0 0 0.25 0 
10  40.646774 -073.812691 xxx 265.07   162 0.0 0.0    66 161161  1 0 0 0.25 0 
10  40.648312 -073.797661 xxx 164.97   148 0.0 0.0    80 161161  1 0 0 0.25 0 
10  40.636726 -073.785759 xxx  82.00   154 0.0 0.0    70 161161  1 0 0 0.25 0 
10  40.640766 -073.762924 xxx 346.90   144 0.0 0.0    80 161161  1 0 0 0.25 0 
10  40.633751 -073.768982 xxx  96.91   155 0.0 0.0    68 161161  1 0 0 0.25 0 
10  40.648899 -073.796730 xxx 345.27   142 0.0 0.0    80 161161  1 0 0 0.25 0 
10  40.651730 -073.817497 xxx 350.10   146 0.0 0.0    76 161161  1 0 0 0.25 0 
10  40.651585 -073.796600 xxx 120.00   161 0.0 0.0    60 161161  1 0 0 0.25 0 
10  40.649494 -073.813271 xxx 251.60   151 0.0 0.0    70 161161  1 0 0 0.25 0 
10  40.653683 -073.784813 xxx   0.00   141 0.0 0.0    80 161161  1 0 0 0.25 0 
10  40.629860 -073.769150 xxx  20.00   151 0.0 0.0    70 161161  1 0 0 0.25 0 
10  40.636398 -073.775696 xxx 350.00   151 0.0 0.0    70 161161  1 0 0 0.25 0 
10  40.656815 -073.788658 xxx  80.00   151 0.0 0.0    70 161161  1 0 0 0.25 0 
10  40.647697 -073.758537 xxx  10.00   151 0.0 0.0    70 161161  1 0 0 0.25 0 
10  40.645931 -073.768768 xxx  50.00   151 0.0 0.0    70 161161  1 0 0 0.25 0 
10  40.622341 -073.785637 xxx  80.00   151 0.0 0.0    70 161161  1 0 0 0.25 0 
10  40.626736 -073.783463 xxx   0.00   151 0.0 0.0    70 161161  1 0 0 0.25 0 
10  40.655807 -073.783104 xxx 150.00   151 0.0 0.0    70 161161  1 0 0 0.25 0 
10  40.643181 -073.795715 xxx  50.00   151 0.0 0.0    70 161161  1 0 0 0.25 0 
10  40.648796 -073.773239 xxx 340.00   151 0.0 0.0    70 161161  1 0 0 0.25 0 
10  40.651745 -073.781761 xxx  80.00   151 0.0 0.0    70 161161  1 0 0 0.25 0 
10  40.641888 -073.796089 xxx  40.00   161 0.0 0.0    60 161161  1 0 0 0.25 0 
10  40.650589 -073.797737 xxx  60.00   151 0.0 0.0    70 161161  1 0 0 0.25 0 
10  40.648682 -073.772919 xxx  80.00   151 0.0 0.0    70 161161  1 0 0 0.25 0 
10  40.647449 -073.771606 xxx   0.00   151 0.0 0.0    70 161161  1 0 0 0.25 0 
10  40.633221 -073.780762 xxx  30.00   151 0.0 0.0    70 161161  1 0 0 0.25 0 
10  40.650524 -073.777031 xxx  80.00   151 0.0 0.0    70 161161  1 0 0 0.25 0 
10  40.645969 -073.795670 xxx  40.00   151 0.0 0.0    70 161161  1 0 0 0.25 0 
10  40.645927 -073.770569 xxx 130.00   151 0.0 0.0    70 161161  1 0 0 0.25 0 
10  40.650623 -073.795929 xxx  60.00   141 0.0 0.0    80 161161  1 0 0 0.25 0 
10  40.645180 -073.803635 xxx 159.90   141 0.0 0.0    76 161161  1 0 0 0.25 0 
10  40.644093 -073.778557 xxx  46.30   151 0.0 0.0    66 111111  2 0 0 0.25 0 
10  40.652420 -073.787361 xxx 121.70   145 0.0 0.0    70 161161  1 0 0 0.25 0 
10  40.651051 -073.764793 xxx 268.00   135 0.0 0.0    80 161161  1 0 0 0.25 0 
10  40.652466 -073.788696 xxx 241.70   144 0.0 0.0    70 161161  1 0 0 0.25 0 
10  40.657085 -073.790276 xxx 340.30    87 0.0 0.0   125 161161  1 0 0 0.25 0 
10  40.633518 -073.768883 xxx  37.90   152 0.0 0.0    60 161161  1 0 0 0.25 0 
10  40.651192 -073.816368 xxx 166.30   134 0.0 0.0    78 161161  1 0 0 0.25 0 
10  40.646786 -073.808907 xxx 170.70   139 0.0 0.0    72 161161  1 0 0 0.25 0 
10  40.642319 -073.758629 xxx 150.00   161 0.0 0.0    50 161161  1 0 0 0.25 0 
10  40.625633 -073.770592 xxx 120.60   141 0.0 0.0    70 161161  1 0 0 0.25 0 
10  40.650417 -073.797554 xxx  50.00   141 0.0 0.0    70 161161  1 0 0 0.25 0 
10  40.643425 -073.795715 xxx 130.00   141 0.0 0.0    70 161161  1 0 0 0.25 0 
10  40.637459 -073.789436 xxx   0.00   141 0.0 0.0    70 161161  1 0 0 0.25 0 
10  40.643372 -073.794907 xxx  60.00   141 0.0 0.0    70 161161  1 0 0 0.25 0 
10  40.650337 -073.815071 xxx 159.80   141 0.0 0.0    70 161161  1 0 0 0.25 0 
10  40.637577 -073.789688 xxx  80.00   141 0.0 0.0    70 161161  1 0 0 0.25 0 
10  40.643181 -073.794907 xxx 130.00   141 0.0 0.0    70 161161  1 0 0 0.25 0 
10  40.638241 -073.791130 xxx 160.00   141 0.0 0.0    70 161161  1 0 0 0.25 0 
10  40.648067 -073.768326 xxx  90.00   151 0.0 0.0    60 161161  1 0 0 0.25 0 
10  40.655064 -073.781555 xxx 170.00   141 0.0 0.0    70 161161  1 0 0 0.25 0 
10  40.646244 -073.795067 xxx  30.00   141 0.0 0.0    70 161161  1 0 0 0.25 0 
10  40.652721 -073.784378 xxx  90.00   141 0.0 0.0    70 161161  1 0 0 0.25 0 
10  40.655872 -073.787697 xxx  80.00   141 0.0 0.0    70 161161  1 0 0 0.25 0 
10  40.636620 -073.785507 xxx   0.00   141 0.0 0.0    70 161161  1 0 0 0.25 0 
10  40.646019 -073.794975 xxx 130.00   141 0.0 0.0    70 161161  1 0 0 0.25 0 
10  40.652504 -073.787117 xxx  18.30   141 0.0 0.0    70 161161  1 0 0 0.25 0 
10  40.652531 -073.789040 xxx 134.90   141 0.0 0.0    70 161161  1 0 0 0.25 0 
10  40.641769 -073.797607 xxx   0.00   141 0.0 0.0    70 161161  1 0 0 0.25 0 
10  40.648205 -073.797440 xxx  30.00   141 0.0 0.0    70 161161  1 0 0 0.25 0 
10  40.651798 -073.786705 xxx  30.00   151 0.0 0.0    60 161161  1 0 0 0.25 0 
10  40.656448 -073.788963 xxx 170.00   141 0.0 0.0    70 161161  1 0 0 0.25 0 
10  40.636181 -073.785309 xxx   0.00   141 0.0 0.0    70 161161  1 0 0 0.25 0 
10  40.639198 -073.793251 xxx  80.00   141 0.0 0.0    70 161161  1 0 0 0.25 0 
10  40.636150 -073.775871 xxx  80.00   141 0.0 0.0    70 161161  1 0 0 0.25 0 
10  40.636116 -073.785011 xxx  80.00   141 0.0 0.0    70 161161  1 0 0 0.25 0 
10  40.648594 -073.796799 xxx  30.00   141 0.0 0.0    70 161161  1 0 0 0.25 0 
10  40.648468 -073.810928 xxx  70.77   141 0.0 0.0    70 161161  1 0 0 0.25 0 
10  40.642319 -073.797821 xxx  90.00   151 0.0 0.0    60 161161  1 0 0 0.25 0 
10  40.651791 -073.771027 xxx  57.00   144 0.0 0.0    66 161161  2 0 0 0.25 0 
10  40.649097 -073.811371 xxx  30.77   136 0.0 0.0    70 161161  1 0 0 0.25 0 
10  40.642727 -073.759247 xxx 107.50   125 0.0 0.0    80 161161  1 0 0 0.25 0 
10  40.646618 -073.769630 xxx 348.00   125 0.0 0.0    80 161161  1 0 0 0.25 0 
10  40.636913 -073.784279 xxx 301.60   128 0.0 0.0    76 111111  2 0 0 0.25 0 
10  40.629047 -073.769699 xxx 286.21   103 0.0 0.0   100 111111  1 0 0 0.25 0 
10  40.649021 -073.811569 xxx 255.97   133 0.0 0.0    70 161161  1 0 0 0.25 0 
10  40.649452 -073.815376 xxx 257.30   134 0.0 0.0    68 161161  1 0 0 0.25 0 
10  40.655689 -073.782806 xxx  80.00   131 0.0 0.0    70 161161  1 0 0 0.25 0 
10  40.634521 -073.781509 xxx  80.00   131 0.0 0.0    70 161161  1 0 0 0.25 0 
10  40.648396 -073.796707 xxx 110.00   131 0.0 0.0    70 161161  1 0 0 0.25 0 
10  40.629280 -073.769974 xxx 150.00   141 0.0 0.0    60 161161  1 0 0 0.25 0 
10  40.652607 -073.793312 xxx  20.00   131 0.0 0.0    70 161161  1 0 0 0.25 0 
10  40.626495 -073.783615 xxx  90.00   131 0.0 0.0    70 161161  1 0 0 0.25 0 
10  40.651356 -073.780838 xxx  80.00   131 0.0 0.0    70 161161  1 0 0 0.25 0 
10  40.652500 -073.793587 xxx 110.00   131 0.0 0.0    70 161161  1 0 0 0.25 0 
10  40.647552 -073.758232 xxx  90.00   141 0.0 0.0    60 161161  1 0 0 0.25 0 
10  40.650398 -073.796532 xxx   0.00   101 0.0 0.0   100 111111  1 0 0 0.25 0 
10  40.634602 -073.781807 xxx   0.00   131 0.0 0.0    70 161161  1 0 0 0.25 0 
10  40.651928 -073.786949 xxx 120.00   131 0.0 0.0    70 161161  1 0 0 0.25 0 
10  40.646191 -073.795853 xxx 120.00   131 0.0 0.0    70 161161  1 0 0 0.25 0 
10  40.639111 -073.792999 xxx   0.00   131 0.0 0.0    70 161161  1 0 0 0.25 0 
10  40.650658 -073.797188 xxx   0.00   101 0.0 0.0   100 111111  1 0 0 0.25 0 
10  40.629398 -073.768867 xxx 120.00   131 0.0 0.0    70 161161  1 0 0 0.25 0 
10  40.648514 -073.767021 xxx  90.00   151 0.0 0.0    50 161161  1 0 0 0.25 0 
10  40.636600 -073.775887 xxx  90.00   131 0.0 0.0    70 161161  1 0 0 0.25 0 
10  40.647575 -073.771935 xxx  90.00   141 0.0 0.0    60 161161  1 0 0 0.25 0 
10  40.650658 -073.795509 xxx  20.00   131 0.0 0.0    70 161161  1 0 0 0.25 0 
10  40.648434 -073.797577 xxx 120.00   131 0.0 0.0    70 161161  1 0 0 0.25 0 
10  40.645088 -073.803383 xxx  66.80   127 0.0 0.0    71 161161  1 0 0 0.25 0 
10  40.651840 -073.817795 xxx 259.80   121 0.0 0.0    76 161161  1 0 0 0.25 0 
10  40.650208 -073.814781 xxx  77.77   121 0.0 0.0    76 161161  1 0 0 0.25 0 
10  40.651302 -073.816597 xxx  70.70   119 0.0 0.0    77 161161  1 0 0 0.25 0 
10  40.653030 -073.791473 xxx  97.00   111 0.0 0.0    80 161161  1 0 0 0.25 0 
10  40.646923 -073.809166 xxx  72.80   119 0.0 0.0    72 161161  1 0 0 0.25 0 
10  40.652344 -073.796768 xxx  10.00   131 0.0 0.0    60 161161  1 0 0 0.25 0 
10  40.653774 -073.784416 xxx  90.00   141 0.0 0.0    50 161161  1 0 0 0.25 0 
10  40.628757 -073.770119 xxx  34.00   131 0.0 0.0    60 161161  1 0 0 0.25 0 
10  40.632290 -073.780449 xxx  90.00   121 0.0 0.0    70 161161  1 0 0 0.25 0 
10  40.648602 -073.796638 xxx 338.47   109 0.0 0.0    80 161161  1 0 0 0.25 0 
10  40.651020 -073.764435 xxx 288.20   109 0.0 0.0    80 161161  1 0 0 0.25 0 
10  40.634998 -073.781967 xxx   8.90    99 0.0 0.0    86 111111  1 0 0 0.25 0 
10  40.649632 -073.813484 xxx 162.77   115 0.0 0.0    70 161161  1 0 0 0.25 0 
10  40.642159 -073.797615 xxx   0.00   131 0.0 0.0    50 161161  1 0 0 0.25 0 
10  40.649994 -073.796738 xxx  18.57    95 0.0 0.0    80 161161  1 0 0 0.25 0 
10  40.650928 -073.786324 xxx 331.90   122 0.0 0.0    49 161161  2 0 0 0.25 0 
10  40.646847 -073.769722 xxx 339.50    85 0.0 0.0    80 161161  1 0 0 0.25 0 
10  40.652294 -073.818848 xxx 146.60   114 0.0 0.0    50 161161  1 0 0 0.25 0 
10  40.641327 -073.763443 xxx 129.32    76 0.0 0.0    80 161161  1 0 0 0.25 0 
10  40.637196 -073.782417 xxx  58.40   110 0.0 0.0    40 111111  2 0 0 0.25 0 
10  40.653118 -073.789124 xxx 108.00    79 0.0 0.0    66 161161  1 0 0 0.25 0 
10  40.642109 -073.775284 xxx  24.00    98 0.0 0.0    46 111111  2 0 0 0.25 0 
10  40.652306 -073.791039 xxx  97.00    61 0.0 0.0    80 161161  1 0 0 0.25 0 
10  40.656963 -073.790047 xxx 150.00   101 0.0 0.0    40 161161  1 0 0 0.25 0 
10  40.636353 -073.781731 xxx 333.90   100 0.0 0.0    40 111111  2 0 0 0.25 0 
10  40.652321 -073.811707 xxx  27.50    66 0.0 0.0    66 111111  2 0 0 0.25 0 
10  40.649105 -073.784828 xxx 343.70    39 0.0 0.0    88 111111  1 0 0 0.25 0 
14  40.643410 -073.781647    321 0 ATC Tower
15  40.641380 -073.784180 330.00 Concorde Terminal
15  40.642509 -073.778786 330.00 International Terminal Heavy
15  40.646980 -073.792870  26.00 North Gate 1
15  40.649105 -073.791512 230.00 North Gate 2
15  40.650150 -073.790657  64.00 North Gate 3
15  40.649754 -073.787155 280.00 North Gate 4
15  40.650047 -073.783203 194.00 North Gate 5
15  40.657700 -073.784225  30.00 North Hangar 1
15  40.659077 -073.783943  30.00 North Hangar 2
15  40.657108 -073.782837  40.00 North Hangar 3
15  40.658108 -073.778961 120.00 North Hangar 4
15  40.657330 -073.775162  40.00 North Hanger 5
15  40.653728 -073.774323   0.00 North Pad Heavy
15  40.652554 -073.770782  30.00 North Pad Medium
15  40.657555 -073.796425  90.00 North West Pad 1
15  40.651653 -073.803719 270.00 North West Pad Expressway
15  40.648003 -073.805771 330.00 South Pad Heavy 3
15  40.654579 -073.810913   0.00 South Parking Heavy
15  40.654564 -073.818535 300.00 South Parking Heavy 2
15  40.639317 -073.782150 330.00 Storage Parking 1
15  40.637878 -073.779816 330.00 Storage Parking 2
15  40.638168 -073.779160 330.00 Storage Parking 3
15  40.638477 -073.778595 330.00 Storage Parking 4
15  40.639458 -073.787491  87.00 Terminal 31L Area
18  40.648354 -073.806374 1 BCN
19  40.648621 -073.815186 1 WS
19  40.627888 -073.773811 1 WS
19  40.650070 -073.768799 1 WS
19  40.644505 -073.806023 1 WS
19  40.645226 -073.760254 1 WS
19  40.640621 -073.760178 1 WS
19  40.642181 -073.798683 1 WS
19  40.632313 -073.783623 1 WS
50 11510 ATIS
50 11540 ATIS
50 11770 ATIS
50 12872 ATIS
51 12295 UNICOM
52 13505 CLNC DEL
53 12165 GND
53 12190 GND
53 12505 GND
54 11910 KENNEDY TWR
54 12390 KENNEDY TWR
55 12370 NEW YORK APP
55 12680 NEW YORK APP
55 12740 NEW YORK APP
55 13240 NEW YORK APP
56 12370 NEW YORK DEP
56 12475 NEW YORK DEP
56 13435 NEW YORK DEP
56 13590 NEW YORK DEP
