1    126 1 0 KLAX Los Angeles Intl
10  33.937872 -118.399620 07L  82.970 12057 0000.0958 0000.0154  151 153143 02 0 3 0.00 1 0300.0300 
10  33.948489 -118.418541 06R  82.960 10256 0331.0000 0000.0174  151 143155 02 0 3 0.00 1 0300.0300 
10  33.935527 -118.400908 07R  82.970 11070 0000.0000 0397.1053  200 143155 02 0 3 0.00 1 0300.0300 
10  33.950634 -118.416600 06L  82.990  8898 0000.0000 0000.0305  151 153143 02 0 3 0.00 1 0300.0300 
10  33.932550 -118.394795 H2x 180.940    75 0000.0000 0000.0000   75 121121 01 0 0 0.00 0 0300.0300 
10  33.942942 -118.406509 H1x  83.660    62 0000.0000 0000.0000   62 121121 02 0 0 0.00 0 0300.0300 
10  33.936711 -118.392541 xxx 245.737   699 0000.0000 0000.0000  110 161161 02 0 0 0.25 0 
10  33.937270 -118.391243 xxx 232.396   225 0000.0000 0000.0000  110 161161 02 0 0 0.25 0 
10  33.937640 -118.390747 xxx 223.135   200 0000.0000 0000.0000  110 161161 02 0 0 0.25 0 
10  33.938049 -118.390368 xxx 212.345   200 0000.0000 0000.0000  110 161161 02 0 0 0.25 0 
10  33.938550 -118.390086 xxx 198.760   230 0000.0000 0000.0000  110 161161 02 0 0 0.25 0 
10  33.934403 -118.399567 xxx  82.987 10896 0000.0000 0000.0000   65 161161 01 0 0 0.25 0 
10  33.935239 -118.393693 xxx 359.750   177 0000.0000 0000.0000   95 161161 01 0 0 0.25 0 
10  33.939271 -118.395459 xxx  82.734  3313 0000.0000 0000.0000   75 161161 02 0 0 0.25 0 
10  33.938652 -118.396916 xxx 126.999   478 0000.0000 0000.0000   70 161161 02 0 0 0.25 0 
10  33.936352 -118.395043 xxx 101.854   548 0000.0000 0000.0000   85 161161 02 0 0 0.25 0 
10  33.936611 -118.396290 xxx 108.832   243 0000.0000 0000.0000   85 161161 02 0 0 0.25 0 
10  33.936810 -118.396922 xxx 112.918   174 0000.0000 0000.0000   85 161161 02 0 0 0.25 0 
10  33.937049 -118.397462 xxx 121.498   214 0000.0000 0000.0000   85 161161 02 0 0 0.25 0 
10  33.937329 -118.397960 xxx 126.846   159 0000.0000 0000.0000   85 161161 02 0 0 0.25 0 
10  33.938347 -118.404211 xxx  82.942  2043 0000.0000 0000.0000   65 161161 01 0 0 0.25 0 
10  33.937992 -118.396674 xxx 358.726   134 0000.0000 0000.0000   85 161161 02 0 0 0.25 0 
10  33.937725 -118.396681 xxx   7.948    73 0000.0000 0000.0000   85 161161 02 0 0 0.25 0 
10  33.937532 -118.396746 xxx  23.346    98 0000.0000 0000.0000   85 161161 02 0 0 0.25 0 
10  33.937238 -118.396919 xxx  27.664   150 0000.0000 0000.0000   85 161161 02 0 0 0.25 0 
10  33.936920 -118.397149 xxx  34.675   130 0000.0000 0000.0000   85 161161 02 0 0 0.25 0 
10  33.936655 -118.397406 xxx  42.210   128 0000.0000 0000.0000   85 161161 02 0 0 0.25 0 
10  33.936164 -118.398050 xxx  49.040   415 0000.0000 0000.0000   85 161161 02 0 0 0.25 0 
10  33.936200 -118.398009 xxx 100.662   614 0000.0000 0000.0000   85 161161 02 0 0 0.25 0 
10  33.936461 -118.399327 xxx 110.733   222 0000.0000 0000.0000   84 161161 02 0 0 0.25 0 
10  33.936698 -118.399937 xxx 119.370   201 0000.0000 0000.0000   85 161161 02 0 0 0.25 0 
10  33.936957 -118.400439 xxx 124.603   172 0000.0000 0000.0000   85 161161 02 0 0 0.25 0 
10  33.938033 -118.401721 xxx 174.913   189 0000.0000 0000.0000  150 161161 02 0 0 0.25 0 
10  33.938402 -118.401682 xxx 207.059   166 0000.0000 0000.0000  125 161161 02 0 0 0.25 0 
10  33.935803 -118.401431 xxx 103.091   545 0000.0000 0000.0000   85 161161 02 0 0 0.25 0 
10  33.936079 -118.402638 xxx 110.458   228 0000.0000 0000.0000   85 161161 02 0 0 0.25 0 
10  33.936299 -118.403265 xxx 116.064   196 0000.0000 0000.0000   85 161161 02 0 0 0.25 0 
10  33.936537 -118.403777 xxx 122.569   173 0000.0000 0000.0000   85 161161 02 0 0 0.25 0 
10  33.936763 -118.404163 xxx 128.453   123 0000.0000 0000.0000   85 161161 02 0 0 0.25 0 
10  33.937739 -118.405318 xxx 356.388   163 0000.0000 0000.0000  145 161161 02 0 0 0.25 0 
10  33.935351 -118.407330 xxx 173.107  1254 0000.0000 0000.0000   75 161161 01 0 0 0.25 0 
10  33.935194 -118.408732 xxx 172.745  1249 0000.0000 0000.0000   75 161161 01 0 0 0.25 0 
10  33.934939 -118.409650 xxx 104.756   580 0000.0000 0000.0000  150 161161 02 0 0 0.25 0 
10  33.935251 -118.410886 xxx 111.796   226 0000.0000 0000.0000  150 161161 02 0 0 0.25 0 
10  33.935480 -118.411448 xxx 121.408   177 0000.0000 0000.0000  120 161161 02 0 0 0.25 0 
10  33.935776 -118.411930 xxx 131.081   207 0000.0000 0000.0000  100 161161 02 0 0 0.25 0 
10  33.936201 -118.412371 xxx 146.150   234 0000.0000 0000.0000  100 161161 02 0 0 0.25 0 
10  33.933974 -118.381229 xxx 179.085  1237 0000.0000 0000.0000 1190 111111 01 0 0 0.25 0 
10  33.935742 -118.381206 xxx 172.104    63 0000.0000 0000.0000   80 161161 01 0 0 0.25 0 
10  33.935887 -118.381246 xxx 161.854    58 0000.0000 0000.0000   80 161161 01 0 0 0.25 0 
10  33.936013 -118.381320 xxx 147.235    67 0000.0000 0000.0000   80 161161 01 0 0 0.25 0 
10  33.936124 -118.381438 xxx 129.241    67 0000.0000 0000.0000   80 161161 01 0 0 0.25 0 
10  33.936183 -118.381618 xxx 100.213    96 0000.0000 0000.0000   80 161161 01 0 0 0.25 0 
10  33.933629 -118.388741 xxx  83.013  2729 0000.0000 0000.0000 1000 111111 01 0 0 0.25 0 
10  33.936201 -118.412621 xxx 353.410   247 0000.0000 0000.0000   80 161161 02 0 0 0.25 0 
10  33.932572 -118.417450 xxx  86.875    41 0000.0000 0000.0000   65 161161 01 0 0 0.25 0 
10  33.932582 -118.417575 xxx 101.681    52 0000.0000 0000.0000   65 161161 01 0 0 0.25 0 
10  33.932618 -118.417693 xxx 118.566    44 0000.0000 0000.0000   65 161161 01 0 0 0.25 0 
10  33.932952 -118.418219 xxx 308.253   367 0000.0000 0000.0000   65 161161 01 0 0 0.25 0 
10  33.933310 -118.418444 xxx 353.739   127 0000.0000 0000.0000  130 161161 01 0 0 0.25 0 
10  33.933517 -118.418865 xxx 350.327    85 0000.0000 0000.0000   65 161161 01 0 0 0.25 0 
10  33.933371 -118.418808 xxx 327.040    56 0000.0000 0000.0000   65 161161 01 0 0 0.25 0 
10  33.933294 -118.418734 xxx 311.195    35 0000.0000 0000.0000   65 161161 01 0 0 0.25 0 
10  33.940135 -118.380046 xxx 177.887   133 0000.0000 0000.0000  125 161161 02 0 0 0.25 0 
10  33.938363 -118.379947 xxx   0.658  1101 0000.0000 0000.0000   80 111111 01 0 0 0.25 0 
10  33.936766 -118.379986 xxx   9.986    74 0000.0000 0000.0000   80 111111 01 0 0 0.25 0 
10  33.936589 -118.380059 xxx  26.305    84 0000.0000 0000.0000   80 111111 01 0 0 0.25 0 
10  33.936464 -118.380173 xxx  52.716    70 0000.0000 0000.0000   80 111111 01 0 0 0.25 0 
10  33.936391 -118.380318 xxx  67.120    54 0000.0000 0000.0000   80 111111 01 0 0 0.25 0 
10  33.936349 -118.380494 xxx  79.447    75 0000.0000 0000.0000   80 111111 01 0 0 0.25 0 
10  33.936306 -118.380821 xxx  81.894   128 0000.0000 0000.0000   80 111111 01 0 0 0.25 0 
10  33.939986 -118.392207 xxx 356.181   288 0000.0000 0000.0000  100 161161 02 0 0 0.25 0 
10  33.939405 -118.397964 xxx 175.918   289 0000.0000 0000.0000  130 161161 02 0 0 0.25 0 
10  33.937395 -118.412791 xxx 172.758   623 0000.0000 0000.0000  125 161161 02 0 0 0.25 0 
10  33.937042 -118.416934 xxx  83.014  5734 0000.0000 0000.0000   75 161161 02 0 0 0.25 0 
10  33.940860 -118.386855 xxx  82.888  2016 0000.0000 0000.0000   65 161161 02 0 0 0.25 0 
10  33.939313 -118.402830 xxx  82.891  3165 0000.0000 0000.0000   80 161161 01 0 0 0.25 0 
10  33.937806 -118.417199 xxx  82.789  5620 0000.0000 0000.0000   80 161161 02 0 0 0.25 0 
10  33.943318 -118.410589 xxx 173.076  3473 0000.0000 0000.0000   70 161161 02 0 0 0.25 0 
10  33.943542 -118.411518 xxx 173.114  3257 0000.0000 0000.0000   65 161161 01 0 0 0.25 0 
10  33.940648 -118.410521 xxx  84.639   192 0000.0000 0000.0000  100 161161 02 0 0 0.25 0 
10  33.940615 -118.410953 xxx  84.959    73 0000.0000 0000.0000  100 161161 01 0 0 0.25 0 
10  33.946091 -118.429627 xxx 264.059   848 0000.0000 0000.0000   80 161161 02 0 0 0.25 0 
10  33.945807 -118.433240 xxx  85.320  1370 0000.0000 0000.0000   90 161161 02 0 0 0.25 0 
10  33.945493 -118.433701 xxx 354.249   198 0000.0000 0000.0000  140 161161 02 0 0 0.25 0 
10  33.945660 -118.423545 xxx 173.238   502 0000.0000 0000.0000  120 161161 02 0 0 0.25 0 
10  33.946510 -118.423669 xxx 172.776   122 0000.0000 0000.0000  120 161161 01 0 0 0.25 0 
10  33.946947 -118.421204 xxx  82.905  4303 0000.0000 0000.0000   70 161161 01 0 0 0.25 0 
10  33.947053 -118.415644 xxx 174.901   341 0000.0000 0000.0000   75 161161 01 0 0 0.25 0 
10  33.945329 -118.418924 xxx 173.513  1152 0000.0000 0000.0000  110 161161 02 0 0 0.25 0 
10  33.947029 -118.419156 xxx 353.738    91 0000.0000 0000.0000  110 161161 01 0 0 0.25 0 
10  33.947214 -118.411830 xxx 262.257   127 0000.0000 0000.0000   85 161161 01 0 0 0.25 0 
10  33.946052 -118.408975 xxx 173.053  1038 0000.0000 0000.0000  250 161161 01 0 0 0.25 0 
10  33.946736 -118.405738 xxx 353.076   786 0000.0000 0000.0000  130 161161 01 0 0 0.25 0 
10  33.947235 -118.402548 xxx 173.310   712 0000.0000 0000.0000  120 161161 01 0 0 0.25 0 
10  33.947756 -118.406490 xxx 263.133  1964 0000.0000 0000.0000   95 161161 01 0 0 0.25 0 
10  33.948186 -118.402784 xxx  75.646   318 0000.0000 0000.0000   95 161161 01 0 0 0.25 0 
10  33.948580 -118.401015 xxx 190.616   120 0000.0000 0000.0000   80 161161 01 0 0 0.25 0 
10  33.948541 -118.400423 xxx 308.482   219 0000.0000 0000.0000   70 161161 01 0 0 0.25 0 
10  33.948280 -118.400094 xxx 327.959    83 0000.0000 0000.0000   70 161161 01 0 0 0.25 0 
10  33.948139 -118.400034 xxx 357.262    65 0000.0000 0000.0000   70 161161 01 0 0 0.25 0 
10  33.947721 -118.400067 xxx   5.300   253 0000.0000 0000.0000   70 161161 01 0 0 0.25 0 
10  33.947042 -118.400099 xxx 359.218   250 0000.0000 0000.0000   70 161161 01 0 0 0.25 0 
10  33.948529 -118.407051 xxx  82.825  3900 0000.0000 0000.0000   80 161161 02 0 0 0.25 0 
10  33.947776 -118.413794 xxx 253.826   245 0000.0000 0000.0000   75 161161 01 0 0 0.25 0 
10  33.948236 -118.414909 xxx 290.862   840 0000.0000 0000.0000   75 161161 02 0 0 0.25 0 
10  33.948237 -118.418388 xxx  55.981   297 0000.0000 0000.0000   75 161161 02 0 0 0.25 0 
10  33.947908 -118.418931 xxx  49.304   119 0000.0000 0000.0000   75 161161 02 0 0 0.25 0 
10  33.947747 -118.419121 xxx  34.669    69 0000.0000 0000.0000   75 161161 02 0 0 0.25 0 
10  33.947604 -118.419213 xxx  22.153    63 0000.0000 0000.0000   75 161161 02 0 0 0.25 0 
10  33.947419 -118.422268 xxx 179.069   394 0000.0000 0000.0000  120 161161 02 0 0 0.25 0 
10  33.946844 -118.427681 xxx 174.211   432 0000.0000 0000.0000  185 161161 02 0 0 0.25 0 
10  33.945730 -118.435421 xxx 188.641   119 0000.0000 0000.0000   76 161161 02 0 0 0.25 0 
10  33.946009 -118.435331 xxx 202.856   110 0000.0000 0000.0000   75 161161 02 0 0 0.25 0 
10  33.946304 -118.435131 xxx 214.392   149 0000.0000 0000.0000   75 161161 02 0 0 0.25 0 
10  33.950197 -118.400801 xxx 173.293   440 0000.0000 0000.0000   80 161161 01 0 0 0.25 0 
10  33.950870 -118.400931 xxx 155.353    82 0000.0000 0000.0000   80 161161 01 0 0 0.25 0 
10  33.951006 -118.401044 xxx 133.448    71 0000.0000 0000.0000   80 161161 01 0 0 0.25 0 
10  33.951081 -118.401183 xxx 110.152    63 0000.0000 0000.0000   80 161161 01 0 0 0.25 0 
10  33.951109 -118.401338 xxx  93.701    58 0000.0000 0000.0000   80 161161 01 0 0 0.25 0 
10  33.951110 -118.401955 xxx 173.165   713 0000.0000 0000.0000   90 161161 02 0 0 0.25 0 
10  33.950222 -118.410928 xxx 174.813   668 0000.0000 0000.0000  100 161161 01 0 0 0.25 0 
10  33.950201 -118.418821 xxx 117.321    87 0000.0000 0000.0000   57 111111 02 0 0 0.25 0 
10  33.949593 -118.416905 xxx 127.543   932 0000.0000 0000.0000   65 161161 02 0 0 0.25 0 
10  33.948599 -118.420473 xxx  52.544  2237 0000.0000 0000.0000   85 161161 02 0 0 0.25 0 
10  33.948595 -118.426668 xxx  46.883   258 0000.0000 0000.0000   80 161161 02 0 0 0.25 0 
10  33.948006 -118.427280 xxx  36.270   327 0000.0000 0000.0000   80 161161 02 0 0 0.25 0 
10  33.948250 -118.430875 xxx 173.965   693 0000.0000 0000.0000   90 161161 02 0 0 0.25 0 
10  33.947446 -118.430906 xxx  34.418   127 0000.0000 0000.0000   83 111111 02 0 0 0.25 0 
10  33.947470 -118.430618 xxx 129.586   127 0000.0000 0000.0000   81 111111 02 0 0 0.25 0 
10  33.948930 -118.430812 xxx  34.457   110 0000.0000 0000.0000   80 111111 02 0 0 0.25 0 
10  33.949256 -118.425586 xxx  56.819   572 0000.0000 0000.0000   80 161161 02 0 0 0.25 0 
10  33.949402 -118.425782 xxx 158.010   148 0000.0000 0000.0000  296 111111 02 0 0 0.25 0 
10  33.949531 -118.424755 xxx  69.142   382 0000.0000 0000.0000   48 111111 02 0 0 0.25 0 
10  33.947891 -118.427100 xxx 148.458   147 0000.0000 0000.0000  154 111111 02 0 0 0.25 0 
10  33.947730 -118.427640 xxx  58.356   126 0000.0000 0000.0000   70 111111 02 0 0 0.25 0 
10  33.950145 -118.418388 xxx 159.225   127 0000.0000 0000.0000  219 111111 02 0 0 0.25 0 
10  33.948648 -118.419984 xxx 158.067   146 0000.0000 0000.0000  263 111111 02 0 0 0.25 0 
10  33.949916 -118.417595 xxx 296.314   276 0000.0000 0000.0000   51 111111 02 0 0 0.25 0 
10  33.949942 -118.418175 xxx  61.392   135 0000.0000 0000.0000   33 111111 02 0 0 0.25 0 
10  33.950164 -118.417485 xxx   5.355   159 0000.0000 0000.0000  123 111111 02 0 0 0.25 0 
10  33.950386 -118.417040 xxx  66.336   204 0000.0000 0000.0000   60 111111 02 0 0 0.25 0 
10  33.949021 -118.416272 xxx 185.822   106 0000.0000 0000.0000  116 111111 02 0 0 0.25 0 
10  33.949486 -118.410994 xxx 214.603    80 0000.0000 0000.0000   64 111111 01 0 0 0.25 0 
10  33.949514 -118.410667 xxx 128.752    63 0000.0000 0000.0000   55 111111 01 0 0 0.25 0 
10  33.950979 -118.410830 xxx  38.369   131 0000.0000 0000.0000   86 111111 01 0 0 0.25 0 
10  33.950968 -118.411224 xxx 126.126   120 0000.0000 0000.0000   87 111111 01 0 0 0.25 0 
10  33.951893 -118.402258 xxx 123.081    95 0000.0000 0000.0000   71 111111 02 0 0 0.25 0 
10  33.950380 -118.401976 xxx  36.843   103 0000.0000 0000.0000   98 111111 02 0 0 0.25 0 
10  33.951087 -118.401674 xxx  83.101   164 0000.0000 0000.0000   80 161161 01 0 0 0.25 0 
10  33.950959 -118.401776 xxx 218.046   116 0000.0000 0000.0000   83 111111 01 0 0 0.25 0 
10  33.951199 -118.401820 xxx 127.888   108 0000.0000 0000.0000   77 111111 01 0 0 0.25 0 
10  33.946210 -118.434589 xxx 308.772   485 0000.0000 0000.0000   72 161161 02 0 0 0.25 0 
10  33.946653 -118.434636 xxx  54.494   204 0000.0000 0000.0000  124 111111 02 0 0 0.25 0 
10  33.946390 -118.434622 xxx 177.562   101 0000.0000 0000.0000   73 111111 02 0 0 0.25 0 
10  33.945850 -118.434323 xxx  31.323    53 0000.0000 0000.0000   49 111111 02 0 0 0.25 0 
10  33.946610 -118.430101 xxx 128.227   588 0000.0000 0000.0000   70 161161 02 0 0 0.25 0 
10  33.947036 -118.430438 xxx  22.883    81 0000.0000 0000.0000  104 111111 02 0 0 0.25 0 
10  33.947373 -118.426982 xxx  57.466   401 0000.0000 0000.0000  143 111111 02 0 0 0.25 0 
10  33.947509 -118.426321 xxx  72.177   210 0000.0000 0000.0000   61 111111 02 0 0 0.25 0 
10  33.946361 -118.427928 xxx  35.344   100 0000.0000 0000.0000   71 111111 02 0 0 0.25 0 
10  33.946943 -118.427388 xxx  26.253    69 0000.0000 0000.0000   45 111111 02 0 0 0.25 0 
10  33.946445 -118.427298 xxx 129.017    93 0000.0000 0000.0000   56 111111 02 0 0 0.25 0 
10  33.946222 -118.429788 xxx  16.354    81 0000.0000 0000.0000  102 111111 01 0 0 0.25 0 
10  33.947286 -118.428044 xxx 127.671   118 0000.0000 0000.0000   93 111111 02 0 0 0.25 0 
10  33.946981 -118.422693 xxx 158.490   140 0000.0000 0000.0000  183 111111 02 0 0 0.25 0 
10  33.946799 -118.423483 xxx  56.734    19 0000.0000 0000.0000   15 111111 02 0 0 0.25 0 
10  33.947007 -118.422008 xxx 131.685   112 0000.0000 0000.0000   71 111111 02 0 0 0.25 0 
10  33.947848 -118.422494 xxx 132.515    94 0000.0000 0000.0000   68 111111 02 0 0 0.25 0 
10  33.947992 -118.421145 xxx  68.408   249 0000.0000 0000.0000   43 111111 02 0 0 0.25 0 
10  33.947907 -118.421934 xxx 141.839    66 0000.0000 0000.0000  149 111111 02 0 0 0.25 0 
10  33.948236 -118.418656 xxx 157.871    54 0000.0000 0000.0000  102 111111 02 0 0 0.25 0 
10  33.948316 -118.417996 xxx  69.796   177 0000.0000 0000.0000   22 111111 02 0 0 0.25 0 
10  33.947309 -118.419230 xxx 177.564    83 0000.0000 0000.0000   80 161161 01 0 0 0.25 0 
10  33.947489 -118.419236 xxx   0.465    54 0000.0000 0000.0000   80 161161 02 0 0 0.25 0 
10  33.947249 -118.419382 xxx 221.389    58 0000.0000 0000.0000   35 111111 01 0 0 0.25 0 
10  33.947276 -118.419067 xxx 126.720    56 0000.0000 0000.0000   38 111111 01 0 0 0.25 0 
10  33.948479 -118.415991 xxx 101.268   372 0000.0000 0000.0000   60 111111 02 0 0 0.25 0 
10  33.948524 -118.415360 xxx   4.857   106 0000.0000 0000.0000  190 111111 02 0 0 0.25 0 
10  33.947835 -118.414209 xxx 185.919    82 0000.0000 0000.0000  123 111111 01 0 0 0.25 0 
10  33.947929 -118.413629 xxx  95.042   241 0000.0000 0000.0000   61 111111 02 0 0 0.25 0 
10  33.948691 -118.410713 xxx 173.111   371 0000.0000 0000.0000   95 161161 01 0 0 0.25 0 
10  33.948280 -118.410868 xxx  37.829   116 0000.0000 0000.0000   56 111111 01 0 0 0.25 0 
10  33.948327 -118.410453 xxx 129.869   108 0000.0000 0000.0000   56 111111 01 0 0 0.25 0 
10  33.948826 -118.409322 xxx 172.768   367 0000.0000 0000.0000   70 161161 01 0 0 0.25 0 
10  33.948462 -118.409121 xxx 128.547   108 0000.0000 0000.0000   69 111111 01 0 0 0.25 0 
10  33.948445 -118.409382 xxx 213.828   103 0000.0000 0000.0000   69 111111 01 0 0 0.25 0 
10  33.949220 -118.409249 xxx  36.136    87 0000.0000 0000.0000   63 111111 01 0 0 0.25 0 
10  33.949191 -118.409507 xxx 129.184    85 0000.0000 0000.0000   63 111111 01 0 0 0.25 0 
10  33.949392 -118.403902 xxx 173.701   374 0000.0000 0000.0000   95 161161 01 0 0 0.25 0 
10  33.949065 -118.410603 xxx  33.398    85 0000.0000 0000.0000   58 111111 01 0 0 0.25 0 
10  33.949047 -118.410944 xxx 306.084    95 0000.0000 0000.0000   66 111111 01 0 0 0.25 0 
10  33.948988 -118.404023 xxx  35.134    97 0000.0000 0000.0000   74 111111 01 0 0 0.25 0 
10  33.949014 -118.403680 xxx 127.771   109 0000.0000 0000.0000   85 111111 01 0 0 0.25 0 
10  33.949766 -118.403747 xxx  39.644   123 0000.0000 0000.0000   63 111111 01 0 0 0.25 0 
10  33.949732 -118.404160 xxx 306.627   118 0000.0000 0000.0000   64 111111 01 0 0 0.25 0 
10  33.949626 -118.401717 xxx 173.567   365 0000.0000 0000.0000   80 161161 02 0 0 0.25 0 
10  33.949933 -118.402188 xxx 113.333   277 0000.0000 0000.0000  135 111111 02 0 0 0.25 0 
10  33.949643 -118.401802 xxx 148.048    91 0000.0000 0000.0000   62 111111 02 0 0 0.25 0 
10  33.949197 -118.401803 xxx 216.831    96 0000.0000 0000.0000   80 111111 02 0 0 0.25 0 
10  33.949327 -118.400827 xxx  37.306    97 0000.0000 0000.0000   64 111111 02 0 0 0.25 0 
10  33.949012 -118.400847 xxx 171.190    85 0000.0000 0000.0000   68 111111 02 0 0 0.25 0 
10  33.948384 -118.401322 xxx 263.497   596 0000.0000 0000.0000   95 161161 01 0 0 0.25 0 
10  33.948713 -118.400525 xxx 168.237    53 0000.0000 0000.0000   55 111111 01 0 0 0.25 0 
10  33.948541 -118.401177 xxx 226.007    59 0000.0000 0000.0000   32 111111 01 0 0 0.25 0 
10  33.948610 -118.400789 xxx 173.507    46 0000.0000 0000.0000   67 111111 01 0 0 0.25 0 
10  33.948738 -118.400784 xxx  83.433   202 0000.0000 0000.0000   76 111111 01 0 0 0.25 0 
10  33.949057 -118.401189 xxx 309.517   377 0000.0000 0000.0000   85 161161 02 0 0 0.25 0 
10  33.949180 -118.400650 xxx 172.366   303 0000.0000 0000.0000   80 161161 02 0 0 0.25 0 
10  33.948801 -118.401019 xxx 174.175    67 0000.0000 0000.0000   67 111111 02 0 0 0.25 0 
10  33.948592 -118.402725 xxx 354.941   282 0000.0000 0000.0000   90 161161 01 0 0 0.25 0 
10  33.948562 -118.403009 xxx 355.786   278 0000.0000 0000.0000   95 161161 01 0 0 0.25 0 
10  33.948266 -118.403166 xxx  40.492   117 0000.0000 0000.0000   69 111111 01 0 0 0.25 0 
10  33.948388 -118.402527 xxx 126.087    91 0000.0000 0000.0000   56 111111 01 0 0 0.25 0 
10  33.948786 -118.403242 xxx 126.438   111 0000.0000 0000.0000   60 111111 01 0 0 0.25 0 
10  33.948875 -118.402572 xxx  43.709    81 0000.0000 0000.0000   46 111111 01 0 0 0.25 0 
10  33.948210 -118.405956 xxx 174.882   308 0000.0000 0000.0000  100 161161 01 0 0 0.25 0 
10  33.947962 -118.406127 xxx 221.018   122 0000.0000 0000.0000   71 111111 01 0 0 0.25 0 
10  33.947989 -118.405714 xxx 123.614   117 0000.0000 0000.0000   78 111111 01 0 0 0.25 0 
10  33.948482 -118.406167 xxx 310.890   106 0000.0000 0000.0000   70 111111 01 0 0 0.25 0 
10  33.948522 -118.405789 xxx  39.159    91 0000.0000 0000.0000   58 111111 01 0 0 0.25 0 
10  33.947866 -118.409169 xxx 175.188   315 0000.0000 0000.0000   75 161161 01 0 0 0.25 0 
10  33.947968 -118.408545 xxx  37.777   434 0000.0000 0000.0000   95 161161 01 0 0 0.25 0 
10  33.947732 -118.408416 xxx 137.655   137 0000.0000 0000.0000  121 111111 01 0 0 0.25 0 
10  33.947621 -118.409300 xxx 218.823    99 0000.0000 0000.0000   61 111111 01 0 0 0.25 0 
10  33.948156 -118.409368 xxx 127.737   104 0000.0000 0000.0000   63 111111 01 0 0 0.25 0 
10  33.947958 -118.408754 xxx 174.207   222 0000.0000 0000.0000  212 111111 01 0 0 0.25 0 
10  33.947336 -118.410668 xxx 263.020   587 0000.0000 0000.0000   85 161161 02 0 0 0.25 0 
10  33.947952 -118.411096 xxx  39.621   109 0000.0000 0000.0000   61 111111 02 0 0 0.25 0 
10  33.947945 -118.411413 xxx 127.055   112 0000.0000 0000.0000   80 111111 02 0 0 0.25 0 
10  33.947159 -118.411010 xxx  37.131   109 0000.0000 0000.0000   68 111111 02 0 0 0.25 0 
10  33.947430 -118.411056 xxx 126.618   102 0000.0000 0000.0000   70 111111 02 0 0 0.25 0 
10  33.947121 -118.411303 xxx 126.854   100 0000.0000 0000.0000   58 111111 02 0 0 0.25 0 
10  33.947417 -118.411337 xxx  38.871    97 0000.0000 0000.0000   57 111111 02 0 0 0.25 0 
10  33.947209 -118.414057 xxx 173.326   338 0000.0000 0000.0000  225 161161 01 0 0 0.25 0 
10  33.947059 -118.411891 xxx  37.421    78 0000.0000 0000.0000   47 111111 01 0 0 0.25 0 
10  33.947339 -118.411944 xxx 305.551    82 0000.0000 0000.0000   52 111111 01 0 0 0.25 0 
10  33.945339 -118.435430 xxx 177.543   183 0000.0000 0000.0000   80 161161 02 0 0 0.25 0 
10  33.945519 -118.435298 xxx  37.636   100 0000.0000 0000.0000   67 111111 02 0 0 0.25 0 
10  33.941098 -118.427003 xxx 353.303  3749 0000.0000 0000.0000   60 161161 02 0 0 0.25 0 
10  33.947884 -118.412048 xxx  35.550   104 0000.0000 0000.0000   87 111111 01 0 0 0.25 0 
10  33.947843 -118.412266 xxx 308.178    88 0000.0000 0000.0000   64 111111 01 0 0 0.25 0 
10  33.947687 -118.413756 xxx 210.071    83 0000.0000 0000.0000   61 111111 01 0 0 0.25 0 
10  33.947571 -118.414496 xxx 116.650    58 0000.0000 0000.0000   55 111111 01 0 0 0.25 0 
10  33.947428 -118.415564 xxx  37.612    75 0000.0000 0000.0000   62 111111 01 0 0 0.25 0 
10  33.947397 -118.415822 xxx 129.574    76 0000.0000 0000.0000   54 111111 01 0 0 0.25 0 
10  33.947077 -118.418972 xxx  37.867    45 0000.0000 0000.0000   36 111111 01 0 0 0.25 0 
10  33.947034 -118.419351 xxx 127.973    50 0000.0000 0000.0000   38 111111 01 0 0 0.25 0 
10  33.946592 -118.423450 xxx  37.794    91 0000.0000 0000.0000   52 111111 01 0 0 0.25 0 
10  33.946546 -118.423891 xxx 129.384    85 0000.0000 0000.0000   61 111111 01 0 0 0.25 0 
10  33.942274 -118.418256 xxx 263.219  3556 0000.0000 0000.0000 2945 111111 02 0 0 0.25 0 
10  33.946174 -118.427585 xxx  38.374   122 0000.0000 0000.0000   83 111111 02 0 0 0.25 0 
10  33.946128 -118.427826 xxx 130.532   112 0000.0000 0000.0000   74 111111 02 0 0 0.25 0 
10  33.945633 -118.433447 xxx  39.433   122 0000.0000 0000.0000   85 111111 02 0 0 0.25 0 
10  33.945615 -118.433988 xxx 127.759    92 0000.0000 0000.0000   60 111111 02 0 0 0.25 0 
10  33.945701 -118.431152 xxx 355.093   178 0000.0000 0000.0000  100 161161 02 0 0 0.25 0 
10  33.945788 -118.431349 xxx 309.762   104 0000.0000 0000.0000   77 111111 02 0 0 0.25 0 
10  33.945836 -118.430949 xxx  41.388   112 0000.0000 0000.0000   58 111111 02 0 0 0.25 0 
10  33.943406 -118.430392 xxx 263.248  1847 0000.0000 0000.0000 1546 111111 02 0 0 0.25 0 
10  33.942892 -118.433889 xxx 330.701   842 0000.0000 0000.0000  727 111111 02 0 0 0.25 0 
10  33.941652 -118.433707 xxx 309.801   134 0000.0000 0000.0000  356 111111 02 0 0 0.25 0 
10  33.941485 -118.433512 xxx 299.131    96 0000.0000 0000.0000  326 111111 02 0 0 0.25 0 
10  33.941348 -118.433342 xxx 274.345   157 0000.0000 0000.0000  244 111111 02 0 0 0.25 0 
10  33.944663 -118.434771 xxx 354.576   345 0000.0000 0000.0000  700 111111 02 0 0 0.25 0 
10  33.944007 -118.434752 xxx 342.879   261 0000.0000 0000.0000  625 111111 02 0 0 0.25 0 
10  33.940449 -118.410948 xxx  38.799    82 0000.0000 0000.0000   51 111111 01 0 0 0.25 0 
10  33.940762 -118.410982 xxx 125.348    84 0000.0000 0000.0000   55 111111 01 0 0 0.25 0 
10  33.940505 -118.410327 xxx 131.062    72 0000.0000 0000.0000   42 111111 02 0 0 0.25 0 
10  33.940816 -118.410349 xxx  38.595    79 0000.0000 0000.0000   61 111111 02 0 0 0.25 0 
10  33.936981 -118.426278 xxx 125.777   122 0000.0000 0000.0000   63 111111 02 0 0 0.25 0 
10  33.936698 -118.426234 xxx  34.362   117 0000.0000 0000.0000   59 111111 02 0 0 0.25 0 
10  33.937504 -118.422616 xxx 352.410   192 0000.0000 0000.0000  140 161161 02 0 0 0.25 0 
10  33.937336 -118.422824 xxx  37.863    90 0000.0000 0000.0000   60 111111 02 0 0 0.25 0 
10  33.937391 -118.422322 xxx 120.170    89 0000.0000 0000.0000   50 111111 02 0 0 0.25 0 
10  33.937822 -118.419692 xxx 179.207   205 0000.0000 0000.0000   90 161161 01 0 0 0.25 0 
10  33.937719 -118.419482 xxx 129.178   103 0000.0000 0000.0000   48 111111 01 0 0 0.25 0 
10  33.937653 -118.419867 xxx 218.807   114 0000.0000 0000.0000   55 111111 01 0 0 0.25 0 
10  33.938183 -118.416286 xxx 178.348   174 0000.0000 0000.0000   85 161161 01 0 0 0.25 0 
10  33.938027 -118.416470 xxx 216.805   103 0000.0000 0000.0000   42 111111 01 0 0 0.25 0 
10  33.938058 -118.416115 xxx 128.682    89 0000.0000 0000.0000   59 111111 01 0 0 0.25 0 
10  33.938562 -118.412526 xxx 359.793   194 0000.0000 0000.0000  220 161161 01 0 0 0.25 0 
10  33.938394 -118.412933 xxx  43.411   150 0000.0000 0000.0000   64 111111 01 0 0 0.25 0 
10  33.938460 -118.412152 xxx 127.369    52 0000.0000 0000.0000   42 111111 01 0 0 0.25 0 
10  33.938405 -118.410777 xxx 173.079   520 0000.0000 0000.0000   75 161161 02 0 0 0.25 0 
10  33.938595 -118.410955 xxx  34.087   131 0000.0000 0000.0000   69 111111 02 0 0 0.25 0 
10  33.938334 -118.410918 xxx 308.033   121 0000.0000 0000.0000   62 111111 02 0 0 0.25 0 
10  33.938370 -118.410625 xxx 214.811   117 0000.0000 0000.0000   65 111111 02 0 0 0.25 0 
10  33.938639 -118.410655 xxx 126.082   108 0000.0000 0000.0000   62 111111 02 0 0 0.25 0 
10  33.938690 -118.409766 xxx 124.132   116 0000.0000 0000.0000   81 111111 02 0 0 0.25 0 
10  33.938661 -118.410041 xxx  37.291   110 0000.0000 0000.0000   81 111111 02 0 0 0.25 0 
10  33.940404 -118.408083 xxx 173.178  1170 0000.0000 0000.0000  250 161161 01 0 0 0.25 0 
10  33.940511 -118.405541 xxx 172.944  1066 0000.0000 0000.0000  130 161161 01 0 0 0.25 0 
10  33.940807 -118.403146 xxx 173.106  1086 0000.0000 0000.0000  200 161161 01 0 0 0.25 0 
10  33.941070 -118.400793 xxx 173.008  1094 0000.0000 0000.0000  185 161161 01 0 0 0.25 0 
10  33.941260 -118.398397 xxx 171.906  1063 0000.0000 0000.0000  150 161161 01 0 0 0.25 0 
10  33.940220 -118.393931 xxx  83.282  2275 0000.0000 0000.0000   80 161161 02 0 0 0.25 0 
10  33.943611 -118.403681 xxx  82.796  3878 0000.0000 0000.0000 3186 111111 02 0 0 0.25 0 
10  33.939938 -118.390048 xxx 173.260   743 0000.0000 0000.0000  120 161161 02 0 0 0.25 0 
10  33.940423 -118.389922 xxx  33.803   112 0000.0000 0000.0000   70 111111 02 0 0 0.25 0 
10  33.940431 -118.390363 xxx 306.871   119 0000.0000 0000.0000   67 111111 02 0 0 0.25 0 
10  33.940629 -118.389927 xxx 298.055    92 0000.0000 0000.0000   55 111111 02 0 0 0.25 0 
10  33.941125 -118.386930 xxx 355.211   205 0000.0000 0000.0000   85 161161 02 0 0 0.25 0 
10  33.940990 -118.386750 xxx 126.598   130 0000.0000 0000.0000   60 111111 02 0 0 0.25 0 
10  33.940960 -118.387054 xxx  36.543   125 0000.0000 0000.0000   65 111111 02 0 0 0.25 0 
10  33.940313 -118.395150 xxx   6.543   162 0000.0000 0000.0000  145 161161 01 0 0 0.25 0 
10  33.940187 -118.395408 xxx  43.179   115 0000.0000 0000.0000   55 111111 01 0 0 0.25 0 
10  33.942886 -118.389433 xxx  83.160  3772 0000.0000 0000.0000 1363 111111 02 0 0 0.25 0 
10  33.936246 -118.426148 xxx 308.579   153 0000.0000 0000.0000   61 111111 02 0 0 0.25 0 
10  33.936026 -118.420231 xxx 173.623  1045 0000.0000 0000.0000   85 161161 02 0 0 0.25 0 
10  33.936794 -118.420472 xxx 218.446   126 0000.0000 0000.0000   79 111111 02 0 0 0.25 0 
10  33.936569 -118.420443 xxx 127.586   118 0000.0000 0000.0000   83 111111 02 0 0 0.25 0 
10  33.936580 -118.420171 xxx  34.683   119 0000.0000 0000.0000   82 111111 02 0 0 0.25 0 
10  33.936827 -118.420202 xxx 308.544   131 0000.0000 0000.0000   76 111111 02 0 0 0.25 0 
10  33.937179 -118.419410 xxx 174.623   279 0000.0000 0000.0000   95 161161 02 0 0 0.25 0 
10  33.937358 -118.420518 xxx 306.954    93 0000.0000 0000.0000   79 111111 02 0 0 0.25 0 
10  33.937378 -118.420312 xxx  34.835    88 0000.0000 0000.0000   77 111111 02 0 0 0.25 0 
10  33.937458 -118.419309 xxx  36.613   116 0000.0000 0000.0000   72 111111 02 0 0 0.25 0 
10  33.937433 -118.419580 xxx 129.693   117 0000.0000 0000.0000   72 111111 02 0 0 0.25 0 
10  33.936920 -118.419224 xxx 127.944   126 0000.0000 0000.0000   84 111111 02 0 0 0.25 0 
10  33.936895 -118.419528 xxx  37.497   131 0000.0000 0000.0000   80 111111 02 0 0 0.25 0 
10  33.937380 -118.412403 xxx 242.381   253 0000.0000 0000.0000   67 111111 02 0 0 0.25 0 
10  33.937300 -118.413189 xxx 282.617   260 0000.0000 0000.0000   66 111111 02 0 0 0.25 0 
10  33.937547 -118.413221 xxx  61.121   265 0000.0000 0000.0000   75 111111 02 0 0 0.25 0 
10  33.937623 -118.412440 xxx 104.493   249 0000.0000 0000.0000   78 111111 02 0 0 0.25 0 
10  33.938132 -118.413336 xxx 279.742   252 0000.0000 0000.0000   66 111111 02 0 0 0.25 0 
10  33.938183 -118.412581 xxx  61.887   214 0000.0000 0000.0000   67 111111 02 0 0 0.25 0 
10  33.935216 -118.419130 xxx 172.936  1150 0000.0000 0000.0000   70 161161 01 0 0 0.25 0 
10  33.936675 -118.419473 xxx 309.097   104 0000.0000 0000.0000   74 111111 01 0 0 0.25 0 
10  33.936699 -118.419231 xxx  37.023   101 0000.0000 0000.0000   84 111111 01 0 0 0.25 0 
10  33.935654 -118.419066 xxx  37.150   119 0000.0000 0000.0000   77 111111 01 0 0 0.25 0 
10  33.936075 -118.419144 xxx 128.680   105 0000.0000 0000.0000   77 111111 01 0 0 0.25 0 
10  33.934756 -118.419626 xxx 263.393   343 0000.0000 0000.0000   85 161161 02 0 0 0.25 0 
10  33.934840 -118.419910 xxx 124.091   128 0000.0000 0000.0000   92 111111 02 0 0 0.25 0 
10  33.933995 -118.418745 xxx 125.710   163 0000.0000 0000.0000   93 111111 01 0 0 0.25 0 
10  33.934666 -118.419193 xxx 307.053   117 0000.0000 0000.0000   73 111111 02 0 0 0.25 0 
10  33.934940 -118.419226 xxx  37.731   119 0000.0000 0000.0000   72 111111 02 0 0 0.25 0 
10  33.937800 -118.410533 xxx 124.430   120 0000.0000 0000.0000   87 111111 02 0 0 0.25 0 
10  33.937777 -118.410826 xxx  37.762   118 0000.0000 0000.0000   83 111111 02 0 0 0.25 0 
10  33.938236 -118.409169 xxx 174.502   290 0000.0000 0000.0000   80 161161 01 0 0 0.25 0 
10  33.938541 -118.409092 xxx  35.083   105 0000.0000 0000.0000   79 111111 01 0 0 0.25 0 
10  33.938533 -118.409326 xxx 128.344   100 0000.0000 0000.0000   87 111111 01 0 0 0.25 0 
10  33.937969 -118.408994 xxx 126.924   121 0000.0000 0000.0000   64 111111 01 0 0 0.25 0 
10  33.937941 -118.409272 xxx  36.552   120 0000.0000 0000.0000   63 111111 01 0 0 0.25 0 
10  33.938441 -118.407289 xxx 173.340   292 0000.0000 0000.0000  290 161161 02 0 0 0.25 0 
10  33.938104 -118.407751 xxx  37.579   137 0000.0000 0000.0000   73 111111 02 0 0 0.25 0 
10  33.938648 -118.407832 xxx 126.641   121 0000.0000 0000.0000   62 111111 01 0 0 0.25 0 
10  33.938768 -118.406834 xxx  36.810   137 0000.0000 0000.0000   80 111111 01 0 0 0.25 0 
10  33.938205 -118.406750 xxx 306.841   131 0000.0000 0000.0000   76 111111 01 0 0 0.25 0 
10  33.938651 -118.405272 xxx 175.361   295 0000.0000 0000.0000   70 161161 01 0 0 0.25 0 
10  33.938916 -118.405446 xxx 308.227   106 0000.0000 0000.0000   56 111111 01 0 0 0.25 0 
10  33.938938 -118.405182 xxx  36.204   100 0000.0000 0000.0000   58 111111 01 0 0 0.25 0 
10  33.938360 -118.405093 xxx 125.600    98 0000.0000 0000.0000   46 111111 01 0 0 0.25 0 
10  33.938323 -118.405370 xxx  37.581    96 0000.0000 0000.0000   49 111111 01 0 0 0.25 0 
10  33.938896 -118.402875 xxx 175.226   297 0000.0000 0000.0000   70 161161 01 0 0 0.25 0 
10  33.938583 -118.402717 xxx 130.474    97 0000.0000 0000.0000   51 111111 01 0 0 0.25 0 
10  33.938567 -118.402936 xxx  33.547    85 0000.0000 0000.0000   59 111111 01 0 0 0.25 0 
10  33.939202 -118.402781 xxx  39.417   106 0000.0000 0000.0000   72 111111 01 0 0 0.25 0 
10  33.939196 -118.403016 xxx 129.892    97 0000.0000 0000.0000   84 111111 01 0 0 0.25 0 
10  33.939153 -118.400460 xxx 174.134   294 0000.0000 0000.0000   90 161161 02 0 0 0.25 0 
10  33.938930 -118.400205 xxx 125.496   179 0000.0000 0000.0000   72 161161 02 0 0 0.25 0 
10  33.939422 -118.400645 xxx 305.701   127 0000.0000 0000.0000   56 111111 01 0 0 0.25 0 
10  33.939447 -118.400368 xxx 214.603   113 0000.0000 0000.0000   61 111111 01 0 0 0.25 0 
10  33.938836 -118.400541 xxx 215.545   109 0000.0000 0000.0000   77 111111 02 0 0 0.25 0 
10  33.939145 -118.397684 xxx 126.548   151 0000.0000 0000.0000   67 111111 02 0 0 0.25 0 
10  33.939128 -118.398129 xxx  38.345   149 0000.0000 0000.0000   69 111111 02 0 0 0.25 0 
10  33.939711 -118.397760 xxx  39.920   128 0000.0000 0000.0000   59 111111 01 0 0 0.25 0 
10  33.939686 -118.398201 xxx 307.396   112 0000.0000 0000.0000   77 111111 01 0 0 0.25 0 
10  33.939692 -118.395210 xxx 181.049   287 0000.0000 0000.0000   95 161161 02 0 0 0.25 0 
10  33.939423 -118.395049 xxx 125.519   121 0000.0000 0000.0000   78 111111 02 0 0 0.25 0 
10  33.939398 -118.395330 xxx  36.347   115 0000.0000 0000.0000   71 111111 02 0 0 0.25 0 
10  33.939746 -118.392020 xxx 124.563   128 0000.0000 0000.0000   66 111111 02 0 0 0.25 0 
10  33.939713 -118.392317 xxx  37.301   117 0000.0000 0000.0000   76 111111 02 0 0 0.25 0 
10  33.940288 -118.392104 xxx  37.045   110 0000.0000 0000.0000   94 111111 02 0 0 0.25 0 
10  33.940260 -118.392371 xxx 306.998   116 0000.0000 0000.0000   86 111111 02 0 0 0.25 0 
10  33.940284 -118.385174 xxx  82.998  2966 0000.0000 0000.0000   65 161161 02 0 0 0.25 0 
10  33.941103 -118.383558 xxx 177.763   453 0000.0000 0000.0000  140 161161 02 0 0 0.25 0 
10  33.939738 -118.389546 xxx  68.549   296 0000.0000 0000.0000   54 111111 02 0 0 0.25 0 
10  33.939687 -118.390527 xxx 279.293   305 0000.0000 0000.0000   64 111111 02 0 0 0.25 0 
10  33.939948 -118.390227 xxx  39.975   129 0000.0000 0000.0000   63 111111 02 0 0 0.25 0 
10  33.939950 -118.389837 xxx 123.120   161 0000.0000 0000.0000   67 111111 02 0 0 0.25 0 
10  33.941255 -118.380437 xxx   0.200   352 0000.0000 0000.0000   65 161161 01 0 0 0.25 0 
10  33.940488 -118.380305 xxx 311.707   284 0000.0000 0000.0000   95 161161 02 0 0 0.25 0 
10  33.940121 -118.380267 xxx 219.407   185 0000.0000 0000.0000   83 161161 02 0 0 0.25 0 
10  33.940270 -118.380325 xxx 178.044   113 0000.0000 0000.0000   51 111111 02 0 0 0.25 0 
10  33.942492 -118.380424 xxx 180.014   654 0000.0000 0000.0000  668 111111 01 0 0 0.25 0 
10  33.941062 -118.383729 xxx 129.748   114 0000.0000 0000.0000   59 111111 02 0 0 0.25 0 
10  33.941286 -118.383745 xxx  41.018   112 0000.0000 0000.0000   69 111111 02 0 0 0.25 0 
10  33.940479 -118.383945 xxx  72.056   269 0000.0000 0000.0000   52 111111 02 0 0 0.25 0 
10  33.940713 -118.383281 xxx 132.895   220 0000.0000 0000.0000   95 161161 02 0 0 0.25 0 
10  33.940857 -118.380550 xxx 220.069   105 0000.0000 0000.0000   63 111111 01 0 0 0.25 0 
10  33.940682 -118.380358 xxx 170.483    26 0000.0000 0000.0000   31 111111 02 0 0 0.25 0 
10  33.933407 -118.418690 xxx 172.338    38 0000.0000 0000.0000   27 111111 01 0 0 0.25 0 
10  33.933470 -118.418250 xxx  37.338    54 0000.0000 0000.0000   46 111111 01 0 0 0.25 0 
10  33.933036 -118.418211 xxx 148.760   117 0000.0000 0000.0000   46 111111 01 0 0 0.25 0 
10  33.933147 -118.401458 xxx  82.970  2806 0000.0000 0000.0000  714 111111 01 0 0 0.25 0 
10  33.936737 -118.412222 xxx  97.691   288 0000.0000 0000.0000   81 111111 02 0 0 0.25 0 
10  33.938298 -118.383012 xxx 173.136  1578 0000.0000 0000.0000   80 161161 01 0 0 0.25 0 
10  33.940363 -118.383168 xxx  37.148   125 0000.0000 0000.0000   77 111111 01 0 0 0.25 0 
10  33.940331 -118.383447 xxx 130.413   122 0000.0000 0000.0000   76 111111 01 0 0 0.25 0 
10  33.939238 -118.383347 xxx 310.636   184 0000.0000 0000.0000   89 111111 01 0 0 0.25 0 
10  33.939771 -118.383369 xxx 214.933   120 0000.0000 0000.0000   73 111111 01 0 0 0.25 0 
10  33.937682 -118.383128 xxx 214.323   152 0000.0000 0000.0000   72 111111 01 0 0 0.25 0 
10  33.937080 -118.382972 xxx 133.494    53 0000.0000 0000.0000   37 111111 01 0 0 0.25 0 
10  33.935614 -118.385063 xxx 359.466   206 0000.0000 0000.0000   89 161161 02 0 0 0.25 0 
10  33.935757 -118.385220 xxx 312.590   106 0000.0000 0000.0000   81 111111 02 0 0 0.25 0 
10  33.935801 -118.384888 xxx  39.459   117 0000.0000 0000.0000   67 111111 02 0 0 0.25 0 
10  33.936244 -118.381377 xxx 262.927   218 0000.0000 0000.0000   80 111111 01 0 0 0.25 0 
10  33.936129 -118.381164 xxx  33.411   124 0000.0000 0000.0000   79 111111 01 0 0 0.25 0 
10  33.936143 -118.381919 xxx 277.575    87 0000.0000 0000.0000   22 111111 01 0 0 0.25 0 
10  33.934497 -118.412367 xxx 172.889  1007 0000.0000 0000.0000   80 161161 01 0 0 0.25 0 
10  33.936365 -118.412259 xxx  25.215   118 0000.0000 0000.0000   97 111111 02 0 0 0.25 0 
10  33.936267 -118.412817 xxx 128.482   177 0000.0000 0000.0000  103 111111 02 0 0 0.25 0 
10  33.935983 -118.412423 xxx 338.507    88 0000.0000 0000.0000   51 111111 02 0 0 0.25 0 
10  33.934864 -118.410487 xxx  93.379   210 0000.0000 0000.0000  108 111111 02 0 0 0.25 0 
10  33.934660 -118.412206 xxx 126.227   152 0000.0000 0000.0000   89 111111 01 0 0 0.25 0 
10  33.934623 -118.412560 xxx 215.306   152 0000.0000 0000.0000   83 111111 01 0 0 0.25 0 
10  33.934087 -118.412178 xxx  36.079   139 0000.0000 0000.0000   98 111111 01 0 0 0.25 0 
10  33.934075 -118.412470 xxx 305.775   140 0000.0000 0000.0000   96 111111 01 0 0 0.25 0 
10  33.933241 -118.411990 xxx 128.686   127 0000.0000 0000.0000   79 111111 01 0 0 0.25 0 
10  33.933201 -118.412330 xxx  37.729   115 0000.0000 0000.0000   89 111111 01 0 0 0.25 0 
10  33.935513 -118.412938 xxx 173.374   236 0000.0000 0000.0000  175 111111 02 0 0 0.25 0 
10  33.935862 -118.412930 xxx  53.709   192 0000.0000 0000.0000   89 111111 02 0 0 0.25 0 
10  33.935179 -118.412809 xxx 109.950   207 0000.0000 0000.0000   89 111111 02 0 0 0.25 0 
10  33.935100 -118.408951 xxx 221.487   188 0000.0000 0000.0000  111 111111 02 0 0 0.25 0 
10  33.935089 -118.409366 xxx  85.846   215 0000.0000 0000.0000   65 111111 02 0 0 0.25 0 
10  33.935042 -118.408521 xxx 124.507   130 0000.0000 0000.0000   87 111111 01 0 0 0.25 0 
10  33.933602 -118.408603 xxx  27.541    94 0000.0000 0000.0000   66 111111 01 0 0 0.25 0 
10  33.933643 -118.408372 xxx 138.689   105 0000.0000 0000.0000   56 111111 01 0 0 0.25 0 
10  33.937383 -118.409050 xxx 172.707   346 0000.0000 0000.0000   80 161161 02 0 0 0.25 0 
10  33.937736 -118.408932 xxx  37.249   113 0000.0000 0000.0000   50 111111 02 0 0 0.25 0 
10  33.937698 -118.409217 xxx 310.275    94 0000.0000 0000.0000   69 111111 02 0 0 0.25 0 
10  33.937106 -118.409145 xxx 219.077   109 0000.0000 0000.0000   64 111111 02 0 0 0.25 0 
10  33.937133 -118.408847 xxx 123.210    89 0000.0000 0000.0000   61 111111 02 0 0 0.25 0 
10  33.936663 -118.409097 xxx 128.960    97 0000.0000 0000.0000   54 111111 01 0 0 0.25 0 
10  33.936698 -118.408804 xxx  38.418   105 0000.0000 0000.0000   49 111111 01 0 0 0.25 0 
10  33.934431 -118.408759 xxx 307.522   100 0000.0000 0000.0000   68 111111 01 0 0 0.25 0 
10  33.934459 -118.408491 xxx  36.619    94 0000.0000 0000.0000   75 111111 01 0 0 0.25 0 
10  33.937535 -118.407663 xxx 174.431   331 0000.0000 0000.0000  100 161161 02 0 0 0.25 0 
10  33.937255 -118.407461 xxx 128.504   136 0000.0000 0000.0000   82 111111 02 0 0 0.25 0 
10  33.937218 -118.407781 xxx 218.583   120 0000.0000 0000.0000   89 111111 02 0 0 0.25 0 
10  33.937864 -118.407911 xxx 303.970   118 0000.0000 0000.0000   66 111111 02 0 0 0.25 0 
10  33.937889 -118.407522 xxx  36.573   115 0000.0000 0000.0000   72 111111 01 0 0 0.25 0 
10  33.936859 -118.407353 xxx  35.433   174 0000.0000 0000.0000   91 111111 01 0 0 0.25 0 
10  33.936803 -118.407749 xxx 306.571   163 0000.0000 0000.0000   86 111111 01 0 0 0.25 0 
10  33.933777 -118.406927 xxx 126.998   133 0000.0000 0000.0000   67 111111 01 0 0 0.25 0 
10  33.933769 -118.407244 xxx  34.206   137 0000.0000 0000.0000   66 111111 01 0 0 0.25 0 
10  33.935219 -118.407156 xxx 127.444   173 0000.0000 0000.0000   84 111111 01 0 0 0.25 0 
10  33.935179 -118.407442 xxx 214.236   151 0000.0000 0000.0000   84 111111 01 0 0 0.25 0 
10  33.934590 -118.407066 xxx  31.775   156 0000.0000 0000.0000   71 111111 01 0 0 0.25 0 
10  33.934595 -118.407384 xxx 307.022   187 0000.0000 0000.0000   92 111111 01 0 0 0.25 0 
10  33.934711 -118.402278 xxx 232.154   873 0000.0000 0000.0000   85 161161 02 0 0 0.25 0 
10  33.934152 -118.403408 xxx  66.850   297 0000.0000 0000.0000   41 111111 02 0 0 0.25 0 
10  33.934263 -118.402457 xxx  66.311   304 0000.0000 0000.0000  196 111111 02 0 0 0.25 0 
10  33.937502 -118.405270 xxx 128.620   741 0000.0000 0000.0000   85 161161 02 0 0 0.25 0 
10  33.938134 -118.405236 xxx  25.452   140 0000.0000 0000.0000  129 161161 02 0 0 0.25 0 
10  33.937996 -118.405617 xxx 177.979   113 0000.0000 0000.0000  181 111111 02 0 0 0.25 0 
10  33.938178 -118.404977 xxx  58.361    80 0000.0000 0000.0000   26 111111 02 0 0 0.25 0 
10  33.937495 -118.405498 xxx 189.675    36 0000.0000 0000.0000   42 111111 02 0 0 0.25 0 
10  33.937575 -118.404934 xxx 119.446   179 0000.0000 0000.0000   83 111111 02 0 0 0.25 0 
10  33.935740 -118.402050 xxx  95.014   260 0000.0000 0000.0000  108 111111 02 0 0 0.25 0 
10  33.937783 -118.401707 xxx 128.744   812 0000.0000 0000.0000   85 161161 02 0 0 0.25 0 
10  33.937131 -118.404461 xxx 108.140    71 0000.0000 0000.0000   75 111111 02 0 0 0.25 0 
10  33.938548 -118.401367 xxx  52.095   125 0000.0000 0000.0000   41 111111 02 0 0 0.25 0 
10  33.938299 -118.402077 xxx 173.025   144 0000.0000 0000.0000  175 111111 02 0 0 0.25 0 
10  33.938420 -118.402413 xxx 174.100    45 0000.0000 0000.0000   41 111111 02 0 0 0.25 0 
10  33.937846 -118.402012 xxx 188.334    45 0000.0000 0000.0000   59 111111 02 0 0 0.25 0 
10  33.937903 -118.401202 xxx 103.323   218 0000.0000 0000.0000   68 111111 02 0 0 0.25 0 
10  33.936098 -118.398529 xxx  90.940   307 0000.0000 0000.0000  117 111111 02 0 0 0.25 0 
10  33.936342 -118.398074 xxx  77.820   113 0000.0000 0000.0000   29 111111 02 0 0 0.25 0 
10  33.936299 -118.397583 xxx  75.328    86 0000.0000 0000.0000   82 111111 02 0 0 0.25 0 
10  33.938133 -118.399082 xxx 311.357   746 0000.0000 0000.0000   85 161161 02 0 0 0.25 0 
10  33.938409 -118.398432 xxx 199.999   438 0000.0000 0000.0000  160 161161 02 0 0 0.25 0 
10  33.938431 -118.398948 xxx  19.577   378 0000.0000 0000.0000  161 111111 02 0 0 0.25 0 
10  33.938622 -118.399283 xxx 195.120   150 0000.0000 0000.0000  234 111111 02 0 0 0.25 0 
10  33.937776 -118.398382 xxx  19.945    97 0000.0000 0000.0000   90 111111 02 0 0 0.25 0 
10  33.938202 -118.398195 xxx 311.207    88 0000.0000 0000.0000   66 111111 02 0 0 0.25 0 
10  33.936401 -118.396001 xxx  89.691   216 0000.0000 0000.0000  121 111111 02 0 0 0.25 0 
10  33.938521 -118.396419 xxx 109.776   371 0000.0000 0000.0000   65 111111 02 0 0 0.25 0 
10  33.938485 -118.396892 xxx  95.436   180 0000.0000 0000.0000  140 111111 02 0 0 0.25 0 
10  33.938957 -118.397163 xxx 105.384    53 0000.0000 0000.0000   50 111111 02 0 0 0.25 0 
10  33.939918 -118.395402 xxx 311.546   123 0000.0000 0000.0000   71 111111 02 0 0 0.25 0 
10  33.939980 -118.395021 xxx  43.289   101 0000.0000 0000.0000   46 111111 02 0 0 0.25 0 
10  33.935158 -118.393500 xxx 130.340   128 0000.0000 0000.0000   59 111111 01 0 0 0.25 0 
10  33.935104 -118.393849 xxx  36.271   104 0000.0000 0000.0000   52 111111 01 0 0 0.25 0 
10  33.937461 -118.393706 xxx 179.787  1445 0000.0000 0000.0000   95 161161 02 0 0 0.25 0 
10  33.939276 -118.393940 xxx 308.907   149 0000.0000 0000.0000   67 111111 02 0 0 0.25 0 
10  33.939326 -118.393532 xxx  40.700   150 0000.0000 0000.0000   60 111111 02 0 0 0.25 0 
10  33.936601 -118.393530 xxx 138.828   154 0000.0000 0000.0000  103 111111 02 0 0 0.25 0 
10  33.936584 -118.393912 xxx 220.553   176 0000.0000 0000.0000   85 111111 02 0 0 0.25 0 
10  33.935932 -118.393489 xxx  39.144   174 0000.0000 0000.0000   71 111111 02 0 0 0.25 0 
10  33.935898 -118.393933 xxx 131.607   166 0000.0000 0000.0000   77 111111 02 0 0 0.25 0 
10  33.937923 -118.393563 xxx 107.411   213 0000.0000 0000.0000  110 161161 02 0 0 0.25 0 
10  33.937751 -118.393049 xxx 119.203   146 0000.0000 0000.0000  110 161161 02 0 0 0.25 0 
10  33.937523 -118.392639 xxx 127.579   171 0000.0000 0000.0000  110 161161 02 0 0 0.25 0 
10  33.937219 -118.392232 xxx 136.767   183 0000.0000 0000.0000  110 161161 02 0 0 0.25 0 
10  33.936193 -118.391258 xxx 142.704   780 0000.0000 0000.0000  110 161161 02 0 0 0.25 0 
10  33.938133 -118.394577 xxx 102.295   449 0000.0000 0000.0000  110 161161 02 0 0 0.25 0 
10  33.938216 -118.393819 xxx  16.287   152 0000.0000 0000.0000  223 111111 02 0 0 0.25 0 
10  33.936837 -118.391669 xxx 166.854   139 0000.0000 0000.0000  329 111111 02 0 0 0.25 0 
10  33.937150 -118.391825 xxx  89.612   145 0000.0000 0000.0000   41 111111 02 0 0 0.25 0 
10  33.939016 -118.390374 xxx 246.473   211 0000.0000 0000.0000   44 111111 02 0 0 0.25 0 
10  33.939103 -118.389719 xxx 128.760    73 0000.0000 0000.0000   40 111111 02 0 0 0.25 0 
10  33.938664 -118.389826 xxx  57.358    78 0000.0000 0000.0000   35 111111 02 0 0 0.25 0 
10  33.938616 -118.390266 xxx  46.643    30 0000.0000 0000.0000   33 111111 02 0 0 0.25 0 
10  33.935477 -118.390930 xxx 198.844   141 0000.0000 0000.0000  123 111111 02 0 0 0.25 0 
10  33.935483 -118.390004 xxx  93.498   314 0000.0000 0000.0000   39 111111 02 0 0 0.25 0 
10  33.935023 -118.390574 xxx  83.383  1748 0000.0000 0000.0000  161 111111 01 0 0 0.25 0 
14  33.944019 -118.403774 200 0 Tower Viewpoint
18  33.942580 -118.414411 1 BCN
19  33.948438 -118.430206 0 06L WS
19  33.951107 -118.402685 0 24R WS
19  33.936442 -118.418790 0 Windsock 1
19  33.933197 -118.417519 0 Windsock 2
19  33.936648 -118.383577 0 Windsock 3
19  33.939983 -118.383949 0 Windsock 4
19  33.949564 -118.402427 0 Windsock 5
19  33.946313 -118.433561 0 Windsock 6
50 13565 ATIS
51 12295 UNICOM
52 12140 CLNC DEL
53 12175 GND
54 13390 TWR
55 12850 SOCAL APP
56 12520 SOCAL DEP
