1     131 0 1 KIKG KLEBERG CO
10  27.550856 -098.030925 13x 140.17  6002 0000.0000 0000.0000    75 331331  1 0 2 0.25 0 0300.0300
10  27.556941 -098.037102 xxx 230.17   164 0.0 0.0    37 161161  1 0 0 0.25 0 
10  27.550658 -098.031192 xxx 230.17   164 0.0 0.0    37 161161  1 0 0 0.25 0 
10  27.544375 -098.025281 xxx 230.17   164 0.0 0.0    37 161161  1 0 0 0.25 0 
10  27.550493 -098.031414 xxx 140.17  6002 0.0 0.0    37 161161  1 0 0 0.25 0 
18  27.551317 -098.030302 1 BCN
19  27.557533 -098.036755 1 WS
19  27.544178 -098.025096 1 WS
50 11907 AWOS 3
51 12270 CTAF/UNICOM
55 11990 KINGSVILLE APP
56 11990 KINGSVILLE DEP
