1    1870 1 0 KLSV Nellis AFB
10  36.237136 -115.035485 03L  41.16  10116    0.0000 1000.1000  220 321321 02 1 2 0.25 1 0300.0300
10  36.235255 -115.033014 03R  41.16  10048    0.0000 1000.1000  150 324324 02 1 3 0.25 1 0300.0300
10  36.239208 -115.025164 xxx  41.16   4990    0.0000    0.0000   67 161161 02 0 0 0.25 0 0000.0000
10  36.246248 -115.023085 xxx 126.00    449    0.0000    0.0000   74 111111 02 0 0 0.25 0 0000.0000
10  36.233425 -115.037167 xxx 130.70    828    0.0000    0.0000   87 161161 02 0 0 0.25 0 0000.0000
10  36.245762 -115.028366 xxx  92.30    234    0.0000    0.0000  120 111111 02 0 0 0.25 0 0000.0000
10  36.246423 -115.016797 xxx   1.30    409    0.0000    0.0000  139 111111 02 0 0 0.25 0 0000.0000
10  36.249038 -115.031195 xxx   1.80   1240    0.0000    0.0000   46 161161 02 0 0 0.25 0 0000.0000
10  36.247177 -115.029188 xxx  91.90   2376    0.0000    0.0000   74 161161 02 0 0 0.25 0 0000.0000
10  36.245136 -115.031389 xxx 181.60   1463    0.0000    0.0000   71 161161 02 0 0 0.25 0 0000.0000
10  36.244375 -115.021032 xxx 130.00    335    0.0000    0.0000  192 111111 02 0 0 0.25 0 0000.0000
10  36.251432 -115.028048 xxx  96.90     64    0.0000    0.0000   82 111111 02 0 0 0.25 0 0000.0000
10  36.245103 -115.021531 xxx 129.00    235    0.0000    0.0000  126 161161 02 0 0 0.25 0 0000.0000
10  36.250285 -115.030254 xxx  91.50    260    0.0000    0.0000  252 111111 02 0 0 0.25 0 0000.0000
10  36.229510 -115.024519 xxx 122.00   1144    0.0000    0.0000  101 161161 02 0 0 0.25 0 0000.0000
10  36.231284 -115.034151 xxx 131.20   1255    0.0000    0.0000   87 161161 02 0 0 0.25 0 0000.0000
10  36.227971 -115.028875 xxx 130.60    116    0.0000    0.0000  110 111111 02 0 0 0.25 0 0000.0000
10  36.249347 -115.032998 xxx  92.30    116    0.0000    0.0000  115 111111 02 0 0 0.25 0 0000.0000
10  36.251540 -115.029217 xxx  96.60    712    0.0000    0.0000  100 161161 01 0 0 0.25 0 0000.0000
10  36.225808 -115.045366 xxx 131.27    818    0.0000    0.0000   67 161161 02 0 0 0.25 0 0000.0000
10  36.226791 -115.036033 xxx  41.26   3835    0.0000    0.0000   67 161161 02 0 0 0.25 0 0000.0000
10  36.246688 -115.025901 xxx  91.80    400    0.0000    0.0000  102 111111 02 0 0 0.25 0 0000.0000
10  36.249096 -115.033010 xxx   2.00   1245    0.0000    0.0000   93 111111 01 0 0 0.25 0 0000.0000
10  36.245582 -115.019439 xxx 181.20    699    0.0000    0.0000   67 161161 02 0 0 0.25 0 0000.0000
10  36.249566 -115.030880 xxx  92.00    134    0.0000    0.0000   40 111111 02 0 0 0.25 0 0000.0000
10  36.245250 -115.018434 xxx 271.20    548    0.0000    0.0000   67 161161 02 0 0 0.25 0 0000.0000
10  36.233906 -115.041389 xxx  41.37   8806    0.0000    0.0000   75 161161 02 0 0 0.25 0 0000.0000
10  36.234785 -115.039394 xxx 130.60    393    0.0000    0.0000   87 161161 02 0 0 0.25 0 0000.0000
10  36.246680 -115.034133 xxx  91.91    525    0.0000    0.0000  610 111111 02 0 0 0.25 0 0000.0000
10  36.245801 -115.034758 xxx 100.70    262    0.0000    0.0000  262 111111 02 0 0 0.25 0 0000.0000
10  36.248522 -115.031447 xxx   1.60    862    0.0000    0.0000   93 111111 02 0 0 0.25 0 0000.0000
10  36.243053 -115.031495 xxx 199.40     78    0.0000    0.0000   71 161161 02 0 0 0.25 0 0000.0000
10  36.244283 -115.032620 xxx   1.60    872    0.0000    0.0000  640 111111 02 0 0 0.25 0 0000.0000
10  36.234483 -115.042115 xxx  41.37   8786    0.0000    0.0000  528 111111 02 0 0 0.25 0 0000.0000
10  36.246192 -115.039660 xxx 326.20     29    0.0000    0.0000   20 111111 01 0 0 0.25 0 0000.0000
10  36.245519 -115.029081 xxx  91.90   1284    0.0000    0.0000   70 161161 02 0 0 0.25 0 0000.0000
10  36.244538 -115.020581 xxx 131.00    465    0.0000    0.0000   74 161161 02 0 0 0.25 0 0000.0000
10  36.244068 -115.020118 xxx 171.10    117    0.0000    0.0000   80 111111 02 0 0 0.25 0 0000.0000
10  36.230729 -115.028860 xxx  91.60   1405    0.0000    0.0000   70 161161 02 0 0 0.25 0 0000.0000
10  36.246176 -115.023395 xxx 126.00    823    0.0000    0.0000   74 161161 02 0 0 0.25 0 0000.0000
10  36.245770 -115.022798 xxx 162.10    117    0.0000    0.0000   80 111111 02 0 0 0.25 0 0000.0000
10  36.245394 -115.024436 xxx  91.90    995    0.0000    0.0000   70 161161 02 0 0 0.25 0 0000.0000
10  36.227363 -115.047422 xxx 130.00    401    0.0000    0.0000   67 161161 02 0 0 0.25 0 0000.0000
10  36.245401 -115.022959 xxx 240.10     71    0.0000    0.0000   73 111111 02 0 0 0.25 0 0000.0000
10  36.247607 -115.028747 xxx  91.70    390    0.0000    0.0000  252 111111 02 0 0 0.25 0 0000.0000
10  36.246569 -115.035591 xxx   0.00    702    0.0000    0.0000  354 111111 01 0 0 0.25 0 0000.0000
10  36.247491 -115.028028 xxx 152.20    298    0.0000    0.0000  128 111111 02 0 0 0.25 0 0000.0000
10  36.251275 -115.033042 xxx  92.00     96    0.0000    0.0000   95 111111 02 0 0 0.25 0 0000.0000
10  36.251099 -115.032198 xxx  92.00     70    0.0000    0.0000   69 111111 02 0 0 0.25 0 0000.0000
10  36.251088 -115.031837 xxx  92.00     70    0.0000    0.0000   69 111111 02 0 0 0.25 0 0000.0000
10  36.251077 -115.031475 xxx  92.00     70    0.0000    0.0000   69 111111 02 0 0 0.25 0 0000.0000
10  36.245760 -115.037186 xxx 281.20   1479    0.0000    0.0000   20 111111 01 0 0 0.25 0 0000.0000
10  36.251732 -115.032167 xxx  92.00     70    0.0000    0.0000   69 111111 02 0 0 0.25 0 0000.0000
10  36.251723 -115.031810 xxx  92.00     70    0.0000    0.0000   69 111111 02 0 0 0.25 0 0000.0000
10  36.251716 -115.031451 xxx  92.00     70    0.0000    0.0000   69 111111 02 0 0 0.25 0 0000.0000
10  36.247530 -115.029473 xxx 209.69    298    0.0000    0.0000  121 111111 02 0 0 0.25 0 0000.0000
10  36.247359 -115.031671 xxx 226.00     92    0.0000    0.0000   56 111111 02 0 0 0.25 0 0000.0000
10  36.247295 -115.031826 xxx 256.00     92    0.0000    0.0000   56 111111 02 0 0 0.25 0 0000.0000
10  36.247468 -115.031585 xxx 202.00     92    0.0000    0.0000   56 111111 02 0 0 0.25 0 0000.0000
10  36.245549 -115.035439 xxx 280.30    453    0.0000    0.0000   59 111111 01 0 0 0.25 0 0000.0000
10  36.245583 -115.032371 xxx  91.90    523    0.0000    0.0000   90 111111 02 0 0 0.25 0 0000.0000
10  36.247883 -115.028740 xxx  91.60    429    0.0000    0.0000  109 111111 01 0 0 0.25 0 0000.0000
10  36.246886 -115.026735 xxx 135.80    229    0.0000    0.0000  102 111111 02 0 0 0.25 0 0000.0000
10  36.246418 -115.031790 xxx 181.60    527    0.0000    0.0000  200 111111 01 0 0 0.25 0 0000.0000
10  36.246430 -115.032019 xxx 179.60    527    0.0000    0.0000  109 111111 01 0 0 0.25 0 0000.0000
10  36.246953 -115.025959 xxx  91.80    400    0.0000    0.0000  102 111111 02 0 0 0.25 0 0000.0000
10  36.247095 -115.031162 xxx 226.00     92    0.0000    0.0000   56 111111 02 0 0 0.25 0 0000.0000
10  36.246998 -115.031246 xxx 202.00     92    0.0000    0.0000   56 111111 02 0 0 0.25 0 0000.0000
10  36.247176 -115.030994 xxx 256.00     92    0.0000    0.0000   56 111111 02 0 0 0.25 0 0000.0000
10  36.246348 -115.032610 xxx  91.91    380    0.0000    0.0000  610 111111 02 0 0 0.25 0 0000.0000
10  36.246575 -115.025848 xxx 313.00    105    0.0000    0.0000   74 111111 02 0 0 0.25 0 0000.0000
10  36.247370 -115.031144 xxx 139.00     92    0.0000    0.0000   56 111111 02 0 0 0.25 0 0000.0000
10  36.247282 -115.030982 xxx 112.00     92    0.0000    0.0000   56 111111 02 0 0 0.25 0 0000.0000
10  36.247527 -115.031240 xxx 163.00     92    0.0000    0.0000   56 111111 02 0 0 0.25 0 0000.0000
10  36.247165 -115.028910 xxx  91.90   2416    0.0000    0.0000  166 111111 01 0 0 0.25 0 0000.0000
10  36.246783 -115.026841 xxx 136.69    256    0.0000    0.0000  102 111111 01 0 0 0.25 0 0000.0000
10  36.245496 -115.022669 xxx 204.30    117    0.0000    0.0000  178 111111 02 0 0 0.25 0 0000.0000
10  36.243882 -115.020205 xxx 192.10    117    0.0000    0.0000   41 111111 02 0 0 0.25 0 0000.0000
10  36.246555 -115.025989 xxx  91.80    400    0.0000    0.0000  102 111111 01 0 0 0.25 0 0000.0000
10  36.245102 -115.022565 xxx 168.10    117    0.0000    0.0000   80 111111 02 0 0 0.25 0 0000.0000
10  36.246743 -115.024617 xxx 265.00    105    0.0000    0.0000   74 111111 02 0 0 0.25 0 0000.0000
10  36.246672 -115.024822 xxx 238.00    105    0.0000    0.0000   74 111111 02 0 0 0.25 0 0000.0000
10  36.246690 -115.024388 xxx 286.10    105    0.0000    0.0000   48 111111 02 0 0 0.25 0 0000.0000
10  36.245184 -115.022968 xxx 313.20    177    0.0000    0.0000  100 111111 01 0 0 0.25 0 0000.0000
10  36.246239 -115.023425 xxx 126.60    896    0.0000    0.0000  257 111111 01 0 0 0.25 0 0000.0000
10  36.245586 -115.023091 xxx 205.00    210    0.0000    0.0000  100 111111 01 0 0 0.25 0 0000.0000
10  36.245220 -115.022652 xxx 132.10    117    0.0000    0.0000   80 111111 02 0 0 0.25 0 0000.0000
10  36.245141 -115.021947 xxx 273.10    117    0.0000    0.0000   80 111111 02 0 0 0.25 0 0000.0000
10  36.228183 -115.032419 xxx 221.30    711    0.0000    0.0000   86 111111 02 0 0 0.25 0 0000.0000
10  36.244229 -115.020254 xxx 153.10    117    0.0000    0.0000   41 111111 02 0 0 0.25 0 0000.0000
10  36.245092 -115.021675 xxx 291.10    117    0.0000    0.0000   80 111111 02 0 0 0.25 0 0000.0000
10  36.245086 -115.022208 xxx 246.10    117    0.0000    0.0000   80 111111 02 0 0 0.25 0 0000.0000
10  36.244233 -115.019948 xxx 273.10    117    0.0000    0.0000   80 111111 02 0 0 0.25 0 0000.0000
10  36.241594 -115.026187 xxx  41.16   3920    0.0000    0.0000  218 111111 01 0 0 0.25 0 0000.0000
10  36.245258 -115.017388 xxx 256.20     89    0.0000    0.0000   67 161161 02 0 0 0.25 0 0000.0000
10  36.245023 -115.022006 xxx 271.00    177    0.0000    0.0000  100 111111 01 0 0 0.25 0 0000.0000
10  36.246598 -115.019401 xxx 187.20     63    0.0000    0.0000   67 161161 02 0 0 0.25 0 0000.0000
10  36.244416 -115.019551 xxx 211.20     63    0.0000    0.0000   67 161161 02 0 0 0.25 0 0000.0000
10  36.245802 -115.016864 xxx 181.40     43    0.0000    0.0000   67 161161 02 0 0 0.25 0 0000.0000
10  36.244549 -115.019483 xxx 193.20     63    0.0000    0.0000   67 161161 02 0 0 0.25 0 0000.0000
10  36.245339 -115.017175 xxx 232.20     82    0.0000    0.0000   67 161161 02 0 0 0.25 0 0000.0000
10  36.246286 -115.016803 xxx 181.00    354    0.0000    0.0000  224 111111 01 0 0 0.25 0 0000.0000
10  36.245480 -115.017011 xxx 211.20     82    0.0000    0.0000   67 161161 02 0 0 0.25 0 0000.0000
10  36.246895 -115.018011 xxx 271.20    588    0.0000    0.0000   67 161161 02 0 0 0.25 0 0000.0000
10  36.245335 -115.017114 xxx  55.20    118    0.0000    0.0000  165 111111 01 0 0 0.25 0 0000.0000
10  36.245664 -115.016904 xxx 199.20     82    0.0000    0.0000   67 161161 02 0 0 0.25 0 0000.0000
10  36.246880 -115.019095 xxx 253.20     82    0.0000    0.0000   67 161161 02 0 0 0.25 0 0000.0000
10  36.246863 -115.017706 xxx  91.20    761    0.0000    0.0000  165 111111 01 0 0 0.25 0 0000.0000
10  36.245496 -115.016950 xxx  28.20    118    0.0000    0.0000  165 111111 01 0 0 0.25 0 0000.0000
10  36.244651 -115.019480 xxx   9.30    111    0.0000    0.0000  165 111111 01 0 0 0.25 0 0000.0000
10  36.245250 -115.017343 xxx  76.20    118    0.0000    0.0000  165 111111 01 0 0 0.25 0 0000.0000
10  36.233833 -115.030925 xxx  32.16     88    0.0000    0.0000   67 161161 02 0 0 0.25 0 0000.0000
10  36.246719 -115.019357 xxx 205.20     56    0.0000    0.0000   67 161161 02 0 0 0.25 0 0000.0000
10  36.246813 -115.019270 xxx 232.20     56    0.0000    0.0000   67 161161 02 0 0 0.25 0 0000.0000
10  36.246590 -115.019391 xxx  17.10    118    0.0000    0.0000  159 111111 01 0 0 0.25 0 0000.0000
10  36.235017 -115.039979 xxx  88.60    111    0.0000    0.0000   74 111111 02 0 0 0.25 0 0000.0000
10  36.245633 -115.019442 xxx 181.00    630    0.0000    0.0000  165 111111 01 0 0 0.25 0 0000.0000
10  36.244325 -115.019764 xxx 243.10    117    0.0000    0.0000   41 111111 02 0 0 0.25 0 0000.0000
10  36.246758 -115.019270 xxx  42.10    104    0.0000    0.0000  165 111111 01 0 0 0.25 0 0000.0000
10  36.235240 -115.039780 xxx 178.60    111    0.0000    0.0000   74 111111 02 0 0 0.25 0 0000.0000
10  36.246849 -115.019091 xxx  73.20    111    0.0000    0.0000  165 111111 01 0 0 0.25 0 0000.0000
10  36.245231 -115.018539 xxx  91.20    629    0.0000    0.0000  165 111111 01 0 0 0.25 0 0000.0000
10  36.249042 -115.030899 xxx  92.00    134    0.0000    0.0000   40 111111 02 0 0 0.25 0 0000.0000
10  36.245713 -115.016844 xxx  10.20    118    0.0000    0.0000  158 111111 01 0 0 0.25 0 0000.0000
10  36.246974 -115.015207 xxx  91.90    761    0.0000    0.0000   21 111111 01 0 0 0.25 0 0000.0000
10  36.245569 -115.015838 xxx  91.90    761    0.0000    0.0000   21 111111 01 0 0 0.25 0 0000.0000
10  36.244245 -115.020890 xxx 130.20    542    0.0000    0.0000  244 111111 01 0 0 0.25 0 0000.0000
10  36.247603 -115.027855 xxx 151.80    305    0.0000    0.0000   62 111111 01 0 0 0.25 0 0000.0000
10  36.244174 -115.033754 xxx   1.60    709    0.0000    0.0000   33 111111 01 0 0 0.25 0 0000.0000
10  36.249030 -115.030516 xxx  92.00    122    0.0000    0.0000  148 111111 02 0 0 0.25 0 0000.0000
10  36.247642 -115.029635 xxx 210.50    305    0.0000    0.0000   62 111111 01 0 0 0.25 0 0000.0000
10  36.234569 -115.043281 xxx  41.37   8458    0.0000    0.0000   29 111111 01 0 0 0.25 0 0000.0000
10  36.249550 -115.030497 xxx  92.00    122    0.0000    0.0000  148 111111 02 0 0 0.25 0 0000.0000
10  36.245750 -115.033871 xxx  99.60    381    0.0000    0.0000  262 111111 02 0 0 0.25 0 0000.0000
10  36.245417 -115.033948 xxx 136.70    255    0.0000    0.0000   98 111111 02 0 0 0.25 0 0000.0000
10  36.245222 -115.033982 xxx 136.70    150    0.0000    0.0000   91 111111 02 0 0 0.25 0 0000.0000
10  36.249562 -115.030644 xxx  91.90    260    0.0000    0.0000  187 111111 01 0 0 0.25 0 0000.0000
10  36.249022 -115.030666 xxx  92.00    260    0.0000    0.0000  187 111111 01 0 0 0.25 0 0000.0000
10  36.249291 -115.030665 xxx  92.00    253    0.0000    0.0000   10 111111 02 0 0 0.25 0 0000.0000
10  36.250055 -115.030865 xxx  92.00    134    0.0000    0.0000   40 111111 02 0 0 0.25 0 0000.0000
10  36.250313 -115.030841 xxx  92.00    134    0.0000    0.0000   40 111111 02 0 0 0.25 0 0000.0000
10  36.245470 -115.031214 xxx 226.00     92    0.0000    0.0000   56 111111 02 0 0 0.25 0 0000.0000
10  36.234001 -115.030778 xxx  38.16     82    0.0000    0.0000   67 161161 02 0 0 0.25 0 0000.0000
10  36.245292 -115.031346 xxx 202.00     92    0.0000    0.0000   56 111111 02 0 0 0.25 0 0000.0000
10  36.241279 -115.021690 xxx  41.20   1598    0.0000    0.0000  480 111111 02 0 0 0.25 0 0000.0000
10  36.250555 -115.030851 xxx  92.00    134    0.0000    0.0000   40 111111 02 0 0 0.25 0 0000.0000
10  36.250070 -115.031384 xxx  92.00    134    0.0000    0.0000   40 111111 02 0 0 0.25 0 0000.0000
10  36.250485 -115.031350 xxx  92.00    147    0.0000    0.0000   40 111111 02 0 0 0.25 0 0000.0000
10  36.250489 -115.031767 xxx  92.00    103    0.0000    0.0000   95 111111 02 0 0 0.25 0 0000.0000
10  36.250078 -115.031699 xxx  92.00    109    0.0000    0.0000  108 111111 02 0 0 0.25 0 0000.0000
10  36.249668 -115.031583 xxx  92.00    219    0.0000    0.0000   53 111111 02 0 0 0.25 0 0000.0000
10  36.253014 -115.030603 xxx  88.00    265    0.0000    0.0000   20 111111 01 0 0 0.25 0 0000.0000
10  36.253022 -115.030036 xxx  93.30     75    0.0000    0.0000   20 111111 01 0 0 0.25 0 0000.0000
10  36.225935 -115.030865 xxx 130.60    162    0.0000    0.0000  123 111111 01 0 0 0.25 0 0000.0000
10  36.252244 -115.025950 xxx 103.90   2260    0.0000    0.0000   20 111111 01 0 0 0.25 0 0000.0000
10  36.253003 -115.029794 xxx  97.80     75    0.0000    0.0000   20 111111 01 0 0 0.25 0 0000.0000
10  36.245706 -115.031214 xxx 139.00     92    0.0000    0.0000   56 111111 02 0 0 0.25 0 0000.0000
10  36.245628 -115.031078 xxx 112.00     92    0.0000    0.0000   56 111111 02 0 0 0.25 0 0000.0000
10  36.245845 -115.031306 xxx 163.00     92    0.0000    0.0000   56 111111 02 0 0 0.25 0 0000.0000
10  36.239052 -115.025349 xxx  41.16   4944    0.0000    0.0000  172 111111 01 0 0 0.25 0 0000.0000
10  36.245525 -115.031102 xxx 256.00     92    0.0000    0.0000   56 111111 02 0 0 0.25 0 0000.0000
10  36.245315 -115.027708 xxx  92.60    374    0.0000    0.0000  102 111111 02 0 0 0.25 0 0000.0000
10  36.245224 -115.031211 xxx 181.69   1516    0.0000    0.0000   63 111111 01 0 0 0.25 0 0000.0000
10  36.244931 -115.022347 xxx 247.30    177    0.0000    0.0000  100 111111 01 0 0 0.25 0 0000.0000
10  36.244987 -115.021834 xxx 289.00    177    0.0000    0.0000  100 111111 01 0 0 0.25 0 0000.0000
10  36.245439 -115.028446 xxx 128.60    151    0.0000    0.0000  102 111111 02 0 0 0.25 0 0000.0000
10  36.244682 -115.020979 xxx 131.00    929    0.0000    0.0000  244 111111 01 0 0 0.25 0 0000.0000
10  36.244459 -115.019566 xxx  28.20     92    0.0000    0.0000  172 111111 01 0 0 0.25 0 0000.0000
10  36.244258 -115.019705 xxx  40.20    118    0.0000    0.0000  158 111111 01 0 0 0.25 0 0000.0000
10  36.245563 -115.025868 xxx 310.10    105    0.0000    0.0000   48 111111 02 0 0 0.25 0 0000.0000
10  36.226483 -115.031887 xxx 131.97    563    0.0000    0.0000   20 111111 01 0 0 0.25 0 0000.0000
10  36.244389 -115.019946 xxx 271.00    177    0.0000    0.0000  100 111111 01 0 0 0.25 0 0000.0000
10  36.244485 -115.019791 xxx  64.20     92    0.0000    0.0000   60 111111 01 0 0 0.25 0 0000.0000
10  36.245690 -115.028756 xxx 213.80    151    0.0000    0.0000  102 111111 02 0 0 0.25 0 0000.0000
10  36.244424 -115.020162 xxx  19.20     92    0.0000    0.0000  113 111111 01 0 0 0.25 0 0000.0000
10  36.245664 -115.027971 xxx 147.80    151    0.0000    0.0000  102 111111 02 0 0 0.25 0 0000.0000
10  36.223407 -115.031354 xxx   0.00    347    0.0000    0.0000  212 111111 01 0 0 0.25 0 0000.0000
10  36.245454 -115.027110 xxx  91.90   2353    0.0000    0.0000  172 111111 01 0 0 0.25 0 0000.0000
10  36.245775 -115.028850 xxx  34.85    151    0.0000    0.0000  102 111111 01 0 0 0.25 0 0000.0000
10  36.245845 -115.028366 xxx  92.30    287    0.0000    0.0000  120 111111 01 0 0 0.25 0 0000.0000
10  36.245741 -115.027880 xxx 147.80    151    0.0000    0.0000  102 111111 01 0 0 0.25 0 0000.0000
10  36.246588 -115.024632 xxx 270.59    215    0.0000    0.0000   95 111111 01 0 0 0.25 0 0000.0000
10  36.246063 -115.025245 xxx 221.06    471    0.0000    0.0000   49 111111 01 0 0 0.25 0 0000.0000
10  36.246566 -115.024474 xxx 288.59    215    0.0000    0.0000   95 111111 01 0 0 0.25 0 0000.0000
10  36.246512 -115.024901 xxx 246.59    215    0.0000    0.0000   95 111111 01 0 0 0.25 0 0000.0000
10  36.245180 -115.027265 xxx 147.80    151    0.0000    0.0000  102 111111 02 0 0 0.25 0 0000.0000
10  36.245992 -115.026500 xxx 221.06    471    0.0000    0.0000   49 111111 01 0 0 0.25 0 0000.0000
10  36.245626 -115.025506 xxx 310.10    105    0.0000    0.0000   48 111111 01 0 0 0.25 0 0000.0000
10  36.246496 -115.026124 xxx 333.59    215    0.0000    0.0000   95 111111 01 0 0 0.25 0 0000.0000
10  36.245085 -115.027536 xxx 147.80    151    0.0000    0.0000  102 111111 01 0 0 0.25 0 0000.0000
10  36.245245 -115.027880 xxx  92.80    287    0.0000    0.0000  120 111111 01 0 0 0.25 0 0000.0000
10  36.245340 -115.028471 xxx 128.60    151    0.0000    0.0000  102 111111 01 0 0 0.25 0 0000.0000
10  36.243037 -115.031318 xxx 197.20     99    0.0000    0.0000   56 111111 01 0 0 0.25 0 0000.0000
10  36.231841 -115.031304 xxx   2.16    705    0.0000    0.0000   67 161161 02 0 0 0.25 0 0000.0000
10  36.248106 -115.031102 xxx 182.00    483    0.0000    0.0000   49 111111 01 0 0 0.25 0 0000.0000
10  36.230903 -115.031767 xxx  91.60    313    0.0000    0.0000  149 111111 02 0 0 0.25 0 0000.0000
10  36.247451 -115.031034 xxx 137.00     89    0.0000    0.0000   49 111111 01 0 0 0.25 0 0000.0000
10  36.247389 -115.030910 xxx 110.00     89    0.0000    0.0000   49 111111 01 0 0 0.25 0 0000.0000
10  36.247522 -115.031100 xxx 164.00     89    0.0000    0.0000   49 111111 01 0 0 0.25 0 0000.0000
10  36.245780 -115.031057 xxx 137.00     89    0.0000    0.0000   49 111111 01 0 0 0.25 0 0000.0000
10  36.245745 -115.030973 xxx 110.00     89    0.0000    0.0000   49 111111 01 0 0 0.25 0 0000.0000
10  36.245857 -115.031134 xxx 164.00     89    0.0000    0.0000   49 111111 01 0 0 0.25 0 0000.0000
10  36.231695 -115.024435 xxx  62.00   1144    0.0000    0.0000  101 161161 02 0 0 0.25 0 0000.0000
10  36.246977 -115.031046 xxx  50.00     89    0.0000    0.0000   49 111111 01 0 0 0.25 0 0000.0000
10  36.246904 -115.031102 xxx  26.00     89    0.0000    0.0000   49 111111 01 0 0 0.25 0 0000.0000
10  36.247043 -115.030906 xxx  74.00     89    0.0000    0.0000   49 111111 01 0 0 0.25 0 0000.0000
10  36.245315 -115.031066 xxx  50.00     89    0.0000    0.0000   49 111111 01 0 0 0.25 0 0000.0000
10  36.245370 -115.030922 xxx  74.00     89    0.0000    0.0000   49 111111 01 0 0 0.25 0 0000.0000
10  36.239409 -115.022260 xxx  41.20    332    0.0000    0.0000  159 111111 02 0 0 0.25 0 0000.0000
10  36.232999 -115.031241 xxx   5.16    141    0.0000    0.0000   67 161161 02 0 0 0.25 0 0000.0000
10  36.245182 -115.031182 xxx  26.00     89    0.0000    0.0000   49 111111 01 0 0 0.25 0 0000.0000
10  36.248603 -115.031641 xxx 181.60    759    0.0000    0.0000   49 111111 01 0 0 0.25 0 0000.0000
10  36.231700 -115.024364 xxx  62.00   1184    0.0000    0.0000  160 111111 01 0 0 0.25 0 0000.0000
10  36.247492 -115.031734 xxx  50.00     89    0.0000    0.0000   49 111111 01 0 0 0.25 0 0000.0000
10  36.247541 -115.031701 xxx  26.00     89    0.0000    0.0000   49 111111 01 0 0 0.25 0 0000.0000
10  36.247423 -115.031876 xxx  74.00     89    0.0000    0.0000   49 111111 01 0 0 0.25 0 0000.0000
10  36.251161 -115.032131 xxx  91.90    687    0.0000    0.0000  358 111111 01 0 0 0.25 0 0000.0000
10  36.251873 -115.031864 xxx  91.90    509    0.0000    0.0000  187 111111 01 0 0 0.25 0 0000.0000
10  36.251788 -115.032817 xxx  55.90    194    0.0000    0.0000  187 111111 01 0 0 0.25 0 0000.0000
10  36.251697 -115.033156 xxx  91.90     70    0.0000    0.0000  108 111111 01 0 0 0.25 0 0000.0000
10  36.252978 -115.031381 xxx  85.00    193    0.0000    0.0000   20 111111 01 0 0 0.25 0 0000.0000
10  36.252858 -115.032110 xxx  73.20    252    0.0000    0.0000   20 111111 01 0 0 0.25 0 0000.0000
10  36.235065 -115.039720 xxx 154.60    111    0.0000    0.0000   74 111111 02 0 0 0.25 0 0000.0000
10  36.233340 -115.031179 xxx  11.16    115    0.0000    0.0000   67 161161 02 0 0 0.25 0 0000.0000
10  36.252670 -115.032735 xxx  64.20    140    0.0000    0.0000   20 111111 01 0 0 0.25 0 0000.0000
10  36.252410 -115.031794 xxx  91.90    509    0.0000    0.0000  187 111111 02 0 0 0.25 0 0000.0000
10  36.252405 -115.029497 xxx  91.90    496    0.0000    0.0000  272 111111 02 0 0 0.25 0 0000.0000
10  36.252598 -115.030433 xxx  91.90    372    0.0000    0.0000  292 111111 02 0 0 0.25 0 0000.0000
10  36.252671 -115.032059 xxx  73.90    293    0.0000    0.0000  135 111111 02 0 0 0.25 0 0000.0000
10  36.252728 -115.029304 xxx 103.90    345    0.0000    0.0000  135 111111 02 0 0 0.25 0 0000.0000
10  36.252733 -115.031304 xxx  85.90    201    0.0000    0.0000  187 111111 02 0 0 0.25 0 0000.0000
10  36.251721 -115.030677 xxx  97.50   -185    0.0000    0.0000   69 161161 01 0 0 0.25 0 0000.0000
10  36.251416 -115.030749 xxx  46.90    247    0.0000    0.0000   69 161161 01 0 0 0.25 0 0000.0000
10  36.250788 -115.036055 xxx  54.50   2260    0.0000    0.0000   20 111111 01 0 0 0.25 0 0000.0000
10  36.251862 -115.031371 xxx  91.90    253    0.0000    0.0000  213 111111 01 0 0 0.25 0 0000.0000
10  36.230521 -115.026332 xxx 122.00    154    0.0000    0.0000   42 161161 02 0 0 0.25 0 0000.0000
10  36.251399 -115.027733 xxx  96.90    149    0.0000    0.0000   75 111111 02 0 0 0.25 0 0000.0000
10  36.251409 -115.027735 xxx 186.90    142    0.0000    0.0000   82 111111 02 0 0 0.25 0 0000.0000
10  36.251500 -115.027576 xxx 141.90     51    0.0000    0.0000   43 111111 02 0 0 0.25 0 0000.0000
10  36.251311 -115.027895 xxx 141.90     44    0.0000    0.0000   43 111111 02 0 0 0.25 0 0000.0000
10  36.251284 -115.027603 xxx 234.90     44    0.0000    0.0000   43 111111 02 0 0 0.25 0 0000.0000
10  36.251534 -115.027855 xxx 228.90     44    0.0000    0.0000   43 111111 02 0 0 0.25 0 0000.0000
10  36.251410 -115.027725 xxx  96.90    162    0.0000    0.0000  161 111111 01 0 0 0.25 0 0000.0000
10  36.251127 -115.020376 xxx 103.90   1131    0.0000    0.0000   20 111111 01 0 0 0.25 0 0000.0000
10  36.248643 -115.016726 xxx 160.30    954    0.0000    0.0000   20 111111 01 0 0 0.25 0 0000.0000
10  36.250681 -115.018341 xxx 117.30    121    0.0000    0.0000   20 111111 01 0 0 0.25 0 0000.0000
10  36.250506 -115.017997 xxx 126.30    121    0.0000    0.0000   20 111111 01 0 0 0.25 0 0000.0000
10  36.250295 -115.017691 xxx 133.90    121    0.0000    0.0000   20 111111 01 0 0 0.25 0 0000.0000
10  36.250027 -115.017407 xxx 144.00    141    0.0000    0.0000   20 111111 01 0 0 0.25 0 0000.0000
10  36.229497 -115.024449 xxx 122.00   1184    0.0000    0.0000  150 111111 01 0 0 0.25 0 0000.0000
10  36.242793 -115.015342 xxx 180.70   1243    0.0000    0.0000   20 111111 01 0 0 0.25 0 0000.0000
10  36.233610 -115.031074 xxx  24.26    108    0.0000    0.0000   67 161161 02 0 0 0.25 0 0000.0000
10  36.239357 -115.018734 xxx 221.10    915    0.0000    0.0000   20 111111 01 0 0 0.25 0 0000.0000
10  36.234240 -115.038089 xxx 178.60    111    0.0000    0.0000   74 111111 02 0 0 0.25 0 0000.0000
10  36.240614 -115.018111 xxx 271.10   1302    0.0000    0.0000   20 111111 01 0 0 0.25 0 0000.0000
10  36.237003 -115.020914 xxx 180.40   2299    0.0000    0.0000   20 111111 01 0 0 0.25 0 0000.0000
10  36.237320 -115.022644 xxx 221.10    692    0.0000    0.0000   20 111111 01 0 0 0.25 0 0000.0000
10  36.225935 -115.032187 xxx 130.60    182    0.0000    0.0000  162 111111 02 0 0 0.25 0 0000.0000
10  36.227841 -115.031730 xxx 221.30   6880    0.0000    0.0000   20 111111 01 0 0 0.25 0 0000.0000
10  36.230832 -115.021072 xxx 182.10   2194    0.0000    0.0000   20 111111 01 0 0 0.25 0 0000.0000
10  36.226761 -115.023264 xxx 269.10    468    0.0000    0.0000   20 111111 01 0 0 0.25 0 0000.0000
10  36.224339 -115.031048 xxx 180.00    343    0.0000    0.0000   20 111111 04 0 0 0.25 0 0000.0000
10  36.223850 -115.033594 xxx 269.80   1171    0.0000    0.0000   20 111111 01 0 0 0.25 0 0000.0000
10  36.229067 -115.028469 xxx 221.30   1485    0.0000    0.0000   20 111111 01 0 0 0.25 0 0000.0000
10  36.228524 -115.030414 xxx 130.60    116    0.0000    0.0000  110 111111 02 0 0 0.25 0 0000.0000
10  36.226661 -115.031669 xxx 130.60    116    0.0000    0.0000  162 111111 01 0 0 0.25 0 0000.0000
10  36.234560 -115.038832 xxx  88.60    111    0.0000    0.0000   74 111111 02 0 0 0.25 0 0000.0000
10  36.223776 -115.042478 xxx 131.30   1159    0.0000    0.0000   67 161161 02 0 0 0.25 0 0000.0000
10  36.230800 -115.026330 xxx  65.00    154    0.0000    0.0000   42 161161 02 0 0 0.25 0 0000.0000
10  36.233326 -115.031184 xxx  11.60    132    0.0000    0.0000  171 111111 01 0 0 0.25 0 0000.0000
10  36.232382 -115.026502 xxx 131.10    116    0.0000    0.0000  162 111111 01 0 0 0.25 0 0000.0000
10  36.230606 -115.024884 xxx  91.60    116    0.0000    0.0000  110 111111 02 0 0 0.25 0 0000.0000
10  36.230632 -115.025552 xxx  91.60   1391    0.0000    0.0000   37 111111 01 0 0 0.25 0 0000.0000
10  36.231824 -115.032041 xxx   2.00    480    0.0000    0.0000  131 111111 01 0 0 0.25 0 0000.0000
10  36.234796 -115.025998 xxx 311.40    816    0.0000    0.0000   13 111111 01 0 0 0.25 0 0000.0000
10  36.235259 -115.026978 xxx 131.60    162    0.0000    0.0000  116 111111 01 0 0 0.25 0 0000.0000
10  36.241271 -115.021656 xxx  41.20   1657    0.0000    0.0000  539 111111 01 0 0 0.25 0 0000.0000
10  36.245192 -115.014850 xxx 227.10    167    0.0000    0.0000   20 111111 01 0 0 0.25 0 0000.0000
10  36.246252 -115.014268 xxx 191.10    167    0.0000    0.0000   20 111111 01 0 0 0.25 0 0000.0000
10  36.227124 -115.046852 xxx  88.60    111    0.0000    0.0000   74 111111 02 0 0 0.25 0 0000.0000
10  36.241676 -115.019137 xxx  41.20    640    0.0000    0.0000  401 111111 02 0 0 0.25 0 0000.0000
10  36.241498 -115.017781 xxx  91.10    870    0.0000    0.0000  513 111111 01 0 0 0.25 0 0000.0000
10  36.237627 -115.023106 xxx  41.20   1638    0.0000    0.0000  323 111111 02 0 0 0.25 0 0000.0000
10  36.230878 -115.026415 xxx  46.60    191    0.0000    0.0000   70 111111 01 0 0 0.25 0 0000.0000
10  36.230450 -115.026431 xxx 136.60    204    0.0000    0.0000   70 111111 01 0 0 0.25 0 0000.0000
10  36.230735 -115.026386 xxx  64.60    204    0.0000    0.0000   90 111111 01 0 0 0.25 0 0000.0000
10  36.230576 -115.026386 xxx 118.60    204    0.0000    0.0000   77 111111 01 0 0 0.25 0 0000.0000
10  36.235815 -115.023659 xxx 191.70    455    0.0000    0.0000   20 111111 01 0 0 0.25 0 0000.0000
10  36.225478 -115.025360 xxx 181.50    226    0.0000    0.0000   20 111111 01 0 0 0.25 0 0000.0000
10  36.238232 -115.020828 xxx 269.70    330    0.0000    0.0000   20 111111 01 0 0 0.25 0 0000.0000
10  36.247357 -115.016143 xxx 149.10     49    0.0000    0.0000   20 111111 01 0 0 0.25 0 0000.0000
10  36.247253 -115.016046 xxx 137.10     49    0.0000    0.0000   20 111111 01 0 0 0.25 0 0000.0000
10  36.247170 -115.015929 xxx 125.10     49    0.0000    0.0000   20 111111 01 0 0 0.25 0 0000.0000
10  36.234614 -115.038549 xxx 247.60    111    0.0000    0.0000   74 111111 02 0 0 0.25 0 0000.0000
10  36.247054 -115.015594 xxx 110.10    174    0.0000    0.0000   20 111111 01 0 0 0.25 0 0000.0000
10  36.240043 -115.032918 xxx 221.16   5412    0.0000    0.0000   49 111111 01 0 0 0.25 0 0000.0000
10  36.246915 -115.014505 xxx 113.10     82    0.0000    0.0000   20 111111 01 0 0 0.25 0 0000.0000
10  36.246830 -115.014328 xxx 134.10     49    0.0000    0.0000   20 111111 01 0 0 0.25 0 0000.0000
10  36.246733 -115.014242 xxx 155.10     49    0.0000    0.0000   20 111111 01 0 0 0.25 0 0000.0000
10  36.246613 -115.014205 xxx 176.10     49    0.0000    0.0000   20 111111 01 0 0 0.25 0 0000.0000
10  36.246511 -115.014209 xxx 188.10     29    0.0000    0.0000   20 111111 01 0 0 0.25 0 0000.0000
10  36.245697 -115.014453 xxx 200.10    167    0.0000    0.0000   20 111111 01 0 0 0.25 0 0000.0000
10  36.245968 -115.014339 xxx 194.10     42    0.0000    0.0000   20 111111 01 0 0 0.25 0 0000.0000
10  36.245447 -115.014573 xxx 206.10     29    0.0000    0.0000   20 111111 01 0 0 0.25 0 0000.0000
10  36.245379 -115.014622 xxx 212.10     29    0.0000    0.0000   20 111111 01 0 0 0.25 0 0000.0000
10  36.225676 -115.044924 xxx 131.27   1258    0.0000    0.0000   67 111111 02 0 0 0.25 0 0000.0000
10  36.240501 -115.020736 xxx 223.30     42    0.0000    0.0000   20 111111 01 0 0 0.25 0 0000.0000
10  36.240567 -115.020636 xxx 238.30     42    0.0000    0.0000   20 111111 01 0 0 0.25 0 0000.0000
10  36.240613 -115.020524 xxx 247.30     42    0.0000    0.0000   20 111111 01 0 0 0.25 0 0000.0000
10  36.240641 -115.020390 xxx 262.20     48    0.0000    0.0000   20 111111 01 0 0 0.25 0 0000.0000
10  36.240412 -115.020815 xxx 208.30     42    0.0000    0.0000   20 111111 01 0 0 0.25 0 0000.0000
10  36.235344 -115.039753 xxx 199.60    111    0.0000    0.0000   74 111111 02 0 0 0.25 0 0000.0000
10  36.240312 -115.020862 xxx 193.30     42    0.0000    0.0000   20 111111 01 0 0 0.25 0 0000.0000
10  36.240204 -115.020883 xxx 184.30     42    0.0000    0.0000   20 111111 01 0 0 0.25 0 0000.0000
10  36.240733 -115.015513 xxx  43.30     42    0.0000    0.0000   20 111111 01 0 0 0.25 0 0000.0000
10  36.240669 -115.015612 xxx  58.30     42    0.0000    0.0000   20 111111 01 0 0 0.25 0 0000.0000
10  36.240618 -115.015736 xxx  67.30     42    0.0000    0.0000   20 111111 01 0 0 0.25 0 0000.0000
10  36.240590 -115.015847 xxx  79.30     42    0.0000    0.0000   20 111111 01 0 0 0.25 0 0000.0000
10  36.240816 -115.015438 xxx  25.30     42    0.0000    0.0000   20 111111 01 0 0 0.25 0 0000.0000
10  36.240919 -115.015392 xxx  13.30     42    0.0000    0.0000   20 111111 01 0 0 0.25 0 0000.0000
10  36.225797 -115.029637 xxx 270.60   2515    0.0000    0.0000   20 111111 04 0 0 0.25 0 0000.0000
10  36.241029 -115.015371 xxx   4.30     42    0.0000    0.0000   20 111111 01 0 0 0.25 0 0000.0000
10  36.244961 -115.015126 xxx 215.10     69    0.0000    0.0000   20 111111 01 0 0 0.25 0 0000.0000
10  36.244803 -115.015233 xxx 203.10     69    0.0000    0.0000   20 111111 01 0 0 0.25 0 0000.0000
10  36.244606 -115.015301 xxx 188.10     88    0.0000    0.0000   20 111111 01 0 0 0.25 0 0000.0000
10  36.235353 -115.034164 xxx 221.30   9485    0.0000    0.0000    7 111111 01 0 0 0.25 0 0000.0000
10  36.240450 -115.017506 xxx 235.50     61    0.0000    0.0000   20 111111 01 0 0 0.25 0 0000.0000
10  36.240520 -115.017334 xxx 250.50     61    0.0000    0.0000   20 111111 01 0 0 0.25 0 0000.0000
10  36.240351 -115.017655 xxx 226.50     55    0.0000    0.0000   20 111111 01 0 0 0.25 0 0000.0000
10  36.240570 -115.017112 xxx 256.50     75    0.0000    0.0000   20 111111 01 0 0 0.25 0 0000.0000
10  36.238290 -115.019976 xxx  64.50     61    0.0000    0.0000   20 111111 01 0 0 0.25 0 0000.0000
10  36.238244 -115.020162 xxx  82.50     61    0.0000    0.0000   20 111111 01 0 0 0.25 0 0000.0000
10  36.238370 -115.019817 xxx  52.50     55    0.0000    0.0000   20 111111 01 0 0 0.25 0 0000.0000
10  36.238172 -115.021650 xxx 241.50     61    0.0000    0.0000   20 111111 01 0 0 0.25 0 0000.0000
10  36.238223 -115.021466 xxx 259.50     61    0.0000    0.0000   20 111111 01 0 0 0.25 0 0000.0000
10  36.226757 -115.046117 xxx 178.60    163    0.0000    0.0000   74 111111 02 0 0 0.25 0 0000.0000
10  36.238086 -115.021805 xxx 229.50     55    0.0000    0.0000   20 111111 01 0 0 0.25 0 0000.0000
10  36.226923 -115.046081 xxx 199.60    111    0.0000    0.0000   74 111111 02 0 0 0.25 0 0000.0000
10  36.236515 -115.023458 xxx 202.50     75    0.0000    0.0000   20 111111 01 0 0 0.25 0 0000.0000
10  36.235138 -115.023857 xxx  25.50     61    0.0000    0.0000   20 111111 01 0 0 0.25 0 0000.0000
10  36.234344 -115.039010 xxx 178.60    111    0.0000    0.0000   74 111111 02 0 0 0.25 0 0000.0000
10  36.234065 -115.038317 xxx  88.60    111    0.0000    0.0000   74 111111 02 0 0 0.25 0 0000.0000
10  36.227173 -115.046609 xxx 247.60    111    0.0000    0.0000   74 111111 02 0 0 0.25 0 0000.0000
10  36.235007 -115.023963 xxx  40.50     61    0.0000    0.0000   20 111111 01 0 0 0.25 0 0000.0000
10  36.234405 -115.038053 xxx 199.60    111    0.0000    0.0000   74 111111 02 0 0 0.25 0 0000.0000
10  36.233826 -115.030937 xxx  29.00    132    0.0000    0.0000  171 111111 01 0 0 0.25 0 0000.0000
10  36.226661 -115.048622 xxx  41.30    789    0.0000    0.0000  225 111111 02 0 0 0.25 0 0000.0000
10  36.232976 -115.031246 xxx   5.00    145    0.0000    0.0000  171 111111 01 0 0 0.25 0 0000.0000
10  36.233573 -115.031093 xxx  23.00    106    0.0000    0.0000  171 111111 01 0 0 0.25 0 0000.0000
10  36.234194 -115.039046 xxx 199.60    111    0.0000    0.0000   74 111111 02 0 0 0.25 0 0000.0000
10  36.227038 -115.047649 xxx  58.60    242    0.0000    0.0000   94 111111 02 0 0 0.25 0 0000.0000
10  36.227173 -115.047051 xxx 286.60    111    0.0000    0.0000   54 111111 02 0 0 0.25 0 0000.0000
10  36.225630 -115.045647 xxx 130.80    526    0.0000    0.0000  179 111111 02 0 0 0.25 0 0000.0000
10  36.231131 -115.032068 xxx   2.00     27    0.0000    0.0000  131 111111 05 0 0 0.25 0 0000.0000
10  36.227011 -115.047061 xxx 130.57    208    0.0000    0.0000   67 111111 02 0 0 0.25 0 0000.0000
10  36.227118 -115.047249 xxx  91.60    111    0.0000    0.0000   74 111111 02 0 0 0.25 0 0000.0000
10  36.234983 -115.040157 xxx 247.60    111    0.0000    0.0000   74 111111 02 0 0 0.25 0 0000.0000
10  36.231126 -115.031429 xxx  46.60     64    0.0000    0.0000   38 111111 02 0 0 0.25 0 0000.0000
10  36.231180 -115.031396 xxx  25.60     64    0.0000    0.0000   38 111111 02 0 0 0.25 0 0000.0000
10  36.231069 -115.031529 xxx  67.60     64    0.0000    0.0000   38 111111 02 0 0 0.25 0 0000.0000
10  36.230868 -115.031182 xxx 133.60     64    0.0000    0.0000   38 111111 02 0 0 0.25 0 0000.0000
10  36.230826 -115.031077 xxx 112.60     64    0.0000    0.0000   38 111111 02 0 0 0.25 0 0000.0000
10  36.230996 -115.031288 xxx 154.60     64    0.0000    0.0000   38 111111 02 0 0 0.25 0 0000.0000
10  36.234118 -115.038050 xxx 154.60    111    0.0000    0.0000   74 111111 02 0 0 0.25 0 0000.0000
10  36.231857 -115.031304 xxx   2.00    716    0.0000    0.0000  171 111111 01 0 0 0.25 0 0000.0000
10  36.234468 -115.039046 xxx 154.60    111    0.0000    0.0000   74 111111 02 0 0 0.25 0 0000.0000
10  36.234992 -115.039783 xxx 286.60    111    0.0000    0.0000   74 111111 02 0 0 0.25 0 0000.0000
10  36.234601 -115.039070 xxx 286.60    111    0.0000    0.0000   74 111111 02 0 0 0.25 0 0000.0000
10  36.231097 -115.031727 xxx   2.00     40    0.0000    0.0000  131 111111 01 0 0 0.25 0 0000.0000
10  36.234045 -115.038134 xxx 286.60    111    0.0000    0.0000   74 111111 02 0 0 0.25 0 0000.0000
10  36.234026 -115.038471 xxx 247.60    111    0.0000    0.0000   74 111111 02 0 0 0.25 0 0000.0000
10  36.234850 -115.039474 xxx 131.10    797    0.0000    0.0000  225 111111 01 0 0 0.25 0 0000.0000
10  36.233872 -115.041187 xxx  41.37   8786    0.0000    0.0000   49 111111 01 0 0 0.25 0 0000.0000
10  36.230409 -115.042155 xxx 221.16   3817    0.0000    0.0000   49 111111 01 0 0 0.25 0 0000.0000
10  36.225338 -115.044155 xxx 265.60    144    0.0000    0.0000   74 111111 02 0 0 0.25 0 0000.0000
10  36.230341 -115.043425 xxx 221.16   3817    0.0000    0.0000   49 111111 01 0 0 0.25 0 0000.0000
10  36.239601 -115.032235 xxx 221.16   5438    0.0000    0.0000   49 111111 01 0 0 0.25 0 0000.0000
10  36.224982 -115.043678 xxx 355.60    137    0.0000    0.0000   74 111111 02 0 0 0.25 0 0000.0000
10  36.234242 -115.037857 xxx 178.60    111    0.0000    0.0000   74 111111 01 0 0 0.25 0 0000.0000
10  36.234407 -115.037836 xxx 199.60    111    0.0000    0.0000   74 111111 01 0 0 0.25 0 0000.0000
10  36.234121 -115.037833 xxx 154.60    111    0.0000    0.0000   74 111111 01 0 0 0.25 0 0000.0000
10  36.235293 -115.039491 xxx 178.60    111    0.0000    0.0000   74 111111 01 0 0 0.25 0 0000.0000
10  36.235458 -115.039470 xxx 199.60    111    0.0000    0.0000   74 111111 01 0 0 0.25 0 0000.0000
10  36.235172 -115.039467 xxx 154.60    111    0.0000    0.0000   74 111111 01 0 0 0.25 0 0000.0000
10  36.233866 -115.038266 xxx 268.60    111    0.0000    0.0000   74 111111 01 0 0 0.25 0 0000.0000
10  36.233849 -115.038062 xxx 289.60    111    0.0000    0.0000   74 111111 01 0 0 0.25 0 0000.0000
10  36.233846 -115.038417 xxx 244.60    111    0.0000    0.0000   74 111111 01 0 0 0.25 0 0000.0000
10  36.234779 -115.040039 xxx 268.60    111    0.0000    0.0000   74 111111 01 0 0 0.25 0 0000.0000
10  36.234762 -115.039834 xxx 289.60    111    0.0000    0.0000   74 111111 01 0 0 0.25 0 0000.0000
10  36.225400 -115.043884 xxx  64.60    111    0.0000    0.0000   74 111111 02 0 0 0.25 0 0000.0000
10  36.234759 -115.040190 xxx 244.60    111    0.0000    0.0000   74 111111 01 0 0 0.25 0 0000.0000
10  36.234305 -115.039335 xxx 358.60    111    0.0000    0.0000   74 111111 01 0 0 0.25 0 0000.0000
10  36.234140 -115.039356 xxx  19.60    111    0.0000    0.0000   74 111111 01 0 0 0.25 0 0000.0000
10  36.234427 -115.039359 xxx 334.60    111    0.0000    0.0000   74 111111 01 0 0 0.25 0 0000.0000
10  36.234783 -115.038733 xxx  88.60    111    0.0000    0.0000   74 111111 01 0 0 0.25 0 0000.0000
10  36.225104 -115.043675 xxx 193.60    111    0.0000    0.0000   74 111111 02 0 0 0.25 0 0000.0000
10  36.234800 -115.038937 xxx 109.60    111    0.0000    0.0000   74 111111 01 0 0 0.25 0 0000.0000
10  36.234803 -115.038582 xxx  64.60    111    0.0000    0.0000   74 111111 01 0 0 0.25 0 0000.0000
10  36.232509 -115.035655 xxx 178.60    111    0.0000    0.0000   74 111111 02 0 0 0.25 0 0000.0000
10  36.232334 -115.035884 xxx  88.60    111    0.0000    0.0000   74 111111 02 0 0 0.25 0 0000.0000
10  36.232675 -115.035620 xxx 199.60    111    0.0000    0.0000   74 111111 02 0 0 0.25 0 0000.0000
10  36.232386 -115.035620 xxx 154.60    111    0.0000    0.0000   74 111111 02 0 0 0.25 0 0000.0000
10  36.232315 -115.035702 xxx 286.60    111    0.0000    0.0000   74 111111 02 0 0 0.25 0 0000.0000
10  36.232296 -115.036042 xxx 247.60    111    0.0000    0.0000   74 111111 02 0 0 0.25 0 0000.0000
10  36.232514 -115.035426 xxx 178.60    111    0.0000    0.0000   74 111111 01 0 0 0.25 0 0000.0000
10  36.232135 -115.035837 xxx 268.60    111    0.0000    0.0000   74 111111 01 0 0 0.25 0 0000.0000
10  36.232116 -115.035632 xxx 289.60    111    0.0000    0.0000   74 111111 01 0 0 0.25 0 0000.0000
10  36.232675 -115.035403 xxx 199.60    111    0.0000    0.0000   74 111111 01 0 0 0.25 0 0000.0000
10  36.232391 -115.035403 xxx 154.60    111    0.0000    0.0000   74 111111 01 0 0 0.25 0 0000.0000
10  36.232116 -115.035984 xxx 244.60    111    0.0000    0.0000   74 111111 01 0 0 0.25 0 0000.0000
10  36.232589 -115.036236 xxx 358.60    111    0.0000    0.0000   74 111111 02 0 0 0.25 0 0000.0000
10  36.232764 -115.036013 xxx 268.60    111    0.0000    0.0000   74 111111 02 0 0 0.25 0 0000.0000
10  36.232424 -115.036277 xxx  19.60    111    0.0000    0.0000   74 111111 02 0 0 0.25 0 0000.0000
10  36.232712 -115.036277 xxx 334.60    111    0.0000    0.0000   74 111111 02 0 0 0.25 0 0000.0000
10  36.232783 -115.036195 xxx 106.60    111    0.0000    0.0000   74 111111 02 0 0 0.25 0 0000.0000
10  36.232802 -115.035855 xxx  67.60    111    0.0000    0.0000   74 111111 02 0 0 0.25 0 0000.0000
10  36.232585 -115.036465 xxx 358.60    111    0.0000    0.0000   74 111111 01 0 0 0.25 0 0000.0000
10  36.232963 -115.036060 xxx  88.60    111    0.0000    0.0000   74 111111 01 0 0 0.25 0 0000.0000
10  36.232982 -115.036265 xxx 109.60    111    0.0000    0.0000   74 111111 01 0 0 0.25 0 0000.0000
10  36.232424 -115.036494 xxx  19.60    111    0.0000    0.0000   74 111111 01 0 0 0.25 0 0000.0000
10  36.232982 -115.035913 xxx  64.60    111    0.0000    0.0000   74 111111 01 0 0 0.25 0 0000.0000
10  36.231407 -115.037179 xxx  41.16   5967    0.0000    0.0000  218 111111 01 0 0 0.25 0 0000.0000
10  36.232708 -115.036494 xxx 334.60    111    0.0000    0.0000   74 111111 01 0 0 0.25 0 0000.0000
10  36.233402 -115.037131 xxx 131.10   1079    0.0000    0.0000  159 111111 01 0 0 0.25 0 0000.0000
10  36.230343 -115.032541 xxx 268.60    196    0.0000    0.0000   87 111111 02 0 0 0.25 0 0000.0000
10  36.230616 -115.032120 xxx  91.60    110    0.0000    0.0000  123 111111 02 0 0 0.25 0 0000.0000
10  36.230411 -115.032867 xxx 106.60    111    0.0000    0.0000   67 111111 02 0 0 0.25 0 0000.0000
10  36.230475 -115.032268 xxx  61.60    111    0.0000    0.0000   54 111111 02 0 0 0.25 0 0000.0000
10  36.230482 -115.032543 xxx  88.60    111    0.0000    0.0000   74 111111 01 0 0 0.25 0 0000.0000
10  36.230703 -115.031435 xxx  67.60    111    0.0000    0.0000   54 111111 02 0 0 0.25 0 0000.0000
10  36.230501 -115.032749 xxx 109.60    111    0.0000    0.0000   74 111111 01 0 0 0.25 0 0000.0000
10  36.230501 -115.032396 xxx  64.60    111    0.0000    0.0000   74 111111 01 0 0 0.25 0 0000.0000
10  36.230629 -115.031595 xxx  49.60    111    0.0000    0.0000   67 111111 02 0 0 0.25 0 0000.0000
10  36.230750 -115.031213 xxx  82.60    111    0.0000    0.0000   54 111111 02 0 0 0.25 0 0000.0000
10  36.230619 -115.032226 xxx  31.60    111    0.0000    0.0000   74 111111 01 0 0 0.25 0 0000.0000
10  36.230934 -115.031079 xxx 133.60    111    0.0000    0.0000   74 111111 01 0 0 0.25 0 0000.0000
10  36.231120 -115.031213 xxx 154.60    111    0.0000    0.0000   74 111111 01 0 0 0.25 0 0000.0000
10  36.230871 -115.030894 xxx 109.60     91    0.0000    0.0000   74 111111 01 0 0 0.25 0 0000.0000
10  36.230632 -115.031238 xxx  79.60    111    0.0000    0.0000   74 111111 01 0 0 0.25 0 0000.0000
10  36.230065 -115.032708 xxx   1.60     64    0.0000    0.0000   38 111111 02 0 0 0.25 0 0000.0000
10  36.230153 -115.032738 xxx 340.60     64    0.0000    0.0000   38 111111 02 0 0 0.25 0 0000.0000
10  36.229913 -115.032752 xxx  22.60     64    0.0000    0.0000   38 111111 02 0 0 0.25 0 0000.0000
10  36.230059 -115.032820 xxx 178.60    111    0.0000    0.0000   74 111111 01 0 0 0.25 0 0000.0000
10  36.230227 -115.032886 xxx 148.60     91    0.0000    0.0000   74 111111 01 0 0 0.25 0 0000.0000
10  36.230908 -115.028211 xxx 329.70     31    0.0000    0.0000   20 111111 01 0 0 0.25 0 0000.0000
10  36.230983 -115.028236 xxx 355.35     38    0.0000    0.0000   20 111111 01 0 0 0.25 0 0000.0000
10  36.229378 -115.032943 xxx 221.30   1157    0.0000    0.0000   60 111111 02 0 0 0.25 0 0000.0000
10  36.231069 -115.028211 xxx  26.95     31    0.0000    0.0000   20 111111 01 0 0 0.25 0 0000.0000
10  36.229241 -115.032249 xxx  41.30    146    0.0000    0.0000   59 111111 02 0 0 0.25 0 0000.0000
10  36.230773 -115.031351 xxx  91.50    427    0.0000    0.0000  164 111111 01 0 0 0.25 0 0000.0000
10  36.228797 -115.032737 xxx  41.30    146    0.0000    0.0000   59 111111 02 0 0 0.25 0 0000.0000
10  36.230567 -115.031442 xxx  64.60    111    0.0000    0.0000   74 111111 01 0 0 0.25 0 0000.0000
10  36.228845 -115.031873 xxx  41.30     81    0.0000    0.0000   59 111111 02 0 0 0.25 0 0000.0000
10  36.230831 -115.028091 xxx 120.85     70    0.0000    0.0000   20 111111 01 0 0 0.25 0 0000.0000
10  36.222705 -115.040918 xxx 110.30     77    0.0000    0.0000   66 161161 02 0 0 0.25 0 0000.0000
10  36.230531 -115.028622 xxx  67.21     70    0.0000    0.0000   20 111111 01 0 0 0.25 0 0000.0000
10  36.230604 -115.028323 xxx  76.48    116    0.0000    0.0000   20 111111 01 0 0 0.25 0 0000.0000
10  36.228355 -115.033221 xxx  41.30    153    0.0000    0.0000   59 111111 02 0 0 0.25 0 0000.0000
10  36.229217 -115.032219 xxx 311.30    416    0.0000    0.0000   66 111111 02 0 0 0.25 0 0000.0000
10  36.230407 -115.028886 xxx  55.46    116    0.0000    0.0000   20 111111 01 0 0 0.25 0 0000.0000
10  36.228318 -115.033176 xxx 311.30    416    0.0000    0.0000   66 111111 02 0 0 0.25 0 0000.0000
10  36.231337 -115.026748 xxx 180.21    449    0.0000    0.0000   20 111111 05 0 0 0.25 0 0000.0000
10  36.232008 -115.026719 xxx  20.70     44    0.0000    0.0000   20 111111 05 0 0 0.25 0 0000.0000
10  36.222790 -115.040381 xxx  50.30     57    0.0000    0.0000   66 161161 02 0 0 0.25 0 0000.0000
10  36.222694 -115.040634 xxx  80.30     50    0.0000    0.0000   66 161161 02 0 0 0.25 0 0000.0000
10  36.222688 -115.040774 xxx  92.30     50    0.0000    0.0000   66 161161 02 0 0 0.25 0 0000.0000
10  36.232108 -115.026643 xxx  40.35     44    0.0000    0.0000   20 111111 05 0 0 0.25 0 0000.0000
10  36.222724 -115.040512 xxx  65.30     50    0.0000    0.0000   66 161161 02 0 0 0.25 0 0000.0000
10  36.230679 -115.023533 xxx  91.60    202    0.0000    0.0000   90 111111 01 0 0 0.25 0 0000.0000
10  36.227884 -115.033649 xxx 311.30    416    0.0000    0.0000   66 111111 02 0 0 0.25 0 0000.0000
10  36.230885 -115.023568 xxx  91.60    175    0.0000    0.0000   11 111111 01 0 0 0.25 0 0000.0000
10  36.222309 -115.040418 xxx 131.30    483    0.0000    0.0000   66 111111 02 0 0 0.25 0 0000.0000
10  36.230719 -115.024262 xxx  53.04    168    0.0000    0.0000   11 111111 01 0 0 0.25 0 0000.0000
10  36.225058 -115.037075 xxx 221.30   2817    0.0000    0.0000  322 111111 02 0 0 0.25 0 0000.0000
10  36.230416 -115.023776 xxx  91.60    162    0.0000    0.0000   90 111111 01 0 0 0.25 0 0000.0000
10  36.230606 -115.025029 xxx  91.60    208    0.0000    0.0000  136 111111 01 0 0 0.25 0 0000.0000
10  36.228022 -115.032770 xxx  41.30    147    0.0000    0.0000   59 111111 02 0 0 0.25 0 0000.0000
10  36.230765 -115.024881 xxx  91.60     44    0.0000    0.0000  136 111111 01 0 0 0.25 0 0000.0000
10  36.228475 -115.032284 xxx  41.30    147    0.0000    0.0000   59 111111 02 0 0 0.25 0 0000.0000
10  36.231251 -115.034096 xxx 131.10   1440    0.0000    0.0000  159 111111 01 0 0 0.25 0 0000.0000
10  36.227660 -115.033155 xxx  41.30     81    0.0000    0.0000   59 111111 02 0 0 0.25 0 0000.0000
10  36.222599 -115.040537 xxx 131.30     44    0.0000    0.0000   79 111111 02 0 0 0.25 0 0000.0000
10  36.228314 -115.029999 xxx 131.97    313    0.0000    0.0000   20 111111 01 0 0 0.25 0 0000.0000
10  36.229904 -115.032859 xxx 196.60     91    0.0000    0.0000   74 111111 01 0 0 0.25 0 0000.0000
10  36.228119 -115.032902 xxx  41.30    107    0.0000    0.0000   59 111111 02 0 0 0.25 0 0000.0000
10  36.227719 -115.033334 xxx  41.30     81    0.0000    0.0000   59 111111 02 0 0 0.25 0 0000.0000
10  36.228211 -115.029062 xxx 131.97    162    0.0000    0.0000   20 111111 01 0 0 0.25 0 0000.0000
10  36.227762 -115.031151 xxx 131.97    287    0.0000    0.0000   20 111111 01 0 0 0.25 0 0000.0000
10  36.228772 -115.032695 xxx 311.40    416    0.0000    0.0000   66 111111 02 0 0 0.25 0 0000.0000
10  36.228986 -115.031963 xxx  41.30     81    0.0000    0.0000   59 111111 02 0 0 0.25 0 0000.0000
10  36.230876 -115.023257 xxx 106.60     11    0.0000    0.0000   11 111111 01 0 0 0.25 0 0000.0000
10  36.230865 -115.023230 xxx 127.60     11    0.0000    0.0000   11 111111 01 0 0 0.25 0 0000.0000
10  36.228571 -115.032418 xxx  41.30    107    0.0000    0.0000   59 111111 02 0 0 0.25 0 0000.0000
10  36.228631 -115.033616 xxx  41.30    107    0.0000    0.0000   59 111111 02 0 0 0.25 0 0000.0000
10  36.229076 -115.033122 xxx  41.30    107    0.0000    0.0000   59 111111 02 0 0 0.25 0 0000.0000
10  36.229505 -115.032638 xxx  41.30    107    0.0000    0.0000   59 111111 02 0 0 0.25 0 0000.0000
10  36.230845 -115.023212 xxx 151.60     11    0.0000    0.0000   11 111111 01 0 0 0.25 0 0000.0000
10  36.225770 -115.036405 xxx  41.20   3620    0.0000    0.0000  475 111111 01 0 0 0.25 0 0000.0000
10  36.230825 -115.023205 xxx 175.60     11    0.0000    0.0000   11 111111 01 0 0 0.25 0 0000.0000
10  36.230800 -115.023205 xxx 184.60     11    0.0000    0.0000   11 111111 01 0 0 0.25 0 0000.0000
10  36.230888 -115.023906 xxx  83.87     24    0.0000    0.0000   11 111111 01 0 0 0.25 0 0000.0000
10  36.230870 -115.023989 xxx  68.87     31    0.0000    0.0000   11 111111 01 0 0 0.25 0 0000.0000
10  36.230664 -115.024543 xxx 126.37     77    0.0000    0.0000   38 111111 01 0 0 0.25 0 0000.0000
10  36.230545 -115.024546 xxx  51.37     77    0.0000    0.0000   38 111111 01 0 0 0.25 0 0000.0000
10  36.230472 -115.024673 xxx  67.07     25    0.0000    0.0000   38 111111 01 0 0 0.25 0 0000.0000
10  36.230553 -115.024655 xxx  67.07     25    0.0000    0.0000   38 111111 01 0 0 0.25 0 0000.0000
10  36.230672 -115.024667 xxx  67.07     25    0.0000    0.0000   38 111111 01 0 0 0.25 0 0000.0000
10  36.230729 -115.024661 xxx 109.07     18    0.0000    0.0000   38 111111 01 0 0 0.25 0 0000.0000
10  36.230556 -115.025501 xxx 311.37     77    0.0000    0.0000   38 111111 01 0 0 0.25 0 0000.0000
10  36.230677 -115.025530 xxx 236.37     77    0.0000    0.0000   38 111111 01 0 0 0.25 0 0000.0000
10  36.230740 -115.025398 xxx 252.07     25    0.0000    0.0000   38 111111 01 0 0 0.25 0 0000.0000
10  36.230661 -115.025405 xxx 252.07     25    0.0000    0.0000   38 111111 01 0 0 0.25 0 0000.0000
10  36.230540 -115.025378 xxx 252.07     25    0.0000    0.0000   38 111111 01 0 0 0.25 0 0000.0000
10  36.230484 -115.025391 xxx 294.07     18    0.0000    0.0000   38 111111 01 0 0 0.25 0 0000.0000
10  36.228403 -115.032740 xxx  41.00    841    0.0000    0.0000  571 111111 01 0 0 0.25 0 0000.0000
10  36.230059 -115.032327 xxx  41.00    709    0.0000    0.0000  203 111111 01 0 0 0.25 0 0000.0000
10  36.230506 -115.031541 xxx  52.60    111    0.0000    0.0000   74 111111 01 0 0 0.25 0 0000.0000
10  36.227435 -115.030466 xxx  90.08     57    0.0000    0.0000   20 111111 01 0 0 0.25 0 0000.0000
10  36.227445 -115.030624 xxx  99.08     44    0.0000    0.0000   20 111111 01 0 0 0.25 0 0000.0000
10  36.227451 -115.030312 xxx  72.08     44    0.0000    0.0000   20 111111 01 0 0 0.25 0 0000.0000
10  36.227502 -115.030187 xxx  54.08     44    0.0000    0.0000   20 111111 01 0 0 0.25 0 0000.0000
10  36.227477 -115.030743 xxx 120.08     37    0.0000    0.0000   20 111111 01 0 0 0.25 0 0000.0000
10  36.226864 -115.031268 xxx 221.30    383    0.0000    0.0000   20 111111 01 0 0 0.25 0 0000.0000
10  36.226496 -115.031921 xxx  41.97    287    0.0000    0.0000   20 111111 01 0 0 0.25 0 0000.0000
10  36.225347 -115.029899 xxx 180.00    311    0.0000    0.0000   20 111111 04 0 0 0.25 0 0000.0000
10  36.224866 -115.030474 xxx 270.00    297    0.0000    0.0000   20 111111 04 0 0 0.25 0 0000.0000
10  36.227051 -115.031011 xxx 130.60    149    0.0000    0.0000  162 111111 01 0 0 0.25 0 0000.0000
10  36.227295 -115.030820 xxx  27.08     37    0.0000    0.0000   20 111111 01 0 0 0.25 0 0000.0000
10  36.227376 -115.030795 xxx   0.08     37    0.0000    0.0000   20 111111 01 0 0 0.25 0 0000.0000
10  36.227476 -115.030820 xxx 339.28     44    0.0000    0.0000   20 111111 01 0 0 0.25 0 0000.0000
10  36.224833 -115.031010 xxx 228.00     42    0.0000    0.0000   20 111111 04 0 0 0.25 0 0000.0000
10  36.224900 -115.029940 xxx 225.00     42    0.0000    0.0000   20 111111 04 0 0 0.25 0 0000.0000
10  36.225916 -115.025316 xxx 191.33    101    0.0000    0.0000   20 111111 01 0 0 0.25 0 0000.0000
10  36.226160 -115.025210 xxx 207.23     94    0.0000    0.0000   20 111111 01 0 0 0.25 0 0000.0000
10  36.226369 -115.025032 xxx 222.23     94    0.0000    0.0000   20 111111 01 0 0 0.25 0 0000.0000
10  36.226531 -115.024807 xxx 234.23     94    0.0000    0.0000   20 111111 01 0 0 0.25 0 0000.0000
10  36.226658 -115.024535 xxx 246.23     94    0.0000    0.0000   20 111111 01 0 0 0.25 0 0000.0000
10  36.226729 -115.024226 xxx 261.23    101    0.0000    0.0000   20 111111 01 0 0 0.25 0 0000.0000
10  36.226785 -115.022303 xxx 264.23    101    0.0000    0.0000   20 111111 01 0 0 0.25 0 0000.0000
10  36.226852 -115.021993 xxx 246.23    101    0.0000    0.0000   20 111111 01 0 0 0.25 0 0000.0000
10  36.226996 -115.021719 xxx 228.23    101    0.0000    0.0000   20 111111 01 0 0 0.25 0 0000.0000
10  36.227197 -115.021496 xxx 216.23    101    0.0000    0.0000   20 111111 01 0 0 0.25 0 0000.0000
10  36.227432 -115.021329 xxx 204.23    101    0.0000    0.0000   20 111111 01 0 0 0.25 0 0000.0000
10  36.227687 -115.021234 xxx 189.23    101    0.0000    0.0000   20 111111 01 0 0 0.25 0 0000.0000
10  36.229833 -115.032104 xxx 131.97    156    0.0000    0.0000   40 111111 05 0 0 0.25 0 0000.0000
10  36.229646 -115.031608 xxx  84.08     50    0.0000    0.0000   40 111111 05 0 0 0.25 0 0000.0000
10  36.229646 -115.031752 xxx  99.08     44    0.0000    0.0000   40 111111 05 0 0 0.25 0 0000.0000
10  36.229677 -115.031466 xxx  66.08     51    0.0000    0.0000   40 111111 05 0 0 0.25 0 0000.0000
10  36.229740 -115.031334 xxx  54.08     51    0.0000    0.0000   40 111111 05 0 0 0.25 0 0000.0000
10  36.230234 -115.030765 xxx 221.97    451    0.0000    0.0000   40 111111 05 0 0 0.25 0 0000.0000
10  36.229672 -115.031863 xxx 117.08     37    0.0000    0.0000   40 111111 05 0 0 0.25 0 0000.0000
10  36.223763 -115.036578 xxx  40.80    306    0.0000    0.0000  175 111111 01 0 0 0.25 0 0000.0000
10  36.224187 -115.035109 xxx  40.80    129    0.0000    0.0000  169 111111 01 0 0 0.25 0 0000.0000
10  36.224067 -115.035336 xxx  40.80    129    0.0000    0.0000  123 111111 01 0 0 0.25 0 0000.0000
10  36.223987 -115.035485 xxx  40.80    129    0.0000    0.0000   37 111111 01 0 0 0.25 0 0000.0000
10  36.224009 -115.035705 xxx 130.80     96    0.0000    0.0000   24 111111 01 0 0 0.25 0 0000.0000
10  36.224293 -115.036673 xxx 130.80    123    0.0000    0.0000   18 111111 01 0 0 0.25 0 0000.0000
10  36.223906 -115.037089 xxx 130.80    123    0.0000    0.0000   18 111111 01 0 0 0.25 0 0000.0000
10  36.223185 -115.036138 xxx  41.30     96    0.0000    0.0000  182 111111 01 0 0 0.25 0 0000.0000
10  36.223397 -115.036443 xxx 130.80     96    0.0000    0.0000   24 111111 01 0 0 0.25 0 0000.0000
10  36.221685 -115.041937 xxx 131.30   1159    0.0000    0.0000   20 111111 01 0 0 0.25 0 0000.0000
10  36.224033 -115.037231 xxx 359.13     24    0.0000    0.0000   18 111111 01 0 0 0.25 0 0000.0000
10  36.224416 -115.036811 xxx 359.13     24    0.0000    0.0000   18 111111 01 0 0 0.25 0 0000.0000
10  36.224208 -115.052696 xxx  82.40    421    0.0000    0.0000   54 161161 02 0 0 0.25 0 0000.0000
10  36.224163 -115.036525 xxx 359.13     24    0.0000    0.0000   18 111111 01 0 0 0.25 0 0000.0000
10  36.223779 -115.036939 xxx 359.13     24    0.0000    0.0000   18 111111 01 0 0 0.25 0 0000.0000
10  36.223807 -115.036910 xxx  87.84     24    0.0000    0.0000   18 111111 01 0 0 0.25 0 0000.0000
10  36.224194 -115.036498 xxx  87.84     24    0.0000    0.0000   18 111111 01 0 0 0.25 0 0000.0000
10  36.224385 -115.036836 xxx  87.84     24    0.0000    0.0000   18 111111 01 0 0 0.25 0 0000.0000
10  36.224000 -115.037254 xxx  87.84     24    0.0000    0.0000   18 111111 01 0 0 0.25 0 0000.0000
10  36.241263 -115.036805 xxx 222.30    433    0.0000    0.0000  107 111111 02 0 0 0.25 0 0000.0000
10  36.223334 -115.036389 xxx 359.13     24    0.0000    0.0000   18 111111 01 0 0 0.25 0 0000.0000
10  36.223362 -115.036361 xxx  87.84     24    0.0000    0.0000   18 111111 01 0 0 0.25 0 0000.0000
10  36.223438 -115.036461 xxx 176.13     24    0.0000    0.0000   18 111111 01 0 0 0.25 0 0000.0000
10  36.244928 -115.042753 xxx 319.00    260    0.0000    0.0000   40 111111 01 0 0 0.25 0 0000.0000
10  36.223408 -115.036488 xxx 264.84     24    0.0000    0.0000   18 111111 01 0 0 0.25 0 0000.0000
10  36.220605 -115.040380 xxx 114.40     57    0.0000    0.0000   20 111111 01 0 0 0.25 0 0000.0000
10  36.220564 -115.040174 xxx  96.60     77    0.0000    0.0000   20 111111 01 0 0 0.25 0 0000.0000
10  36.220565 -115.039924 xxx  81.40     77    0.0000    0.0000   20 111111 01 0 0 0.25 0 0000.0000
10  36.220611 -115.039694 xxx  70.00     70    0.0000    0.0000   20 111111 01 0 0 0.25 0 0000.0000
10  36.220693 -115.039506 xxx  53.30     64    0.0000    0.0000   20 111111 01 0 0 0.25 0 0000.0000
10  36.221866 -115.045353 xxx  50.95    943    0.0000    0.0000   20 111111 01 0 0 0.25 0 0000.0000
10  36.219303 -115.049093 xxx  48.79    943    0.0000    0.0000   20 111111 01 0 0 0.25 0 0000.0000
10  36.220604 -115.047243 xxx  49.60    503    0.0000    0.0000   20 111111 01 0 0 0.25 0 0000.0000
10  36.218295 -115.051154 xxx  91.49    247    0.0000    0.0000   20 111111 01 0 0 0.25 0 0000.0000
10  36.218846 -115.052254 xxx 151.46    306    0.0000    0.0000   20 111111 01 0 0 0.25 0 0000.0000
10  36.241441 -115.036024 xxx 130.60    151    0.0000    0.0000   74 111111 02 0 0 0.25 0 0000.0000
10  36.221500 -115.052544 xxx   0.48   1415    0.0000    0.0000   20 111111 01 0 0 0.25 0 0000.0000
10  36.219939 -115.054331 xxx  90.05   1041    0.0000    0.0000   20 111111 01 0 0 0.25 0 0000.0000
10  36.223837 -115.058719 xxx   0.26   1330    0.0000    0.0000   24 111111 01 0 0 0.25 0 0000.0000
10  36.247940 -115.040969 xxx  54.30   1302    0.0000    0.0000   20 111111 01 0 0 0.25 0 0000.0000
10  36.245879 -115.042910 xxx 180.80    574    0.0000    0.0000   20 111111 01 0 0 0.25 0 0000.0000
10  36.243616 -115.048445 xxx  54.30   1000    0.0000    0.0000   20 111111 01 0 0 0.25 0 0000.0000
10  36.229648 -115.055800 xxx  51.51    280    0.0000    0.0000   27 111111 01 0 0 0.25 0 0000.0000
10  36.230084 -115.055081 xxx  55.08    254    0.0000    0.0000   27 111111 01 0 0 0.25 0 0000.0000
10  36.230757 -115.053667 xxx  66.81    248    0.0000    0.0000   27 111111 01 0 0 0.25 0 0000.0000
10  36.232331 -115.052419 xxx 180.80    510    0.0000    0.0000   27 111111 01 0 0 0.25 0 0000.0000
10  36.234101 -115.052372 xxx 181.80    510    0.0000    0.0000   27 111111 01 0 0 0.25 0 0000.0000
10  36.237829 -115.052512 xxx 181.00   1396    0.0000    0.0000   27 111111 01 0 0 0.25 0 0000.0000
10  36.241543 -115.051332 xxx 234.20   1015    0.0000    0.0000   27 111111 01 0 0 0.25 0 0000.0000
10  36.241645 -115.051505 xxx 234.20    976    0.0000    0.0000   27 111111 01 0 0 0.25 0 0000.0000
10  36.240315 -115.049909 xxx 271.72    963    0.0000    0.0000   27 111111 01 0 0 0.25 0 0000.0000
10  36.240220 -115.052127 xxx 233.69     76    0.0000    0.0000   27 111111 01 0 0 0.25 0 0000.0000
10  36.240978 -115.042999 xxx 180.80   2955    0.0000    0.0000   20 111111 01 0 0 0.25 0 0000.0000
10  36.239245 -115.040112 xxx 225.97   2424    0.0000    0.0000   20 111111 01 0 0 0.25 0 0000.0000
10  36.240168 -115.037685 xxx 222.10    505    0.0000    0.0000  343 111111 02 0 0 0.25 0 0000.0000
10  36.238985 -115.038814 xxx 222.00    308    0.0000    0.0000  120 111111 02 0 0 0.25 0 0000.0000
10  36.237907 -115.040250 xxx 222.30    754    0.0000    0.0000  107 111111 01 0 0 0.25 0 0000.0000
10  36.238353 -115.039358 xxx 130.60    144    0.0000    0.0000   67 111111 01 0 0 0.25 0 0000.0000
10  36.238130 -115.039597 xxx 130.60    144    0.0000    0.0000   67 111111 01 0 0 0.25 0 0000.0000
10  36.237897 -115.039873 xxx 130.60    144    0.0000    0.0000   67 111111 01 0 0 0.25 0 0000.0000
10  36.237633 -115.040162 xxx 130.60    144    0.0000    0.0000   67 111111 01 0 0 0.25 0 0000.0000
10  36.237410 -115.040414 xxx 130.60    144    0.0000    0.0000   67 111111 01 0 0 0.25 0 0000.0000
10  36.237166 -115.040678 xxx 130.60    144    0.0000    0.0000   67 111111 01 0 0 0.25 0 0000.0000
10  36.236568 -115.041483 xxx 130.60    183    0.0000    0.0000  140 111111 01 0 0 0.25 0 0000.0000
10  36.236203 -115.041721 xxx 130.60    150    0.0000    0.0000   87 111111 01 0 0 0.25 0 0000.0000
10  36.235645 -115.043155 xxx  42.00    426    0.0000    0.0000  146 111111 02 0 0 0.25 0 0000.0000
10  36.243910 -115.038216 xxx 271.00   1159    0.0000    0.0000   40 111111 01 0 0 0.25 0 0000.0000
10  36.235990 -115.042614 xxx 130.60    367    0.0000    0.0000   74 111111 02 0 0 0.25 0 0000.0000
10  36.236380 -115.043137 xxx 130.60    170    0.0000    0.0000  172 111111 02 0 0 0.25 0 0000.0000
10  36.235006 -115.043406 xxx 130.60    262    0.0000    0.0000   74 111111 02 0 0 0.25 0 0000.0000
10  36.234225 -115.044450 xxx 130.60    373    0.0000    0.0000   74 111111 02 0 0 0.25 0 0000.0000
10  36.234033 -115.044991 xxx  42.00    321    0.0000    0.0000  146 111111 02 0 0 0.25 0 0000.0000
10  36.233475 -115.045091 xxx 130.60    262    0.0000    0.0000   74 111111 02 0 0 0.25 0 0000.0000
10  36.233810 -115.046462 xxx 221.37   3028    0.0000    0.0000   20 111111 01 0 0 0.25 0 0000.0000
10  36.232440 -115.046801 xxx  42.00    478    0.0000    0.0000  264 111111 02 0 0 0.25 0 0000.0000
10  36.232096 -115.046260 xxx 130.60    144    0.0000    0.0000   54 111111 01 0 0 0.25 0 0000.0000
10  36.230980 -115.047706 xxx 130.60    295    0.0000    0.0000   74 111111 01 0 0 0.25 0 0000.0000
10  36.230869 -115.048423 xxx  42.00    301    0.0000    0.0000  146 111111 01 0 0 0.25 0 0000.0000
10  36.230331 -115.048511 xxx 130.60    262    0.0000    0.0000   74 111111 01 0 0 0.25 0 0000.0000
10  36.229408 -115.050045 xxx 130.60    183    0.0000    0.0000  140 111111 01 0 0 0.25 0 0000.0000
10  36.229107 -115.049608 xxx 130.60    163    0.0000    0.0000   35 111111 01 0 0 0.25 0 0000.0000
10  36.226903 -115.052774 xxx  42.00    793    0.0000    0.0000  264 111111 01 0 0 0.25 0 0000.0000
10  36.227035 -115.051843 xxx 130.60    144    0.0000    0.0000   54 111111 01 0 0 0.25 0 0000.0000
10  36.226122 -115.052811 xxx 130.60    144    0.0000    0.0000   54 111111 01 0 0 0.25 0 0000.0000
10  36.228545 -115.052186 xxx 221.37   2090    0.0000    0.0000   20 111111 01 0 0 0.25 0 0000.0000
10  36.242354 -115.040514 xxx 270.97   2575    0.0000    0.0000   20 111111 01 0 0 0.25 0 0000.0000
10  36.244867 -115.045300 xxx 181.10    219    0.0000    0.0000  164 111111 01 0 0 0.25 0 0000.0000
10  36.242751 -115.036628 xxx 197.20    679    0.0000    0.0000   20 111111 01 0 0 0.25 0 0000.0000
10  36.245360 -115.039383 xxx 180.80    508    0.0000    0.0000   20 111111 01 0 0 0.25 0 0000.0000
10  36.243061 -115.039126 xxx 181.10    613    0.0000    0.0000   20 111111 01 0 0 0.25 0 0000.0000
10  36.244205 -115.045295 xxx 181.10    285    0.0000    0.0000   13 111111 01 0 0 0.25 0 0000.0000
10  36.242419 -115.046721 xxx 270.70   1087    0.0000    0.0000   27 111111 01 0 0 0.25 0 0000.0000
10  36.244152 -115.041601 xxx 295.00    130    0.0000    0.0000   40 111111 01 0 0 0.25 0 0000.0000
10  36.244536 -115.042300 xxx 313.00    136    0.0000    0.0000   40 111111 01 0 0 0.25 0 0000.0000
10  36.243974 -115.040849 xxx 277.00    129    0.0000    0.0000   40 111111 01 0 0 0.25 0 0000.0000
10  36.243945 -115.040409 xxx 273.10    136    0.0000    0.0000   40 111111 01 0 0 0.25 0 0000.0000
10  36.244035 -115.041230 xxx 286.90    116    0.0000    0.0000   40 111111 01 0 0 0.25 0 0000.0000
10  36.244316 -115.041963 xxx 304.00    123    0.0000    0.0000   40 111111 01 0 0 0.25 0 0000.0000
10  36.240239 -115.045650 xxx 271.12   1546    0.0000    0.0000   20 111111 01 0 0 0.25 0 0000.0000
10  36.240174 -115.040325 xxx 226.12   2235    0.0000    0.0000   20 111111 01 0 0 0.25 0 0000.0000
10  36.241002 -115.040721 xxx 226.12   1297    0.0000    0.0000   20 111111 01 0 0 0.25 0 0000.0000
10  36.241105 -115.040846 xxx 316.12   1284    0.0000    0.0000   20 111111 01 0 0 0.25 0 0000.0000
10  36.244496 -115.045994 xxx  90.94    410    0.0000    0.0000   20 111111 01 0 0 0.25 0 0000.0000
10  36.240664 -115.041459 xxx 316.12   1284    0.0000    0.0000   20 111111 01 0 0 0.25 0 0000.0000
10  36.243112 -115.037493 xxx 271.12   1376    0.0000    0.0000   20 111111 01 0 0 0.25 0 0000.0000
10  36.244600 -115.036801 xxx 271.12   1606    0.0000    0.0000   20 111111 01 0 0 0.25 0 0000.0000
10  36.244225 -115.036234 xxx 179.20    278    0.0000    0.0000   20 111111 01 0 0 0.25 0 0000.0000
10  36.243882 -115.035019 xxx 269.20    711    0.0000    0.0000   20 111111 01 0 0 0.25 0 0000.0000
10  36.244646 -115.034755 xxx 181.10    534    0.0000    0.0000   20 111111 01 0 0 0.25 0 0000.0000
10  36.248128 -115.035465 xxx 181.10    600    0.0000    0.0000   20 111111 01 0 0 0.25 0 0000.0000
10  36.245041 -115.035404 xxx 181.10    337    0.0000    0.0000   20 111111 01 0 0 0.25 0 0000.0000
10  36.242067 -115.035518 xxx 130.10    148    0.0000    0.0000   20 111111 01 0 0 0.25 0 0000.0000
10  36.235993 -115.047493 xxx 181.10   2332    0.0000    0.0000   20 111111 01 0 0 0.25 0 0000.0000
10  36.236956 -115.046217 xxx 271.12    943    0.0000    0.0000   20 111111 01 0 0 0.25 0 0000.0000
10  36.239539 -115.048483 xxx 181.20   1887    0.0000    0.0000   46 111111 01 0 0 0.25 0 0000.0000
10  36.235844 -115.049973 xxx 218.70    214    0.0000    0.0000   27 111111 01 0 0 0.25 0 0000.0000
10  36.236925 -115.044484 xxx  94.10     82    0.0000    0.0000   20 111111 01 0 0 0.25 0 0000.0000
10  36.239172 -115.042624 xxx 181.10     69    0.0000    0.0000   20 111111 01 0 0 0.25 0 0000.0000
10  36.231762 -115.048971 xxx 312.42    530    0.0000    0.0000   20 111111 01 0 0 0.25 0 0000.0000
10  36.236595 -115.043612 xxx 133.10    200    0.0000    0.0000   20 111111 01 0 0 0.25 0 0000.0000
10  36.242457 -115.049383 xxx 272.20    293    0.0000    0.0000   27 111111 01 0 0 0.25 0 0000.0000
10  36.229345 -115.052495 xxx 181.10    823    0.0000    0.0000   20 111111 01 0 0 0.25 0 0000.0000
10  36.233430 -115.051462 xxx 271.12    529    0.0000    0.0000   20 111111 01 0 0 0.25 0 0000.0000
10  36.232926 -115.050356 xxx 181.10    233    0.0000    0.0000   20 111111 01 0 0 0.25 0 0000.0000
10  36.232457 -115.050216 xxx 272.22     24    0.0000    0.0000   20 111111 01 0 0 0.25 0 0000.0000
10  36.228257 -115.056052 xxx 292.12    248    0.0000    0.0000   20 111111 01 0 0 0.25 0 0000.0000
10  36.227218 -115.054270 xxx 313.12    615    0.0000    0.0000   20 111111 01 0 0 0.25 0 0000.0000
10  36.225948 -115.057233 xxx 271.12   1015    0.0000    0.0000   20 111111 01 0 0 0.25 0 0000.0000
10  36.229084 -115.056585 xxx  45.51    346    0.0000    0.0000   27 111111 01 0 0 0.25 0 0000.0000
10  36.228458 -115.057362 xxx  44.91    300    0.0000    0.0000   27 111111 01 0 0 0.25 0 0000.0000
10  36.227904 -115.057942 xxx  34.51    241    0.0000    0.0000   27 111111 01 0 0 0.25 0 0000.0000
10  36.227332 -115.058345 xxx  25.11    247    0.0000    0.0000   27 111111 01 0 0 0.25 0 0000.0000
10  36.226686 -115.058597 xxx  10.31    254    0.0000    0.0000   27 111111 01 0 0 0.25 0 0000.0000
10  36.226007 -115.058694 xxx   2.71    254    0.0000    0.0000   27 111111 01 0 0 0.25 0 0000.0000
10  36.242448 -115.050022 xxx 257.60     90    0.0000    0.0000   27 111111 01 0 0 0.25 0 0000.0000
10  36.242387 -115.049853 xxx 245.60     57    0.0000    0.0000   27 111111 01 0 0 0.25 0 0000.0000
10  36.242442 -115.049654 xxx 257.60     70    0.0000    0.0000   27 111111 01 0 0 0.25 0 0000.0000
10  36.242622 -115.049998 xxx 216.20    182    0.0000    0.0000   20 111111 01 0 0 0.25 0 0000.0000
10  36.242618 -115.049786 xxx 149.60     37    0.0000    0.0000   20 111111 01 0 0 0.25 0 0000.0000
10  36.242554 -115.049725 xxx 134.60     31    0.0000    0.0000   20 111111 01 0 0 0.25 0 0000.0000
10  36.242699 -115.049811 xxx 182.60     37    0.0000    0.0000   20 111111 01 0 0 0.25 0 0000.0000
10  36.242498 -115.049626 xxx 116.60     44    0.0000    0.0000   20 111111 01 0 0 0.25 0 0000.0000
10  36.242798 -115.049783 xxx 206.60     44    0.0000    0.0000   20 111111 01 0 0 0.25 0 0000.0000
10  36.242439 -115.048721 xxx 271.40     96    0.0000    0.0000   27 111111 01 0 0 0.25 0 0000.0000
10  36.242298 -115.048620 xxx 313.40     96    0.0000    0.0000   27 111111 01 0 0 0.25 0 0000.0000
10  36.242287 -115.048295 xxx  37.40     64    0.0000    0.0000   27 111111 01 0 0 0.25 0 0000.0000
10  36.242384 -115.048166 xxx  58.40     57    0.0000    0.0000   27 111111 01 0 0 0.25 0 0000.0000
10  36.242412 -115.048801 xxx 112.40     57    0.0000    0.0000   27 111111 01 0 0 0.25 0 0000.0000
10  36.239207 -115.045576 xxx 270.97   1728    0.0000    0.0000   20 111111 01 0 0 0.25 0 0000.0000
10  36.242145 -115.048469 xxx 154.40     57    0.0000    0.0000   27 111111 01 0 0 0.25 0 0000.0000
10  36.242151 -115.048375 xxx 193.40     57    0.0000    0.0000   27 111111 01 0 0 0.25 0 0000.0000
10  36.242803 -115.045133 xxx 181.10    305    0.0000    0.0000   13 111111 01 0 0 0.25 0 0000.0000
10  36.243508 -115.045213 xxx 166.00    232    0.0000    0.0000   13 111111 01 0 0 0.25 0 0000.0000
10  36.244448 -115.046977 xxx  66.94     62    0.0000    0.0000   20 111111 01 0 0 0.25 0 0000.0000
10  36.244492 -115.046783 xxx  81.94     62    0.0000    0.0000   20 111111 01 0 0 0.25 0 0000.0000
10  36.245441 -115.043364 xxx 313.00    260    0.0000    0.0000   40 111111 01 0 0 0.25 0 0000.0000
10  36.245830 -115.043921 xxx 307.00    195    0.0000    0.0000   40 111111 01 0 0 0.25 0 0000.0000
10  36.246726 -115.042875 xxx 195.80     49    0.0000    0.0000   20 111111 01 0 0 0.25 0 0000.0000
10  36.246841 -115.042805 xxx 215.90     55    0.0000    0.0000   20 111111 01 0 0 0.25 0 0000.0000
10  36.244278 -115.039204 xxx 164.20    278    0.0000    0.0000   20 111111 01 0 0 0.25 0 0000.0000
10  36.244781 -115.041427 xxx  91.70    672    0.0000    0.0000   20 111111 01 0 0 0.25 0 0000.0000
10  36.244379 -115.040415 xxx 179.20    278    0.0000    0.0000   20 111111 01 0 0 0.25 0 0000.0000
10  36.247073 -115.039700 xxx 179.20    606    0.0000    0.0000   20 111111 01 0 0 0.25 0 0000.0000
10  36.248045 -115.037955 xxx  91.70    908    0.0000    0.0000   20 111111 01 0 0 0.25 0 0000.0000
10  36.248376 -115.036148 xxx 179.80    620    0.0000    0.0000   20 111111 01 0 0 0.25 0 0000.0000
10  36.247826 -115.033934 xxx 179.80    627    0.0000    0.0000   20 111111 01 0 0 0.25 0 0000.0000
10  36.246089 -115.041118 xxx  88.70    908    0.0000    0.0000   20 111111 01 0 0 0.25 0 0000.0000
10  36.245998 -115.042793 xxx 225.80     36    0.0000    0.0000   20 111111 01 0 0 0.25 0 0000.0000
10  36.246044 -115.042705 xxx 248.90     36    0.0000    0.0000   20 111111 01 0 0 0.25 0 0000.0000
10  36.245893 -115.042869 xxx 201.80     62    0.0000    0.0000   20 111111 01 0 0 0.25 0 0000.0000
10  36.246097 -115.039500 xxx 110.20    101    0.0000    0.0000   20 111111 01 0 0 0.25 0 0000.0000
10  36.246222 -115.039701 xxx  32.20     22    0.0000    0.0000   20 111111 01 0 0 0.25 0 0000.0000
10  36.246160 -115.039789 xxx  56.20     55    0.0000    0.0000   20 111111 01 0 0 0.25 0 0000.0000
10  36.248024 -115.039630 xxx 225.80     36    0.0000    0.0000   20 111111 01 0 0 0.25 0 0000.0000
10  36.248069 -115.039538 xxx 251.90     36    0.0000    0.0000   20 111111 01 0 0 0.25 0 0000.0000
10  36.247944 -115.039693 xxx 198.80     42    0.0000    0.0000   20 111111 01 0 0 0.25 0 0000.0000
10  36.247960 -115.036247 xxx 306.80     36    0.0000    0.0000   20 111111 01 0 0 0.25 0 0000.0000
10  36.247893 -115.036177 xxx 332.90     36    0.0000    0.0000   20 111111 01 0 0 0.25 0 0000.0000
10  36.247997 -115.036356 xxx 279.80     42    0.0000    0.0000   20 111111 01 0 0 0.25 0 0000.0000
10  36.224620 -115.051424 xxx  40.00    218    0.0000    0.0000   54 161161 02 0 0 0.25 0 0000.0000
10  36.225345 -115.051997 xxx 131.30    551    0.0000    0.0000   61 111111 02 0 0 0.25 0 0000.0000
10  36.226071 -115.054977 xxx 237.62     63    0.0000    0.0000   20 111111 01 0 0 0.25 0 0000.0000
10  36.223424 -115.054636 xxx  49.40    664    0.0000    0.0000   54 161161 02 0 0 0.25 0 0000.0000
10  36.224800 -115.051398 xxx 172.60     98    0.0000    0.0000   41 111111 02 0 0 0.25 0 0000.0000
10  36.223307 -115.055675 xxx 139.60     98    0.0000    0.0000  107 111111 02 0 0 0.25 0 0000.0000
10  36.223642 -115.055197 xxx 139.60     98    0.0000    0.0000  107 111111 02 0 0 0.25 0 0000.0000
10  36.224881 -115.051428 xxx 154.60     98    0.0000    0.0000   41 111111 02 0 0 0.25 0 0000.0000
10  36.223122 -115.055468 xxx 139.60    163    0.0000    0.0000   41 111111 02 0 0 0.25 0 0000.0000
10  36.223425 -115.054964 xxx 139.60    163    0.0000    0.0000   41 111111 02 0 0 0.25 0 0000.0000
10  36.223743 -115.054512 xxx 139.60    163    0.0000    0.0000   41 111111 02 0 0 0.25 0 0000.0000
10  36.224021 -115.054093 xxx 139.60    163    0.0000    0.0000   41 111111 02 0 0 0.25 0 0000.0000
10  36.224108 -115.053500 xxx  73.40     67    0.0000    0.0000   54 161161 02 0 0 0.25 0 0000.0000
10  36.224046 -115.053697 xxx  64.40     67    0.0000    0.0000   54 161161 02 0 0 0.25 0 0000.0000
10  36.223675 -115.054813 xxx 229.60    734    0.0000    0.0000  297 111111 01 0 0 0.25 0 0000.0000
10  36.243746 -115.036265 xxx 191.20     82    0.0000    0.0000   20 111111 01 0 0 0.25 0 0000.0000
10  36.224682 -115.051445 xxx 190.60     85    0.0000    0.0000   22 111111 02 0 0 0.25 0 0000.0000
10  36.225268 -115.052067 xxx 311.28    615    0.0000    0.0000   53 111111 01 0 0 0.25 0 0000.0000
10  36.224488 -115.052517 xxx   0.48    759    0.0000    0.0000   20 111111 01 0 0 0.25 0 0000.0000
10  36.224306 -115.051893 xxx  75.00     67    0.0000    0.0000   54 161161 02 0 0 0.25 0 0000.0000
10  36.224364 -115.051725 xxx  58.40     60    0.0000    0.0000   54 161161 02 0 0 0.25 0 0000.0000
10  36.224216 -115.052662 xxx 262.80    360    0.0000    0.0000  100 111111 01 0 0 0.25 0 0000.0000
10  36.224635 -115.051385 xxx 220.80    242    0.0000    0.0000  120 111111 01 0 0 0.25 0 0000.0000
10  36.224767 -115.051494 xxx 172.60     98    0.0000    0.0000   41 111111 01 0 0 0.25 0 0000.0000
10  36.224722 -115.051497 xxx 187.60     98    0.0000    0.0000   41 111111 01 0 0 0.25 0 0000.0000
10  36.224834 -115.051516 xxx 151.60     98    0.0000    0.0000   41 111111 01 0 0 0.25 0 0000.0000
10  36.224380 -115.051678 xxx 244.80     65    0.0000    0.0000  113 111111 01 0 0 0.25 0 0000.0000
10  36.224306 -115.051906 xxx 257.80    104    0.0000    0.0000  100 111111 01 0 0 0.25 0 0000.0000
10  36.224371 -115.052032 xxx 249.80    130    0.0000    0.0000   41 111111 01 0 0 0.25 0 0000.0000
10  36.224137 -115.053356 xxx 257.70     71    0.0000    0.0000  100 111111 01 0 0 0.25 0 0000.0000
10  36.224093 -115.053556 xxx 251.80     65    0.0000    0.0000  100 111111 01 0 0 0.25 0 0000.0000
10  36.224034 -115.053734 xxx 242.80     65    0.0000    0.0000  100 111111 01 0 0 0.25 0 0000.0000
10  36.226299 -115.054639 xxx 224.62     96    0.0000    0.0000   20 111111 01 0 0 0.25 0 0000.0000
10  36.225933 -115.055412 xxx 262.12     63    0.0000    0.0000   20 111111 01 0 0 0.25 0 0000.0000
10  36.225985 -115.055189 xxx 247.52     83    0.0000    0.0000   20 111111 01 0 0 0.25 0 0000.0000
10  36.226165 -115.054816 xxx 229.92     63    0.0000    0.0000   20 111111 01 0 0 0.25 0 0000.0000
10  36.231122 -115.052698 xxx  54.81     77    0.0000    0.0000   27 111111 01 0 0 0.25 0 0000.0000
10  36.230965 -115.052661 xxx 144.81     84    0.0000    0.0000   20 111111 01 0 0 0.25 0 0000.0000
10  36.232381 -115.049892 xxx 114.81     64    0.0000    0.0000   20 111111 01 0 0 0.25 0 0000.0000
10  36.227866 -115.055135 xxx 310.12     84    0.0000    0.0000   20 111111 01 0 0 0.25 0 0000.0000
10  36.228075 -115.055537 xxx 298.12     84    0.0000    0.0000   20 111111 01 0 0 0.25 0 0000.0000
10  36.227979 -115.055327 xxx 301.12     64    0.0000    0.0000   20 111111 01 0 0 0.25 0 0000.0000
10  36.228426 -115.056528 xxx 301.12     64    0.0000    0.0000   20 111111 01 0 0 0.25 0 0000.0000
10  36.228612 -115.056795 xxx 314.92    149    0.0000    0.0000   20 111111 01 0 0 0.25 0 0000.0000
10  36.228760 -115.056939 xxx   4.12     18    0.0000    0.0000   20 111111 01 0 0 0.25 0 0000.0000
10  36.228724 -115.056985 xxx  82.12     18    0.0000    0.0000   20 111111 01 0 0 0.25 0 0000.0000
10  36.230455 -115.054391 xxx  58.08    241    0.0000    0.0000   27 111111 01 0 0 0.25 0 0000.0000
10  36.230976 -115.053034 xxx  66.81    162    0.0000    0.0000   27 111111 01 0 0 0.25 0 0000.0000
10  36.231071 -115.052715 xxx  13.12     18    0.0000    0.0000   20 111111 01 0 0 0.25 0 0000.0000
10  36.231042 -115.052765 xxx  91.12     18    0.0000    0.0000   20 111111 01 0 0 0.25 0 0000.0000
10  36.230819 -115.052557 xxx 159.67     44    0.0000    0.0000   20 111111 01 0 0 0.25 0 0000.0000
10  36.230533 -115.052480 xxx 172.47     44    0.0000    0.0000   20 111111 01 0 0 0.25 0 0000.0000
10  36.230679 -115.052509 xxx 169.47     64    0.0000    0.0000   20 111111 01 0 0 0.25 0 0000.0000
10  36.231507 -115.052455 xxx   9.81     97    0.0000    0.0000   27 111111 01 0 0 0.25 0 0000.0000
10  36.231275 -115.052545 xxx  24.81     90    0.0000    0.0000   27 111111 01 0 0 0.25 0 0000.0000
10  36.233213 -115.052400 xxx 181.31    136    0.0000    0.0000   27 111111 01 0 0 0.25 0 0000.0000
10  36.235878 -115.047918 xxx 312.20    325    0.0000    0.0000   27 111111 01 0 0 0.25 0 0000.0000
10  36.240350 -115.051669 xxx 266.69     76    0.0000    0.0000   27 111111 01 0 0 0.25 0 0000.0000
10  36.240311 -115.051911 xxx 251.69     76    0.0000    0.0000   27 111111 01 0 0 0.25 0 0000.0000
10  36.240093 -115.052304 xxx 221.69     70    0.0000    0.0000   27 111111 01 0 0 0.25 0 0000.0000
10  36.239811 -115.052456 xxx 188.69     63    0.0000    0.0000   27 111111 01 0 0 0.25 0 0000.0000
10  36.239958 -115.052411 xxx 199.99     57    0.0000    0.0000   27 111111 01 0 0 0.25 0 0000.0000
10  36.236896 -115.044222 xxx 103.10     75    0.0000    0.0000   20 111111 01 0 0 0.25 0 0000.0000
10  36.236826 -115.043974 xxx 114.20     82    0.0000    0.0000   20 111111 01 0 0 0.25 0 0000.0000
10  36.241708 -115.037068 xxx 207.10    134    0.0000    0.0000   20 111111 01 0 0 0.25 0 0000.0000
10  36.242281 -115.036039 xxx 100.10     69    0.0000    0.0000   20 111111 01 0 0 0.25 0 0000.0000
10  36.242230 -115.035816 xxx 110.90     75    0.0000    0.0000   20 111111 01 0 0 0.25 0 0000.0000
10  36.239363 -115.042594 xxx 193.10     75    0.0000    0.0000   20 111111 01 0 0 0.25 0 0000.0000
10  36.239542 -115.042511 xxx 208.10     69    0.0000    0.0000   20 111111 01 0 0 0.25 0 0000.0000
10  36.239692 -115.042383 xxx 220.10     69    0.0000    0.0000   20 111111 01 0 0 0.25 0 0000.0000
10  36.238719 -115.042398 xxx 139.10     82    0.0000    0.0000   20 111111 01 0 0 0.25 0 0000.0000
10  36.238878 -115.042536 xxx 151.10     62    0.0000    0.0000   20 111111 01 0 0 0.25 0 0000.0000
10  36.239019 -115.042605 xxx 166.10     56    0.0000    0.0000   20 111111 01 0 0 0.25 0 0000.0000
10  36.243287 -115.034943 xxx 223.10    212    0.0000    0.0000   20 111111 01 0 0 0.25 0 0000.0000
10  36.243677 -115.034816 xxx 334.10    153    0.0000    0.0000   20 111111 01 0 0 0.25 0 0000.0000
10  36.243272 -115.034390 xxx 310.10    232    0.0000    0.0000   20 111111 01 0 0 0.25 0 0000.0000
10  36.244707 -115.034587 xxx 226.10    140    0.0000    0.0000   13 111111 01 0 0 0.25 0 0000.0000
10  36.245055 -115.034150 xxx 136.10     22    0.0000    0.0000   13 111111 01 0 0 0.25 0 0000.0000
10  36.244854 -115.034397 xxx 136.10     35    0.0000    0.0000   13 111111 01 0 0 0.25 0 0000.0000
10  36.245085 -115.034212 xxx 109.10     29    0.0000    0.0000   13 111111 01 0 0 0.25 0 0000.0000
10  36.244815 -115.034328 xxx 106.10     22    0.0000    0.0000   13 111111 01 0 0 0.25 0 0000.0000
10  36.245091 -115.034295 xxx  82.10     29    0.0000    0.0000   13 111111 01 0 0 0.25 0 0000.0000
10  36.244812 -115.034254 xxx  83.90     29    0.0000    0.0000   13 111111 01 0 0 0.25 0 0000.0000
10  36.245067 -115.034376 xxx  56.60     29    0.0000    0.0000   13 111111 01 0 0 0.25 0 0000.0000
10  36.244834 -115.034179 xxx  55.10     29    0.0000    0.0000   13 111111 01 0 0 0.25 0 0000.0000
10  36.245019 -115.034432 xxx  28.10     29    0.0000    0.0000   13 111111 01 0 0 0.25 0 0000.0000
10  36.244883 -115.034126 xxx  28.10     29    0.0000    0.0000   13 111111 01 0 0 0.25 0 0000.0000
10  36.244960 -115.034454 xxx   1.10     22    0.0000    0.0000   13 111111 01 0 0 0.25 0 0000.0000
10  36.244946 -115.034105 xxx   1.10     29    0.0000    0.0000   13 111111 01 0 0 0.25 0 0000.0000
10  36.244911 -115.034443 xxx 343.10     22    0.0000    0.0000   13 111111 01 0 0 0.25 0 0000.0000
10  36.245010 -115.034117 xxx 340.10     22    0.0000    0.0000   13 111111 01 0 0 0.25 0 0000.0000
10  36.244696 -115.039919 xxx 100.30    239    0.0000    0.0000   20 111111 01 0 0 0.25 0 0000.0000
10  36.243829 -115.034820 xxx  46.10     61    0.0000    0.0000   20 111111 01 0 0 0.25 0 0000.0000
10  36.235449 -115.050473 xxx 233.00    207    0.0000    0.0000   27 111111 01 0 0 0.25 0 0000.0000
10  36.234981 -115.051679 xxx 258.20    214    0.0000    0.0000   27 111111 01 0 0 0.25 0 0000.0000
10  36.234924 -115.052458 xxx 270.20    253    0.0000    0.0000   27 111111 01 0 0 0.25 0 0000.0000
10  36.235161 -115.051041 xxx 243.20    194    0.0000    0.0000   27 111111 01 0 0 0.25 0 0000.0000
10  36.236556 -115.049129 xxx 232.80    168    0.0000    0.0000   27 111111 01 0 0 0.25 0 0000.0000
10  36.236780 -115.048703 xxx 243.20    135    0.0000    0.0000   27 111111 01 0 0 0.25 0 0000.0000
10  36.236959 -115.047975 xxx 261.20     96    0.0000    0.0000   20 111111 01 0 0 0.25 0 0000.0000
10  36.236390 -115.048473 xxx 336.20     63    0.0000    0.0000   27 111111 01 0 0 0.25 0 0000.0000
10  36.236725 -115.048547 xxx 357.20     70    0.0000    0.0000   27 111111 01 0 0 0.25 0 0000.0000
10  36.236247 -115.049547 xxx 222.70    175    0.0000    0.0000   27 111111 01 0 0 0.25 0 0000.0000
10  36.236945 -115.048550 xxx   0.20     83    0.0000    0.0000   46 111111 01 0 0 0.25 0 0000.0000
10  36.236897 -115.048309 xxx 254.10    109    0.0000    0.0000   20 111111 01 0 0 0.25 0 0000.0000
10  36.236548 -115.048527 xxx 351.20     63    0.0000    0.0000   27 111111 01 0 0 0.25 0 0000.0000
10  36.236241 -115.048376 xxx 326.40     63    0.0000    0.0000   27 111111 01 0 0 0.25 0 0000.0000
10  36.235733 -115.052495 xxx 165.20    142    0.0000    0.0000   27 111111 01 0 0 0.25 0 0000.0000
10  36.235362 -115.052401 xxx 171.20    142    0.0000    0.0000   27 111111 01 0 0 0.25 0 0000.0000
10  36.234987 -115.052356 xxx 177.20    142    0.0000    0.0000   27 111111 01 0 0 0.25 0 0000.0000
10  36.232436 -115.050076 xxx 105.81     64    0.0000    0.0000   20 111111 01 0 0 0.25 0 0000.0000
10  36.232296 -115.049712 xxx 125.11     64    0.0000    0.0000   20 111111 01 0 0 0.25 0 0000.0000
10  36.232471 -115.050279 xxx 302.22     24    0.0000    0.0000   20 111111 01 0 0 0.25 0 0000.0000
10  36.232507 -115.050329 xxx 326.22     24    0.0000    0.0000   20 111111 01 0 0 0.25 0 0000.0000
10  36.232565 -115.050353 xxx 350.22     31    0.0000    0.0000   20 111111 01 0 0 0.25 0 0000.0000
10  36.226522 -115.046057 xxx 154.60    111    0.0000    0.0000   74 111111 02 0 0 0.25 0 0000.0000
10  36.233410 -115.050515 xxx  98.22     31    0.0000    0.0000   20 111111 01 0 0 0.25 0 0000.0000
10  36.233386 -115.050433 xxx 122.22     31    0.0000    0.0000   20 111111 01 0 0 0.25 0 0000.0000
10  36.233344 -115.050383 xxx 146.22     31    0.0000    0.0000   20 111111 01 0 0 0.25 0 0000.0000
10  36.233288 -115.050358 xxx 170.22     31    0.0000    0.0000   20 111111 01 0 0 0.25 0 0000.0000
10  36.225353 -115.044391 xxx 106.60    111    0.0000    0.0000   74 111111 02 0 0 0.25 0 0000.0000
10  36.224834 -115.043645 xxx 154.60    111    0.0000    0.0000   74 111111 02 0 0 0.25 0 0000.0000
10  36.221674 -115.058665 xxx 351.21    254    0.0000    0.0000   26 111111 01 0 0 0.25 0 0000.0000
10  36.221077 -115.058428 xxx 331.51    228    0.0000    0.0000   25 111111 01 0 0 0.25 0 0000.0000
10  36.220554 -115.057952 xxx 316.11    254    0.0000    0.0000   24 111111 01 0 0 0.25 0 0000.0000
10  36.220177 -115.057277 xxx 293.41    247    0.0000    0.0000   23 111111 01 0 0 0.25 0 0000.0000
10  36.219992 -115.056502 xxx 278.71    241    0.0000    0.0000   22 111111 01 0 0 0.25 0 0000.0000
10  36.219468 -115.052554 xxx 175.46     63    0.0000    0.0000   20 111111 01 0 0 0.25 0 0000.0000
10  36.219297 -115.052523 xxx 166.46     70    0.0000    0.0000   20 111111 01 0 0 0.25 0 0000.0000
10  36.218425 -115.051912 xxx 124.46     76    0.0000    0.0000   20 111111 01 0 0 0.25 0 0000.0000
10  36.218336 -115.051684 xxx 108.66     83    0.0000    0.0000   20 111111 01 0 0 0.25 0 0000.0000
10  36.218316 -115.050625 xxx  73.96     76    0.0000    0.0000   20 111111 01 0 0 0.25 0 0000.0000
10  36.218403 -115.050395 xxx  58.16     83    0.0000    0.0000   20 111111 01 0 0 0.25 0 0000.0000
10  36.219892 -115.052588 xxx 139.46     31    0.0000    0.0000   20 111111 01 0 0 0.25 0 0000.0000
10  36.219961 -115.052609 xxx 226.46     31    0.0000    0.0000   20 111111 01 0 0 0.25 0 0000.0000
10  36.222780 -115.043756 xxx  89.95     70    0.0000    0.0000   20 111111 01 0 0 0.25 0 0000.0000
10  36.222732 -115.043990 xxx  62.95     83    0.0000    0.0000   20 111111 01 0 0 0.25 0 0000.0000
10  36.222755 -115.043523 xxx 104.35     77    0.0000    0.0000   20 111111 01 0 0 0.25 0 0000.0000
10  36.223314 -115.042564 xxx 131.00    703    0.0000    0.0000  225 111111 02 0 0 0.25 0 0000.0000
10  36.225689 -115.045827 xxx 131.00    717    0.0000    0.0000  225 111111 01 0 0 0.25 0 0000.0000
10  36.224353 -115.043267 xxx 148.60    150    0.0000    0.0000  107 111111 02 0 0 0.25 0 0000.0000
10  36.224089 -115.043230 xxx 184.60    150    0.0000    0.0000   74 111111 02 0 0 0.25 0 0000.0000
10  36.223287 -115.042611 xxx 131.00    756    0.0000    0.0000  257 111111 01 0 0 0.25 0 0000.0000
10  36.226445 -115.048338 xxx 221.00    835    0.0000    0.0000  369 111111 01 0 0 0.25 0 0000.0000
10  36.227593 -115.047434 xxx 131.00    717    0.0000    0.0000  225 111111 01 0 0 0.25 0 0000.0000
10  36.225568 -115.044857 xxx 131.50   1176    0.0000    0.0000  218 111111 01 0 0 0.25 0 0000.0000
10  36.223301 -115.041799 xxx 131.50    979    0.0000    0.0000  166 111111 01 0 0 0.25 0 0000.0000
10  36.226757 -115.045883 xxx 178.60    163    0.0000    0.0000   74 111111 01 0 0 0.25 0 0000.0000
10  36.226923 -115.045861 xxx 199.60    124    0.0000    0.0000   74 111111 01 0 0 0.25 0 0000.0000
10  36.226637 -115.045861 xxx 154.60    111    0.0000    0.0000   74 111111 01 0 0 0.25 0 0000.0000
10  36.225006 -115.043484 xxx 175.60    111    0.0000    0.0000   74 111111 01 0 0 0.25 0 0000.0000
10  36.225166 -115.043477 xxx 196.60    111    0.0000    0.0000   74 111111 01 0 0 0.25 0 0000.0000
10  36.224885 -115.043441 xxx 151.60    111    0.0000    0.0000   74 111111 01 0 0 0.25 0 0000.0000
10  36.227621 -115.045375 xxx 268.60    111    0.0000    0.0000   74 111111 01 0 0 0.25 0 0000.0000
10  36.227601 -115.045526 xxx 244.60    111    0.0000    0.0000   74 111111 01 0 0 0.25 0 0000.0000
10  36.227525 -115.046671 xxx  88.60    131    0.0000    0.0000   74 111111 01 0 0 0.25 0 0000.0000
10  36.225502 -115.044083 xxx  85.60    111    0.0000    0.0000   74 111111 01 0 0 0.25 0 0000.0000
10  36.225508 -115.044280 xxx 106.60    111    0.0000    0.0000   74 111111 01 0 0 0.25 0 0000.0000
10  36.225537 -115.043934 xxx  61.60    111    0.0000    0.0000   74 111111 01 0 0 0.25 0 0000.0000
10  36.224358 -115.043266 xxx 148.60    183    0.0000    0.0000  212 111111 01 0 0 0.25 0 0000.0000
10  36.224092 -115.043405 xxx 184.60    150    0.0000    0.0000   74 111111 01 0 0 0.25 0 0000.0000
10  36.222829 -115.040653 xxx  85.60    111    0.0000    0.0000   74 111111 01 0 0 0.25 0 0000.0000
10  36.222835 -115.040849 xxx 106.60    111    0.0000    0.0000   74 111111 01 0 0 0.25 0 0000.0000
10  36.222861 -115.040505 xxx  61.60    111    0.0000    0.0000   74 111111 01 0 0 0.25 0 0000.0000
10  36.244567 -115.025211 xxx 130.00     66    0.0000    0.0000   74 111111 02 0 0 0.25 0 0000.0000
10  36.244405 -115.025191 xxx 130.00     53    0.0000    0.0000    8 111111 01 0 0 0.25 0 0000.0000
10  36.244165 -115.025022 xxx 163.00     53    0.0000    0.0000    8 111111 01 0 0 0.25 0 0000.0000
10  36.243876 -115.024995 xxx 187.00     59    0.0000    0.0000    8 111111 01 0 0 0.25 0 0000.0000
10  36.244299 -115.025088 xxx 154.00     53    0.0000    0.0000    8 111111 01 0 0 0.25 0 0000.0000
10  36.244027 -115.024990 xxx 175.00     53    0.0000    0.0000    8 111111 01 0 0 0.25 0 0000.0000
10  36.248586 -115.035099 xxx  91.40    149    0.0000    0.0000  279 111111 02 0 0 0.25 0 0000.0000
10  36.249127 -115.034859 xxx  91.70    186    0.0000    0.0000   20 111111 01 0 0 0.25 0 0000.0000
10  36.248835 -115.034108 xxx 139.70    160    0.0000    0.0000   20 111111 01 0 0 0.25 0 0000.0000
10  36.248648 -115.034266 xxx 181.10    246    0.0000    0.0000   20 111111 01 0 0 0.25 0 0000.0000
10  36.249085 -115.035359 xxx  52.70     35    0.0000    0.0000   20 111111 01 0 0 0.25 0 0000.0000
10  36.248174 -115.034113 xxx 139.70    147    0.0000    0.0000   20 111111 01 0 0 0.25 0 0000.0000
10  36.249110 -115.034501 xxx 103.70     35    0.0000    0.0000   20 111111 01 0 0 0.25 0 0000.0000
10  36.249071 -115.034398 xxx 121.70     35    0.0000    0.0000   20 111111 01 0 0 0.25 0 0000.0000
10  36.249018 -115.034311 xxx 130.70     29    0.0000    0.0000   20 111111 01 0 0 0.25 0 0000.0000
10  36.249122 -115.035250 xxx  79.70     48    0.0000    0.0000   20 111111 01 0 0 0.25 0 0000.0000
10  36.249005 -115.035422 xxx  16.70     48    0.0000    0.0000   20 111111 01 0 0 0.25 0 0000.0000
10  36.248590 -115.034564 xxx  91.40    175    0.0000    0.0000  108 111111 02 0 0 0.25 0 0000.0000
10  36.248277 -115.034103 xxx 139.70    147    0.0000    0.0000   20 111111 01 0 0 0.25 0 0000.0000
10  36.248394 -115.034106 xxx 139.70    147    0.0000    0.0000   20 111111 01 0 0 0.25 0 0000.0000
10  36.248491 -115.034091 xxx 139.70    147    0.0000    0.0000   20 111111 01 0 0 0.25 0 0000.0000
10  36.248615 -115.034106 xxx 139.70    147    0.0000    0.0000   20 111111 01 0 0 0.25 0 0000.0000
10  36.248717 -115.034097 xxx 139.70    147    0.0000    0.0000   20 111111 01 0 0 0.25 0 0000.0000
10  36.248568 -115.034678 xxx  91.40    510    0.0000    0.0000  469 111111 05 0 0 0.25 0 0000.0000
10  36.239546 -115.043272 xxx   0.70   2123    0.0000    0.0000 3092 111111 05 0 0 0.25 0 0000.0000
10  36.235820 -115.047241 xxx   0.70   1368    0.0000    0.0000 3610 111111 05 0 0 0.25 0 0000.0000
10  36.244340 -115.039260 xxx   0.70   1408    0.0000    0.0000 2685 111111 05 0 0 0.25 0 0000.0000
10  36.247119 -115.038045 xxx   0.70    843    0.0000    0.0000 1162 111111 05 0 0 0.25 0 0000.0000
10  36.241622 -115.036759 xxx   0.70    843    0.0000    0.0000 1162 111111 05 0 0 0.25 0 0000.0000
10  36.231365 -115.051019 xxx  41.50   4144    0.0000    0.0000 2015 111111 05 0 0 0.25 0 0000.0000
10  36.243424 -115.034120 xxx   0.70    843    0.0000    0.0000 1162 111111 05 0 0 0.25 0 0000.0000
14  36.235200 -115.026987   45.00 0 Tower Viewpoint
19  36.227819 -115.046615 1 WS
19  36.246113 -115.024733 1 WS
19  36.225963 -115.043832 1 WS
19  36.244444 -115.022268 1 WS
52 12090 CLNC DEL
53 12180 GND
54 13255 TWR
55 11812 APP
55 12495 APP
56 13510 DEP
