1    790 0 1 KMAL MALONE DUFORT
10  44.853850  -74.331703 05x  37.265  4000 0000.0000 0000.0000  100 231231 01 0 2 0.25 0 0300.0300 
10  44.853422  -74.325617 14x 126.820  3258 0000.0000 0000.0000   75 221221 01 0 2 0.25 0 0300.0300 
10  44.849923  -74.328791 xxx  86.649  3777 0000.0000 0000.0000   50 161161 01 0 0 0.25 0 
10  44.849554  -74.335964 xxx  68.296   166 0000.0000 0000.0000   50 111111 01 0 0 0.25 0 
10  44.850463  -74.321163 xxx 227.521   286 0000.0000 0000.0000   37 161161 01 0 0 0.25 0 
10  44.853753  -74.331826 xxx 217.345  4233 0000.0000 0000.0000  482 111111 04 0 0 0.25 0 
10  44.853655  -74.326092 xxx 126.717  4186 0000.0000 0000.0000  476 111111 04 0 0 0.25 0 
10  44.849816  -74.326547 xxx 146.596   132 0000.0000 0000.0000   19 111111 01 0 0 0.25 0 
10  44.849666  -74.328203 xxx  89.542   193 0000.0000 0000.0000  166 111111 01 0 0 0.25 0 
18  44.852296  -74.328891 1 BCN
19  44.849136  -74.335936 1 WS
19  44.855616  -74.330728 1 WS
19  44.857843  -74.326612 1 WS
19  44.851123  -74.320313 1 WS
51 12280 CTAF/UNICOM
