1    199 0 1 KNRA COUPEVILLE NOLF
10  48.188334 -122.631945 14x 156.040  5319 0000.0000 0000.0000  200 121121 02 0 2 0.25 0 0300.0300 
10  48.185188 -122.629334 xxx 246.848   133 0000.0000 0000.0000  100 111111 01 0 0 0.25 0 
10  48.194673 -122.635461 xxx 243.439   175 0000.0000 0000.0000  100 111111 01 0 0 0.25 0 
10  48.182360 -122.627410 xxx 245.548   195 0000.0000 0000.0000  100 111111 01 0 0 0.25 0 
10  48.188600 -122.631145 xxx 156.005  5008 0000.0000 0000.0000  100 111111 01 0 0 0.25 0 
18  48.189115 -122.629313 4 BCN
19  48.195836 -122.635595 1 WS
19  48.180832 -122.628294 1 WS
50 13415 ATIS
55 11820 WHIDBEY APP/DEP
