1    433 1 0 KSEA Seattle Tacoma Intl
10  47.452135 -122.317937 16R 180.225  8500 0000.0000 0000.0000  200 235333 01 2 3 0.25 1 0300.0300 
10  47.447483 -122.307895 16L 180.340 11893 0000.0000 0150.0400  150 355353 01 0 3 0.25 1 0300.0300 
10  47.450889 -122.311099 16C 180.340  9420 0000.0000 0000.0000  150 355343 02 0 3 0.25 0 0300.0300 
10  47.431540 -122.307504 xxx 180.340   259 0000.0000 0000.0000  138 161161 01 0 0 0.25 0 
10  47.451081 -122.313512 xxx 180.340  9147 0000.0000 0000.0000  100 161161 02 0 0 0.25 0 
10  47.456337 -122.306112 xxx 180.340  4660 0000.0000 0000.0000  150 161161 02 0 0 0.25 0 
10  47.456100 -122.304827 xxx 180.340  4260 0000.0000 0000.0000  150 161161 02 0 0 0.25 0 
10  47.438066 -122.308643 xxx  90.340  1132 0000.0000 0000.0000  100 161161 02 0 0 0.25 0 
10  47.454571 -122.310371 xxx 134.700   401 0000.0000 0000.0000   70 161161 02 0 0 0.25 0 
10  47.458424 -122.310051 xxx  30.700  1043 0000.0000 0000.0000  100 161161 02 0 0 0.25 0 
10  47.433792 -122.305599 xxx 180.340  1563 0000.0000 0000.0000   90 161161 02 0 0 0.25 0 
10  47.447501 -122.310056 xxx 150.600  1002 0000.0000 0000.0000  100 161161 02 0 0 0.25 0 
10  47.440564 -122.310084 xxx 150.300   988 0000.0000 0000.0000  100 161161 02 0 0 0.25 0 
10  47.450714 -122.310037 xxx  29.200  1070 0000.0000 0000.0000  120 161161 02 0 0 0.25 0 
10  47.454660 -122.309493 xxx  29.900  1591 0000.0000 0000.0000  100 161161 02 0 0 0.25 0 
10  47.462859 -122.309239 xxx  90.340   708 0000.0000 0000.0000  100 161161 02 0 0 0.25 0 
10  47.455735 -122.306995 xxx 149.500   694 0000.0000 0000.0000   70 161161 02 0 0 0.25 0 
10  47.450112 -122.307038 xxx  90.340   310 0000.0000 0000.0000  113 161161 02 0 0 0.25 0 
10  47.431716 -122.306673 xxx  90.340   277 0000.0000 0000.0000  126 161161 02 0 0 0.25 0 
10  47.436020 -122.305937 xxx 135.000   291 0000.0000 0000.0000  200 161161 02 0 0 0.25 0 
10  47.463638 -122.309378 xxx  90.340   662 0000.0000 0000.0000  100 161161 02 0 0 0.25 0 
10  47.463561 -122.314390 xxx  90.114  1705 0000.0000 0000.0000  150 161161 02 0 0 0.25 0 
10  47.453556 -122.308884 xxx 134.800   637 0000.0000 0000.0000   83 161161 02 0 0 0.25 0 
10  47.452292 -122.307032 xxx  90.340   310 0000.0000 0000.0000  152 161161 02 0 0 0.25 0 
10  47.445897 -122.307047 xxx  90.340   310 0000.0000 0000.0000  120 161161 02 0 0 0.25 0 
10  47.446437 -122.312669 xxx  90.340   455 0000.0000 0000.0000  107 161161 02 0 0 0.25 0 
10  47.446492 -122.313937 xxx  90.340   179 0000.0000 0000.0000  159 161161 02 0 0 0.25 0 
10  47.446613 -122.314704 xxx 111.340   271 0000.0000 0000.0000  150 161161 02 0 0 0.25 0 
10  47.455043 -122.312541 xxx  90.340   455 0000.0000 0000.0000  107 161161 02 0 0 0.25 0 
10  47.455052 -122.313769 xxx  90.340   330 0000.0000 0000.0000  159 161161 02 0 0 0.25 0 
10  47.455005 -122.311380 xxx 102.340   153 0000.0000 0000.0000  100 161161 02 0 0 0.25 0 
10  47.446399 -122.311493 xxx 102.340   153 0000.0000 0000.0000  100 161161 02 0 0 0.25 0 
10  47.445388 -122.310058 xxx 150.600  1002 0000.0000 0000.0000  150 161161 02 0 0 0.25 0 
10  47.460032 -122.310262 xxx  90.340  2179 0000.0000 0000.0000  159 161161 02 0 0 0.25 0 
10  47.442250 -122.312885 xxx 106.840   350 0000.0000 0000.0000  107 161161 02 0 0 0.25 0 
10  47.442605 -122.313826 xxx  90.340   218 0000.0000 0000.0000  205 161161 02 0 0 0.25 0 
10  47.442858 -122.314441 xxx 132.440   356 0000.0000 0000.0000  150 161161 02 0 0 0.25 0 
10  47.441919 -122.311719 xxx 119.540   304 0000.0000 0000.0000  107 161161 02 0 0 0.25 0 
10  47.439136 -122.308542 xxx 124.700   378 0000.0000 0000.0000  100 161161 02 0 0 0.25 0 
10  47.438068 -122.312231 xxx  90.340   390 0000.0000 0000.0000  100 161161 02 0 0 0.25 0 
10  47.439009 -122.307116 xxx  90.340   390 0000.0000 0000.0000  120 161161 02 0 0 0.25 0 
10  47.438163 -122.313193 xxx 120.340   161 0000.0000 0000.0000  100 161161 02 0 0 0.25 0 
10  47.438477 -122.313591 xxx 150.340   207 0000.0000 0000.0000  113 161161 02 0 0 0.25 0 
10  47.439209 -122.314021 xxx 180.340   410 0000.0000 0000.0000  126 161161 02 0 0 0.25 0 
10  47.438570 -122.314295 xxx  90.340   279 0000.0000 0000.0000   41 111111 02 0 0 0.25 0 
10  47.438036 -122.315464 xxx 180.340   200 0000.0000 0000.0000  179 111111 02 0 0 0.25 0 
10  47.438333 -122.315230 xxx  50.040   321 0000.0000 0000.0000   48 111111 02 0 0 0.25 0 
10  47.439262 -122.314616 xxx  90.340   400 0000.0000 0000.0000  533 111111 02 0 0 0.25 0 
10  47.431937 -122.307679 xxx 135.340   134 0000.0000 0000.0000   72 161161 01 0 0 0.25 0 
10  47.431267 -122.306872 xxx 123.340   211 0000.0000 0000.0000  159 161161 02 0 0 0.25 0 
10  47.432305 -122.305888 xxx  30.000   283 0000.0000 0000.0000   87 161161 02 0 0 0.25 0 
10  47.431349 -122.305806 xxx  45.000   310 0000.0000 0000.0000  133 161161 02 0 0 0.25 0 
10  47.431060 -122.306374 xxx  90.340   159 0000.0000 0000.0000  100 161161 02 0 0 0.25 0 
10  47.431721 -122.305331 xxx 180.340   147 0000.0000 0000.0000   79 161161 02 0 0 0.25 0 
10  47.432078 -122.305453 xxx 150.340   172 0000.0000 0000.0000   61 161161 02 0 0 0.25 0 
10  47.431702 -122.306215 xxx  45.000   461 0000.0000 0000.0000  225 161161 02 0 0 0.25 0 
10  47.443684 -122.307044 xxx  90.340   310 0000.0000 0000.0000  120 161161 02 0 0 0.25 0 
10  47.435744 -122.306785 xxx  90.340   500 0000.0000 0000.0000  120 111111 01 0 0 0.25 0 
10  47.443691 -122.305415 xxx 180.340  5514 0000.0000 0000.0000  556 161161 02 0 0 0.25 0 
10  47.457124 -122.305515 xxx  90.340   310 0000.0000 0000.0000  113 161161 02 0 0 0.25 0 
10  47.438289 -122.310837 xxx 135.000   181 0000.0000 0000.0000   87 161161 02 0 0 0.25 0 
10  47.438169 -122.307674 xxx 135.000   148 0000.0000 0000.0000   74 161161 02 0 0 0.25 0 
10  47.439183 -122.307681 xxx 135.000   148 0000.0000 0000.0000   74 161161 02 0 0 0.25 0 
10  47.438853 -122.306647 xxx 135.000   148 0000.0000 0000.0000   74 161161 02 0 0 0.25 0 
10  47.437893 -122.306614 xxx 135.000   148 0000.0000 0000.0000   74 161161 02 0 0 0.25 0 
10  47.439218 -122.306635 xxx  45.000   161 0000.0000 0000.0000   87 161161 02 0 0 0.25 0 
10  47.438844 -122.307716 xxx  45.000   148 0000.0000 0000.0000   74 161161 02 0 0 0.25 0 
10  47.437902 -122.307785 xxx  45.000   148 0000.0000 0000.0000   74 161161 02 0 0 0.25 0 
10  47.438278 -122.311622 xxx  45.000   187 0000.0000 0000.0000   93 161161 02 0 0 0.25 0 
10  47.439767 -122.313863 xxx  45.000   148 0000.0000 0000.0000   74 161161 02 0 0 0.25 0 
10  47.442876 -122.313830 xxx  45.000   148 0000.0000 0000.0000   74 161161 02 0 0 0.25 0 
10  47.442292 -122.313784 xxx 135.000   148 0000.0000 0000.0000   74 161161 02 0 0 0.25 0 
10  47.442488 -122.313389 xxx 135.000   148 0000.0000 0000.0000   74 161161 02 0 0 0.25 0 
10  47.441820 -122.310853 xxx 165.900   463 0000.0000 0000.0000   74 161161 02 0 0 0.25 0 
10  47.446593 -122.310852 xxx 165.900   463 0000.0000 0000.0000   74 161161 02 0 0 0.25 0 
10  47.448685 -122.310871 xxx 165.900   463 0000.0000 0000.0000   74 161161 02 0 0 0.25 0 
10  47.443934 -122.308511 xxx 124.700   378 0000.0000 0000.0000  150 161161 02 0 0 0.25 0 
10  47.446080 -122.308509 xxx 124.700   378 0000.0000 0000.0000  100 161161 02 0 0 0.25 0 
10  47.441048 -122.310747 xxx 180.000   153 0000.0000 0000.0000  100 161161 02 0 0 0.25 0 
10  47.445852 -122.310692 xxx 180.000   153 0000.0000 0000.0000  100 161161 02 0 0 0.25 0 
10  47.447969 -122.310695 xxx 180.000   153 0000.0000 0000.0000  100 161161 02 0 0 0.25 0 
10  47.450301 -122.310642 xxx 180.000   153 0000.0000 0000.0000  113 161161 02 0 0 0.25 0 
10  47.453597 -122.310637 xxx 180.000   153 0000.0000 0000.0000  100 161161 02 0 0 0.25 0 
10  47.458031 -122.310602 xxx 180.000   153 0000.0000 0000.0000  100 161161 02 0 0 0.25 0 
10  47.455779 -122.308248 xxx 180.000   153 0000.0000 0000.0000  133 161161 02 0 0 0.25 0 
10  47.455915 -122.307431 xxx 168.300   192 0000.0000 0000.0000  133 161161 02 0 0 0.25 0 
10  47.463455 -122.311370 xxx 135.000   174 0000.0000 0000.0000   74 161161 02 0 0 0.25 0 
10  47.463080 -122.310575 xxx 135.000   174 0000.0000 0000.0000   74 161161 02 0 0 0.25 0 
10  47.463461 -122.310616 xxx  45.000   161 0000.0000 0000.0000   87 161161 02 0 0 0.25 0 
10  47.462700 -122.310613 xxx  45.000   148 0000.0000 0000.0000   74 161161 02 0 0 0.25 0 
10  47.463516 -122.313646 xxx 135.000   148 0000.0000 0000.0000   74 161161 02 0 0 0.25 0 
10  47.463400 -122.308178 xxx 135.000   181 0000.0000 0000.0000   74 161161 02 0 0 0.25 0 
10  47.463503 -122.313161 xxx  45.000   148 0000.0000 0000.0000   74 161161 02 0 0 0.25 0 
10  47.460285 -122.313250 xxx 135.000   148 0000.0000 0000.0000   74 161161 02 0 0 0.25 0 
10  47.459931 -122.306439 xxx 135.000   148 0000.0000 0000.0000   74 161161 02 0 0 0.25 0 
10  47.459932 -122.307493 xxx  45.000   161 0000.0000 0000.0000   87 161161 02 0 0 0.25 0 
10  47.459961 -122.313200 xxx  45.000   148 0000.0000 0000.0000   74 161161 02 0 0 0.25 0 
10  47.460196 -122.306382 xxx  45.000   161 0000.0000 0000.0000   87 161161 02 0 0 0.25 0 
10  47.455225 -122.313262 xxx 135.000   148 0000.0000 0000.0000   74 161161 02 0 0 0.25 0 
10  47.454867 -122.313643 xxx 135.000   148 0000.0000 0000.0000   74 161161 02 0 0 0.25 0 
10  47.455233 -122.313669 xxx  45.000   161 0000.0000 0000.0000   87 161161 02 0 0 0.25 0 
10  47.454886 -122.313274 xxx  45.000   148 0000.0000 0000.0000   74 161161 02 0 0 0.25 0 
10  47.455450 -122.306437 xxx 159.000   153 0000.0000 0000.0000  133 161161 02 0 0 0.25 0 
10  47.456965 -122.305163 xxx 135.000   148 0000.0000 0000.0000   74 161161 02 0 0 0.25 0 
10  47.457288 -122.305951 xxx 135.000   148 0000.0000 0000.0000   74 161161 02 0 0 0.25 0 
10  47.456965 -122.306032 xxx  45.000   161 0000.0000 0000.0000   87 161161 02 0 0 0.25 0 
10  47.457304 -122.305167 xxx  45.000   148 0000.0000 0000.0000   74 161161 02 0 0 0.25 0 
10  47.459870 -122.308532 xxx  51.700   315 0000.0000 0000.0000  100 161161 02 0 0 0.25 0 
10  47.459941 -122.308139 xxx  90.000   148 0000.0000 0000.0000   74 161161 02 0 0 0.25 0 
10  47.452024 -122.306582 xxx 135.000   194 0000.0000 0000.0000  100 161161 02 0 0 0.25 0 
10  47.452545 -122.307459 xxx 135.000   181 0000.0000 0000.0000   80 161161 02 0 0 0.25 0 
10  47.452124 -122.307634 xxx  45.000   161 0000.0000 0000.0000   87 161161 02 0 0 0.25 0 
10  47.452498 -122.306453 xxx  45.000   148 0000.0000 0000.0000   74 161161 02 0 0 0.25 0 
10  47.453238 -122.308189 xxx 162.000   120 0000.0000 0000.0000   87 161161 02 0 0 0.25 0 
10  47.452165 -122.308472 xxx  59.900   335 0000.0000 0000.0000  120 161161 02 0 0 0.25 0 
10  47.452811 -122.310786 xxx  14.300   388 0000.0000 0000.0000   74 161161 02 0 0 0.25 0 
10  47.457307 -122.310766 xxx  14.300   388 0000.0000 0000.0000   74 161161 02 0 0 0.25 0 
10  47.449535 -122.310852 xxx  14.300   388 0000.0000 0000.0000   74 161161 02 0 0 0.25 0 
10  47.453879 -122.309726 xxx  90.340   186 0000.0000 0000.0000  100 161161 02 0 0 0.25 0 
10  47.454641 -122.310731 xxx 165.000    80 0000.0000 0000.0000   74 161161 02 0 0 0.25 0 
10  47.449931 -122.306417 xxx 135.000   194 0000.0000 0000.0000  100 161161 02 0 0 0.25 0 
10  47.450293 -122.307566 xxx 135.000   181 0000.0000 0000.0000   80 161161 02 0 0 0.25 0 
10  47.449959 -122.307616 xxx  45.000   161 0000.0000 0000.0000   87 161161 02 0 0 0.25 0 
10  47.450297 -122.306558 xxx  45.000   148 0000.0000 0000.0000   74 161161 02 0 0 0.25 0 
10  47.445722 -122.306519 xxx 135.000   194 0000.0000 0000.0000  100 161161 02 0 0 0.25 0 
10  47.446073 -122.307606 xxx 135.000   181 0000.0000 0000.0000   80 161161 02 0 0 0.25 0 
10  47.445750 -122.307633 xxx  45.000   161 0000.0000 0000.0000   87 161161 02 0 0 0.25 0 
10  47.446087 -122.306537 xxx  45.000   148 0000.0000 0000.0000   74 161161 02 0 0 0.25 0 
10  47.446592 -122.313312 xxx 135.000   154 0000.0000 0000.0000   80 161161 02 0 0 0.25 0 
10  47.446280 -122.313355 xxx  45.000   148 0000.0000 0000.0000   74 161161 02 0 0 0.25 0 
10  47.443510 -122.306548 xxx 135.000   194 0000.0000 0000.0000  100 161161 02 0 0 0.25 0 
10  47.443887 -122.307619 xxx 135.000   181 0000.0000 0000.0000   80 161161 02 0 0 0.25 0 
10  47.443512 -122.307655 xxx  45.000   161 0000.0000 0000.0000   87 161161 02 0 0 0.25 0 
10  47.443892 -122.306612 xxx  45.000   148 0000.0000 0000.0000   74 161161 02 0 0 0.25 0 
10  47.452893 -122.308078 xxx 156.000   122 0000.0000 0000.0000   61 161161 02 0 0 0.25 0 
10  47.456493 -122.308092 xxx 198.000   181 0000.0000 0000.0000   61 161161 02 0 0 0.25 0 
10  47.462819 -122.305248 xxx 180.340   839 0000.0000 0000.0000  553 161161 02 0 0 0.25 0 
10  47.463240 -122.306857 xxx 180.340   393 0000.0000 0000.0000  310 161161 02 0 0 0.25 0 
10  47.462690 -122.306426 xxx 135.000   181 0000.0000 0000.0000   74 161161 02 0 0 0.25 0 
10  47.462686 -122.307449 xxx  45.000   148 0000.0000 0000.0000   74 161161 02 0 0 0.25 0 
10  47.464010 -122.306536 xxx  90.340   236 0000.0000 0000.0000  179 161161 02 0 0 0.25 0 
10  47.463951 -122.307071 xxx  27.000   207 0000.0000 0000.0000   74 161161 02 0 0 0.25 0 
10  47.464014 -122.305767 xxx 120.000   213 0000.0000 0000.0000   74 161161 02 0 0 0.25 0 
10  47.464236 -122.303962 xxx 180.340   491 0000.0000 0000.0000  343 111111 02 0 0 0.25 0 
10  47.461713 -122.301449 xxx  90.340  1410 0000.0000 0000.0000  815 111111 02 0 0 0.25 0 
10  47.462262 -122.298081 xxx 180.340   400 0000.0000 0000.0000  264 111111 02 0 0 0.25 0 
10  47.461313 -122.298460 xxx 212.440   491 0000.0000 0000.0000  225 111111 02 0 0 0.25 0 
10  47.460227 -122.304247 xxx  90.340   335 0000.0000 0000.0000  100 111111 02 0 0 0.25 0 
10  47.460363 -122.304710 xxx 135.000   148 0000.0000 0000.0000   74 161161 02 0 0 0.25 0 
10  47.460091 -122.304745 xxx  45.000   128 0000.0000 0000.0000   61 161161 02 0 0 0.25 0 
10  47.459989 -122.303493 xxx 180.340   354 0000.0000 0000.0000  310 111111 02 0 0 0.25 0 
10  47.459344 -122.303839 xxx 180.340   196 0000.0000 0000.0000  146 111111 02 0 0 0.25 0 
10  47.457090 -122.304314 xxx  90.340   335 0000.0000 0000.0000   80 111111 02 0 0 0.25 0 
10  47.457226 -122.304732 xxx 135.000   148 0000.0000 0000.0000   74 161161 02 0 0 0.25 0 
10  47.456963 -122.304793 xxx  45.000   128 0000.0000 0000.0000   61 161161 02 0 0 0.25 0 
10  47.456656 -122.303308 xxx  90.340   432 0000.0000 0000.0000  389 111111 02 0 0 0.25 0 
10  47.456934 -122.302203 xxx 180.340   314 0000.0000 0000.0000  146 111111 02 0 0 0.25 0 
10  47.456994 -122.304188 xxx 135.000    89 0000.0000 0000.0000   48 161161 02 0 0 0.25 0 
10  47.451836 -122.304065 xxx  90.340   432 0000.0000 0000.0000  395 111111 02 0 0 0.25 0 
10  47.451273 -122.305205 xxx  45.000   148 0000.0000 0000.0000   74 161161 02 0 0 0.25 0 
10  47.451192 -122.306039 xxx 135.000   181 0000.0000 0000.0000   80 161161 02 0 0 0.25 0 
10  47.451278 -122.304556 xxx  90.340   170 0000.0000 0000.0000   67 111111 02 0 0 0.25 0 
10  47.436633 -122.302839 xxx 180.340   500 0000.0000 0000.0000  300 111111 02 0 0 0.25 0 
10  47.436060 -122.304622 xxx 180.340   900 0000.0000 0000.0000  564 161161 02 0 0 0.25 0 
10  47.436356 -122.299984 xxx 180.340  1182 0000.0000 0000.0000  254 111111 02 0 0 0.25 0 
10  47.438432 -122.298777 xxx 180.340   949 0000.0000 0000.0000  354 111111 02 0 0 0.25 0 
10  47.437854 -122.301878 xxx 257.140  1471 0000.0000 0000.0000  517 111111 02 0 0 0.25 0 
10  47.439736 -122.302607 xxx 257.140  1117 0000.0000 0000.0000  517 111111 02 0 0 0.25 0 
10  47.436921 -122.303720 xxx  90.340   312 0000.0000 0000.0000  113 111111 02 0 0 0.25 0 
10  47.438524 -122.304061 xxx 257.140   448 0000.0000 0000.0000  234 111111 02 0 0 0.25 0 
10  47.439112 -122.300278 xxx 257.140   448 0000.0000 0000.0000  234 111111 02 0 0 0.25 0 
10  47.440052 -122.299859 xxx 314.140   808 0000.0000 0000.0000  434 111111 02 0 0 0.25 0 
10  47.440836 -122.301570 xxx 314.140   808 0000.0000 0000.0000  353 111111 02 0 0 0.25 0 
10  47.441508 -122.301453 xxx 314.140   808 0000.0000 0000.0000  234 111111 02 0 0 0.25 0 
10  47.441713 -122.302596 xxx 314.140   480 0000.0000 0000.0000  169 111111 02 0 0 0.25 0 
10  47.441072 -122.302735 xxx 359.140   684 0000.0000 0000.0000  379 111111 02 0 0 0.25 0 
10  47.440491 -122.304019 xxx 271.540   362 0000.0000 0000.0000  234 111111 02 0 0 0.25 0 
10  47.441651 -122.304358 xxx 359.140   684 0000.0000 0000.0000  162 111111 02 0 0 0.25 0 
10  47.442699 -122.304421 xxx  46.340   552 0000.0000 0000.0000  379 111111 02 0 0 0.25 0 
10  47.444275 -122.304462 xxx 133.340   480 0000.0000 0000.0000  418 111111 02 0 0 0.25 0 
10  47.443536 -122.303795 xxx 359.140   434 0000.0000 0000.0000  208 111111 02 0 0 0.25 0 
10  47.445193 -122.304434 xxx 359.140   421 0000.0000 0000.0000  162 111111 02 0 0 0.25 0 
10  47.445802 -122.302831 xxx 359.140   684 0000.0000 0000.0000  346 111111 02 0 0 0.25 0 
10  47.445743 -122.301382 xxx 225.240  1202 0000.0000 0000.0000  287 111111 02 0 0 0.25 0 
10  47.447033 -122.299223 xxx 133.340   612 0000.0000 0000.0000  326 111111 02 0 0 0.25 0 
10  47.449204 -122.301751 xxx 128.940   920 0000.0000 0000.0000  392 111111 02 0 0 0.25 0 
10  47.447229 -122.302954 xxx 128.940  1307 0000.0000 0000.0000  694 111111 02 0 0 0.25 0 
10  47.449388 -122.303748 xxx 131.340   572 0000.0000 0000.0000  326 111111 02 0 0 0.25 0 
10  47.450138 -122.303774 xxx  90.340   310 0000.0000 0000.0000  287 111111 02 0 0 0.25 0 
10  47.450120 -122.303132 xxx 201.440   277 0000.0000 0000.0000  123 111111 02 0 0 0.25 0 
10  47.450624 -122.304138 xxx 135.000   299 0000.0000 0000.0000  146 161161 02 0 0 0.25 0 
10  47.447520 -122.300426 xxx 131.340   572 0000.0000 0000.0000  326 111111 02 0 0 0.25 0 
10  47.448006 -122.300222 xxx 173.340   572 0000.0000 0000.0000  274 111111 02 0 0 0.25 0 
10  47.446565 -122.303880 xxx  90.340   310 0000.0000 0000.0000  159 111111 02 0 0 0.25 0 
10  47.431880 -122.306426 xxx  60.000   231 0000.0000 0000.0000   87 161161 02 0 0 0.25 0 
10  47.438787 -122.302140 xxx 257.140   592 0000.0000 0000.0000  261 111111 01 0 0 0.25 0 
10  47.448244 -122.301969 xxx 129.740   723 0000.0000 0000.0000  261 111111 01 0 0 0.25 0 
10  47.445498 -122.303846 xxx 180.740   723 0000.0000 0000.0000  261 111111 01 0 0 0.25 0 
10  47.441668 -122.303704 xxx 180.740   723 0000.0000 0000.0000  261 111111 01 0 0 0.25 0 
10  47.441944 -122.303802 xxx 225.740   723 0000.0000 0000.0000  261 111111 01 0 0 0.25 0 
10  47.445002 -122.304123 xxx 132.740   723 0000.0000 0000.0000  261 111111 01 0 0 0.25 0 
10  47.436001 -122.307690 xxx 135.000   148 0000.0000 0000.0000   74 111111 01 0 0 0.25 0 
10  47.435605 -122.307720 xxx  45.000   148 0000.0000 0000.0000   74 111111 01 0 0 0.25 0 
10  47.438196 -122.306579 xxx  45.000   161 0000.0000 0000.0000   87 161161 02 0 0 0.25 0 
10  47.441529 -122.315922 xxx 150.223  2141 0000.0000 0000.0000  157 161161 02 0 0 0.25 0 
10  47.440744 -122.316741 xxx 269.817   766 0000.0000 0000.0000  160 161161 02 0 0 0.25 0 
10  47.445250 -122.316788 xxx 150.371  1323 0000.0000 0000.0000  150 161161 02 0 0 0.25 0 
10  47.443392 -122.315172 xxx 146.810   328 0000.0000 0000.0000  150 161161 02 0 0 0.25 0 
10  47.454941 -122.315063 xxx  72.845   366 0000.0000 0000.0000  148 161161 02 0 0 0.25 0 
10  47.453329 -122.317265 xxx  27.308   859 0000.0000 0000.0000  150 161161 02 0 0 0.25 0 
10  47.454558 -122.316078 xxx  50.000   328 0000.0000 0000.0000  150 161161 02 0 0 0.25 0 
10  47.452345 -122.308070 xxx   0.000   328 0000.0000 0000.0000   66 111111 02 0 0 0.25 0 
10  47.462088 -122.316545 xxx  30.000  1328 0000.0000 0000.0000  150 161161 02 0 0 0.25 0 
10  47.446969 -122.315464 xxx 135.000   328 0000.0000 0000.0000  150 161161 02 0 0 0.25 0 
10  47.448333 -122.317013 xxx 145.000  1000 0000.0000 0000.0000  150 161161 02 0 0 0.25 0 
10  47.439894 -122.315318 xxx  90.000   328 0000.0000 0000.0000  180 111111 02 0 0 0.25 0 
10  47.440190 -122.315376 xxx  45.000   228 0000.0000 0000.0000  132 111111 02 0 0 0.25 0 
10  47.458214 -122.317363 xxx  20.000   650 0000.0000 0000.0000  150 161161 02 0 0 0.25 0 
10  47.459301 -122.316574 xxx  40.000   328 0000.0000 0000.0000  150 161161 02 0 0 0.25 0 
10  47.459776 -122.315756 xxx  60.000   328 0000.0000 0000.0000  150 161161 02 0 0 0.25 0 
10  47.460032 -122.314938 xxx  80.000   178 0000.0000 0000.0000  150 111111 02 0 0 0.25 0 
14  47.455597 -122.301500 200 1 0 ATC Tower
18  47.443583 -122.302810 1 BCN
19  47.463128 -122.318597 1 WS
19  47.431857 -122.308831 1 WS
19  47.462428 -122.309901 1 WS
19  47.438363 -122.314134 1 WS
50 11800 ATIS
51 12295 UNICOM
52 12800 CLNC DEL
53 12170 GND
54 11990 TWR
55 11920 APP/DEP
55 12010 APP/DEP
55 12040 APP/DEP
55 12390 APP/DEP
