1     24 1 1 LEPA Palma De Mallorca
10  39.554825    2.726961 06L  58.470 10706 0000.0230 0197.0197  148 338338 01 2 3 0.25 1 0300.0300 
10  39.548298    2.746634 06R  58.490  9822 1345.0000 0197.0197  148 331331 01 2 3 0.25 1 0340.0300 
10  39.558298    2.744754 xxx 117.995   621 0000.0000 0000.0000  397 111111 02 0 0 0.25 0 
10  39.557842    2.741751 xxx 214.575   409 0000.0000 0000.0000  177 111111 02 0 0 0.25 0 
10  39.546459    2.716341 xxx  58.470  3100 0000.0000 0000.0000  398 111111 02 0 0 0.25 0 
10  39.561793    2.745018 xxx 350.234   144 0000.0000 0000.0000  140 111111 02 0 0 0.25 0 
10  39.561472    2.744927 xxx  15.506   170 0000.0000 0000.0000  175 111111 02 0 0 0.25 0 
10  39.561215    2.744719 xxx 227.468   158 0000.0000 0000.0000  182 111111 02 0 0 0.25 0 
10  39.561986    2.744814 xxx 141.271   122 0000.0000 0000.0000  195 111111 02 0 0 0.25 0 
10  39.562143    2.744598 xxx 118.131   126 0000.0000 0000.0000  183 111111 02 0 0 0.25 0 
10  39.543392    2.727569 xxx 109.104   437 0000.0000 0000.0000  213 111111 02 0 0 0.25 0 
10  39.541741    2.725634 xxx  58.333  1448 0000.0000 0000.0000  924 111111 02 0 0 0.25 0 
10  39.552864    2.727298 xxx  58.470 10601 0000.0000 0000.0000  158 161161 02 0 0 0.25 0 
10  39.551518    2.728275 xxx  58.675  2305 0000.0000 0000.0000  253 111111 01 0 0 0.25 0 
10  39.554666    2.726629 xxx  58.470 11024 0000.0000 0000.0000  193 111111 02 0 0 0.25 0 
10  39.553319    2.729991 xxx 327.923   382 0000.0000 0000.0000  262 111111 01 0 0 0.25 0 
10  39.557144    2.734384 xxx 137.464    74 0000.0000 0000.0000   73 111111 02 0 0 0.25 0 
10  39.557240    2.734213 xxx 111.990    81 0000.0000 0000.0000   69 111111 02 0 0 0.25 0 
10  39.557262    2.733295 xxx  90.297   468 0000.0000 0000.0000   81 111111 02 0 0 0.25 0 
10  39.557048    2.733149 xxx  92.568   737 0000.0000 0000.0000  117 111111 02 0 0 0.25 0 
10  39.561374    2.743471 xxx 148.470   675 0000.0000 0000.0000  420 111111 02 0 0 0.25 0 
10  39.547381    2.738377 xxx  58.333   889 0000.0000 0000.0000   53 111111 01 0 0 0.25 0 
10  39.549356    2.744289 xxx  58.295 10078 0000.0000 0000.0000  171 161161 02 0 0 0.25 0 
10  39.548299    2.746638 xxx  58.490 10240 0000.0000 0000.0000  186 111111 02 0 0 0.25 0 
10  39.542088    2.731269 xxx 148.420   492 0000.0000 0000.0000  193 161161 02 0 0 0.25 0 
10  39.541538    2.730628 xxx  92.046   529 0000.0000 0000.0000  196 111111 02 0 0 0.25 0 
10  39.541929    2.730086 xxx 148.574   221 0000.0000 0000.0000  159 111111 02 0 0 0.25 0 
10  39.541696    2.729328 xxx 121.066   317 0000.0000 0000.0000  149 111111 02 0 0 0.25 0 
10  39.542188    2.730243 xxx 179.829   173 0000.0000 0000.0000   68 111111 02 0 0 0.25 0 
10  39.542362    2.730313 xxx 223.620   182 0000.0000 0000.0000   69 111111 02 0 0 0.25 0 
10  39.541800    2.730571 xxx 110.866   159 0000.0000 0000.0000   50 111111 02 0 0 0.25 0 
10  39.541786    2.729661 xxx  96.212   129 0000.0000 0000.0000   37 111111 02 0 0 0.25 0 
10  39.548018    2.743734 xxx  88.996  1278 0000.0000 0000.0000  169 161161 02 0 0 0.25 0 
10  39.550974    2.725035 xxx 327.923   382 0000.0000 0000.0000  262 111111 01 0 0 0.25 0 
10  39.544129    2.730756 xxx  58.333  1545 0000.0000 0000.0000  404 111111 02 0 0 0.25 0 
10  39.549366    2.723551 xxx  58.333  1524 0000.0000 0000.0000  691 111111 02 0 0 0.25 0 
10  39.552161    2.738180 xxx 148.568  3548 0000.0000 0000.0000  150 161161 02 0 0 0.25 0 
10  39.556755    2.734476 xxx  58.397   190 0000.0000 0000.0000  208 111111 02 0 0 0.25 0 
10  39.556158    2.733795 xxx  49.580   387 0000.0000 0000.0000   59 111111 02 0 0 0.25 0 
10  39.546884    2.711084 xxx  33.897   524 0000.0000 0000.0000  147 111111 02 0 0 0.25 0 
10  39.546063    2.711346 xxx 148.470   499 0000.0000 0000.0000  341 111111 02 0 0 0.25 0 
10  39.553491    2.726415 xxx  28.625  1315 0000.0000 0000.0000  163 111111 02 0 0 0.25 0 
10  39.554538    2.728709 xxx 302.933   642 0000.0000 0000.0000  162 111111 02 0 0 0.25 0 
10  39.554726    2.727574 xxx  58.470   150 0000.0000 0000.0000  100 111111 02 0 0 0.25 0 
10  39.552691    2.726163 xxx 148.470   100 0000.0000 0000.0000  150 111111 02 0 0 0.25 0 
10  39.552281    2.723776 xxx 327.923   571 0000.0000 0000.0000  166 111111 02 0 0 0.25 0 
10  39.552622    2.730530 xxx  58.333  3214 0000.0000 0000.0000  739 111111 02 0 0 0.25 0 
10  39.550716    2.737250 xxx 148.333  2563 0000.0000 0000.0000  718 111111 02 0 0 0.25 0 
10  39.547297    2.735053 xxx  58.333  1749 0000.0000 0000.0000 1096 111111 02 0 0 0.25 0 
10  39.545218    2.736939 xxx 148.490   800 0000.0000 0000.0000  182 161161 02 0 0 0.25 0 
10  39.545073    2.736739 xxx 137.729   317 0000.0000 0000.0000   64 111111 02 0 0 0.25 0 
10  39.545499    2.738819 xxx  89.624  1050 0000.0000 0000.0000  203 161161 02 0 0 0.25 0 
10  39.542487    2.728251 xxx 148.333   614 0000.0000 0000.0000  297 111111 02 0 0 0.25 0 
10  39.545264    2.736333 xxx  85.920    89 0000.0000 0000.0000   33 111111 02 0 0 0.25 0 
10  39.543988    2.732156 xxx 148.295   123 0000.0000 0000.0000  205 111111 02 0 0 0.25 0 
10  39.547495    2.739509 xxx 148.490   148 0000.0000 0000.0000  220 111111 02 0 0 0.25 0 
10  39.551780    2.738123 xxx  58.300   144 0000.0000 0000.0000  223 111111 02 0 0 0.25 0 
10  39.554955    2.735590 xxx  58.300   159 0000.0000 0000.0000  236 111111 02 0 0 0.25 0 
10  39.559300    2.738677 xxx 148.470   510 0000.0000 0000.0000  169 111111 02 0 0 0.25 0 
10  39.562249    2.743931 xxx  93.967   340 0000.0000 0000.0000  167 111111 02 0 0 0.25 0 
10  39.561767    2.742271 xxx 103.470   107 0000.0000 0000.0000   58 111111 02 0 0 0.25 0 
10  39.560664    2.743139 xxx 193.470    74 0000.0000 0000.0000   53 111111 02 0 0 0.25 0 
10  39.558616    2.738855 xxx 193.470    87 0000.0000 0000.0000   51 111111 02 0 0 0.25 0 
10  39.559712    2.737975 xxx 103.470    97 0000.0000 0000.0000   40 111111 02 0 0 0.25 0 
10  39.547847    2.717613 xxx 148.470   139 0000.0000 0000.0000  205 111111 02 0 0 0.25 0 
10  39.549207    2.720495 xxx 148.470   149 0000.0000 0000.0000  256 111111 02 0 0 0.25 0 
10  39.546469    2.714750 xxx 148.470   135 0000.0000 0000.0000  205 111111 02 0 0 0.25 0 
10  39.545060    2.711788 xxx 148.470   129 0000.0000 0000.0000  171 111111 02 0 0 0.25 0 
10  39.550174    2.719443 xxx 148.470   513 0000.0000 0000.0000  172 111111 02 0 0 0.25 0 
10  39.549739    2.719149 xxx 148.470   334 0000.0000 0000.0000  184 111111 02 0 0 0.25 0 
10  39.557715    2.740221 xxx 148.470   700 0000.0000 0000.0000  482 111111 02 0 0 0.25 0 
10  39.558499    2.741328 xxx 148.470   526 0000.0000 0000.0000  400 111111 02 0 0 0.25 0 
10  39.559502    2.744478 xxx 148.470   833 0000.0000 0000.0000   80 111111 02 0 0 0.25 0 
10  39.558353    2.746701 xxx  87.685   567 0000.0000 0000.0000   92 111111 02 0 0 0.25 0 
10  39.558638    2.745617 xxx 117.995   450 0000.0000 0000.0000   88 111111 02 0 0 0.25 0 
10  39.546075    2.741415 xxx  68.812   334 0000.0000 0000.0000   69 111111 02 0 0 0.25 0 
10  39.545804    2.740494 xxx  74.274   254 0000.0000 0000.0000   89 111111 02 0 0 0.25 0 
10  39.545758    2.739782 xxx  82.130   252 0000.0000 0000.0000   40 111111 02 0 0 0.25 0 
10  39.546182    2.738115 xxx  48.140   564 0000.0000 0000.0000   92 111111 02 0 0 0.25 0 
10  39.545761    2.737864 xxx 118.298    87 0000.0000 0000.0000   41 111111 02 0 0 0.25 0 
10  39.547761    2.741547 xxx  73.109   231 0000.0000 0000.0000   43 111111 02 0 0 0.25 0 
10  39.548188    2.744542 xxx  80.948   304 0000.0000 0000.0000   72 111111 02 0 0 0.25 0 
10  39.548294    2.745487 xxx  76.531   250 0000.0000 0000.0000  100 111111 02 0 0 0.25 0 
10  39.548492    2.746321 xxx  70.592   261 0000.0000 0000.0000   94 111111 02 0 0 0.25 0 
10  39.548824    2.747197 xxx  65.637   300 0000.0000 0000.0000   56 111111 02 0 0 0.25 0 
10  39.541666    2.732061 xxx  92.046   174 0000.0000 0000.0000   73 111111 02 0 0 0.25 0 
10  39.548416    2.743475 xxx 148.295   200 0000.0000 0000.0000   45 111111 02 0 0 0.25 0 
10  39.549016    2.740318 xxx 148.333   600 0000.0000 0000.0000  137 111111 02 0 0 0.25 0 
14  39.549240    2.733129   0 0 Tower Viewpoint
50 11925 ATIS
52 12160 CLNC DEL
53 12190 GND
54 11845 TWR
55 11940 APP
