1     394 0 1 LFEB Dinan Trevilan
10  48.443843 -002.101615 25x 251.00   2540    0.0000    0.0090   98 111111 02 0 1 0.25 0 0300.0300
10  48.444304 -002.103686 xxx 247.00    450    0.0000    0.0000   80 111111 03 0 0 0.25 0 0000.0000
10  48.444445 -002.103956 xxx 247.00    370    0.0000    0.0000   66 111111 03 0 0 0.25 0 0000.0000
10  48.445399 -002.098545 xxx 259.76    690    0.0000    0.0000   30 111111 02 0 0 0.25 0 0000.0000
10  48.444762 -002.100409 xxx  33.40    450    0.0000    0.0000   21 111111 02 0 0 0.25 0 0000.0000
10  48.444176 -002.100947 xxx  15.26     60    0.0000    0.0000   20 111111 02 0 0 0.25 0 0000.0000
10  48.445158 -002.096782 xxx 345.10    240    0.0000    0.0000   30 111111 02 0 0 0.25 0 0000.0000
10  48.445551 -002.097100 xxx 289.82     40    0.0000    0.0000   30 111111 02 0 0 0.25 0 0000.0000
10  48.445508 -002.096961 xxx 299.91     40    0.0000    0.0000   30 111111 02 0 0 0.25 0 0000.0000
10  48.445455 -002.096891 xxx 167.15     40    0.0000    0.0000   25 111111 02 0 0 0.25 0 0000.0000
10  48.445616 -002.099415 xxx 211.42    260    0.0000    0.0000   66 111111 02 0 0 0.25 0 0000.0000
10  48.445260 -002.101165 xxx 270.13    600    0.0000    0.0000   25 111111 02 0 0 0.25 0 0000.0000
10  48.445205 -002.100073 xxx 329.43     40    0.0000    0.0000   40 111111 02 0 0 0.25 0 0000.0000
10  48.445161 -002.100173 xxx 147.47     80    0.0000    0.0000   20 111111 02 0 0 0.25 0 0000.0000
10  48.445334 -002.102936 xxx 236.48    230    0.0000    0.0000  100 111111 02 0 0 0.25 0 0000.0000
10  48.445171 -002.102717 xxx 235.62    250    0.0000    0.0000   60 111111 02 0 0 0.25 0 0000.0000
10  48.445223 -002.102373 xxx 254.18    100    0.0000    0.0000   25 111111 02 0 0 0.25 0 0000.0000
10  48.445011 -002.103768 xxx 326.41    100    0.0000    0.0000   66 111111 02 0 0 0.25 0 0000.0000
10  48.444975 -002.103403 xxx 241.39    200    0.0000    0.0000   15 111111 02 0 0 0.25 0 0000.0000
10  48.444760 -002.103544 xxx 151.94     90    0.0000    0.0000   66 111111 03 0 0 0.25 0 0000.0000
10  48.445982 -002.101022 xxx 263.17    145    0.0000    0.0000   70 111111 02 0 0 0.25 0 0000.0000
10  48.445846 -002.100953 xxx 172.23     40    0.0000    0.0000   15 111111 02 0 0 0.25 0 0000.0000
10  48.445797 -002.100737 xxx 261.98    350    0.0000    0.0000   15 111111 02 0 0 0.25 0 0000.0000
10  48.445654 -002.101797 xxx 250.63    240    0.0000    0.0000   15 111111 02 0 0 0.25 0 0000.0000
10  48.445783 -002.102523 xxx 353.14     60    0.0000    0.0000   66 111111 02 0 0 0.25 0 0000.0000
10  48.445776 -002.102191 xxx  82.77    100    0.0000    0.0000   35 111111 02 0 0 0.25 0 0000.0000
10  48.445460 -002.102431 xxx 246.68    100    0.0000    0.0000   40 111111 02 0 0 0.25 0 0000.0000
10  48.445489 -002.102009 xxx 249.66    100    0.0000    0.0000   66 111111 02 0 0 0.25 0 0000.0000
10  48.445565 -002.101744 xxx 220.82     70    0.0000    0.0000   45 111111 02 0 0 0.25 0 0000.0000
10  48.445641 -002.101552 xxx 227.56    105    0.0000    0.0000   20 111111 02 0 0 0.25 0 0000.0000
10  48.445654 -002.101604 xxx 244.44     50    0.0000    0.0000   20 111111 02 0 0 0.25 0 0000.0000
10  48.445372 -002.099449 xxx 314.10     70    0.0000    0.0000   50 111111 02 0 0 0.25 0 0000.0000
10  48.446068 -002.099580 xxx 268.81    220    0.0000    0.0000  160 111111 02 0 0 0.25 0 0000.0000
10  48.445746 -002.099596 xxx  89.62     30    0.0000    0.0000   30 111111 05 0 0 0.25 0 0000.0000
10  48.445386 -002.099736 xxx 212.34    115    0.0000    0.0000   55 111111 02 0 0 0.25 0 0000.0000
10  48.445661 -002.099888 xxx   0.00     60    0.0000    0.0000   60 111111 02 0 0 0.25 0 0000.0000
10  48.445778 -002.099884 xxx   0.00     50    0.0000    0.0000   10 111111 05 0 0 0.25 0 0000.0000
10  48.445559 -002.099803 xxx 121.65     75    0.0000    0.0000   25 111111 02 0 0 0.25 0 0000.0000
10  48.445421 -002.099554 xxx   0.00     50    0.0000    0.0000   10 111111 02 0 0 0.25 0 0000.0000
10  48.445500 -002.099814 xxx 162.93     50    0.0000    0.0000   25 111111 02 0 0 0.25 0 0000.0000
10  48.445824 -002.097747 xxx  88.05    400    0.0000    0.0000   25 111111 02 0 0 0.25 0 0000.0000
10  48.445793 -002.098508 xxx   0.00     40    0.0000    0.0000   40 111111 02 0 0 0.25 0 0000.0000
10  48.445910 -002.098445 xxx 267.52    328    0.0000    0.0000   20 111111 02 0 0 0.25 0 0000.0000
10  48.445921 -002.097285 xxx 265.49    180    0.0000    0.0000   20 111111 02 0 0 0.25 0 0000.0000
10  48.445892 -002.097688 xxx   0.00     50    0.0000    0.0000   50 111111 02 0 0 0.25 0 0000.0000
10  48.446220 -002.098707 xxx  89.31    120    0.0000    0.0000   40 111111 02 0 0 0.25 0 0000.0000
10  48.446052 -002.098508 xxx 355.64    100    0.0000    0.0000   30 111111 02 0 0 0.25 0 0000.0000
10  48.445870 -002.098442 xxx 358.28     30    0.0000    0.0000   10 111111 02 0 0 0.25 0 0000.0000
10  48.445595 -002.101816 xxx   0.00     40    0.0000    0.0000   40 111111 02 0 0 0.25 0 0000.0000
14  48.446137 -002.099602   0.00 0 Tower Viewpoint
19  48.445744 -002.099598 1 Windsock
