1   1906 1 0 LOWI Innsbruck Kranebitten
10  47.260226   11.343967 08x  81.030  6538 0339.0000 0000.0000  148 341344 01 0 3 0.25 1 0350.0350 
10  47.254997   11.345446 xxx  88.051    94 0000.0000 0000.0000   65 111111 01 0 0 0.25 0 
10  47.256225   11.345963 xxx 173.023    10 0000.0000 0000.0000   21 111111 01 0 0 0.25 0 
10  47.255507   11.345458 xxx  21.632   170 0000.0000 0000.0000  106 111111 02 0 0 0.25 0 
10  47.255309   11.345359 xxx  21.778    80 0000.0000 0000.0000  141 111111 01 0 0 0.25 0 
10  47.255237   11.345086 xxx  22.141    27 0000.0000 0000.0000   34 111111 01 0 0 0.25 0 
10  47.255147   11.345341 xxx 176.870    57 0000.0000 0000.0000   11 111111 01 0 0 0.25 0 
10  47.255667   11.345694 xxx 201.282   225 0000.0000 0000.0000   88 111111 02 0 0 0.25 0 
10  47.255706   11.345648 xxx 201.279   317 0000.0000 0000.0000  169 111111 01 0 0 0.25 0 
10  47.257414   11.348700 xxx 170.478    82 0000.0000 0000.0000   84 111111 02 0 0 0.25 0 
10  47.256868   11.340560 xxx 181.318    36 0000.0000 0000.0000   26 111111 01 0 0 0.25 0 
10  47.256929   11.340633 xxx  91.152    21 0000.0000 0000.0000   13 111111 01 0 0 0.25 0 
10  47.258376   11.346617 xxx  81.085  2848 0000.0000 0000.0000   68 161161 01 0 0 0.25 0 
10  47.258047   11.345191 xxx 350.757   102 0000.0000 0000.0000   75 111111 01 0 0 0.25 0 
10  47.257991   11.345320 xxx 181.504    23 0000.0000 0000.0000   23 111111 01 0 0 0.25 0 
10  47.257980   11.345110 xxx 153.423    22 0000.0000 0000.0000   35 111111 01 0 0 0.25 0 
10  47.256170   11.344832 xxx 280.008    19 0000.0000 0000.0000   13 111111 01 0 0 0.25 0 
10  47.256165   11.344919 xxx 269.741    27 0000.0000 0000.0000   13 111111 01 0 0 0.25 0 
10  47.256133   11.344916 xxx 233.785    38 0000.0000 0000.0000   12 111111 01 0 0 0.25 0 
10  47.257271   11.348296 xxx 259.627    25 0000.0000 0000.0000    7 111111 02 0 0 0.25 0 
10  47.260100   11.353395 xxx  80.308    33 0000.0000 0000.0000   41 111111 02 0 0 0.25 0 
10  47.255739   11.350150 xxx 115.282   376 0000.0000 0000.0000   12 111111 01 0 0 0.25 0 
10  47.256743   11.346362 xxx 243.948    33 0000.0000 0000.0000   30 111111 01 0 0 0.25 0 
10  47.255579   11.343856 xxx 172.379    25 0000.0000 0000.0000   43 111111 01 0 0 0.25 0 
10  47.255852   11.344384 xxx  52.709   297 0000.0000 0000.0000    8 111111 01 0 0 0.25 0 
10  47.256680   11.340472 xxx 231.610   140 0000.0000 0000.0000   10 111111 01 0 0 0.25 0 
10  47.256836   11.340814 xxx 245.201    69 0000.0000 0000.0000   11 111111 01 0 0 0.25 0 
10  47.256897   11.341043 xxx 253.063    57 0000.0000 0000.0000   11 111111 01 0 0 0.25 0 
10  47.256937   11.341271 xxx 258.149    60 0000.0000 0000.0000   11 111111 01 0 0 0.25 0 
10  47.257024   11.342001 xxx 260.442   310 0000.0000 0000.0000   11 111111 01 0 0 0.25 0 
10  47.257098   11.342674 xxx 265.656    30 0000.0000 0000.0000   11 111111 01 0 0 0.25 0 
10  47.257097   11.342782 xxx 276.273    26 0000.0000 0000.0000   11 111111 01 0 0 0.25 0 
10  47.257083   11.342873 xxx 288.979    24 0000.0000 0000.0000   12 111111 01 0 0 0.25 0 
10  47.257061   11.342944 xxx 300.969    17 0000.0000 0000.0000   12 111111 01 0 0 0.25 0 
10  47.256185   11.344762 xxx 295.505    21 0000.0000 0000.0000   13 111111 01 0 0 0.25 0 
10  47.256197   11.345290 xxx 261.411   213 0000.0000 0000.0000   13 111111 01 0 0 0.25 0 
10  47.256250   11.345766 xxx 256.134    29 0000.0000 0000.0000   13 111111 01 0 0 0.25 0 
10  47.256278   11.345876 xxx 243.937    35 0000.0000 0000.0000   13 111111 01 0 0 0.25 0 
10  47.256322   11.345979 xxx 229.917    29 0000.0000 0000.0000   13 111111 01 0 0 0.25 0 
10  47.256377   11.346049 xxx 209.120    34 0000.0000 0000.0000   13 111111 01 0 0 0.25 0 
10  47.256507   11.346134 xxx 201.942    77 0000.0000 0000.0000   13 111111 01 0 0 0.25 0 
10  47.256634   11.346243 xxx 203.546    31 0000.0000 0000.0000   28 111111 01 0 0 0.25 0 
10  47.256705   11.346295 xxx 209.296    30 0000.0000 0000.0000   28 111111 01 0 0 0.25 0 
10  47.256770   11.346464 xxx 254.001    30 0000.0000 0000.0000   31 111111 01 0 0 0.25 0 
10  47.256782   11.346565 xxx 264.642    29 0000.0000 0000.0000   32 111111 01 0 0 0.25 0 
10  47.256808   11.346665 xxx 275.324    26 0000.0000 0000.0000   13 111111 01 0 0 0.25 0 
10  47.256791   11.346766 xxx 289.496    30 0000.0000 0000.0000   13 111111 01 0 0 0.25 0 
10  47.256371   11.348134 xxx 114.440   728 0000.0000 0000.0000   13 111111 01 0 0 0.25 0 
10  47.256108   11.353081 xxx 178.423   111 0000.0000 0000.0000   35 111111 01 0 0 0.25 0 
10  47.256273   11.345367 xxx  81.555   133 0000.0000 0000.0000   17 111111 02 0 0 0.25 0 
10  47.258000   11.351146 xxx  80.865  1580 0000.0000 0000.0000   53 111111 01 0 0 0.25 0 
10  47.257175   11.348169 xxx 170.365   365 0000.0000 0000.0000   21 111111 02 0 0 0.25 0 
10  47.256928   11.346706 xxx  81.371   727 0000.0000 0000.0000   35 111111 02 0 0 0.25 0 
10  47.262939   11.364703 xxx  74.537    59 0000.0000 0000.0000   18 111111 02 0 0 0.25 0 
10  47.262897   11.364516 xxx  67.701    41 0000.0000 0000.0000   18 111111 02 0 0 0.25 0 
10  47.262848   11.364397 xxx  48.050    35 0000.0000 0000.0000   18 111111 02 0 0 0.25 0 
10  47.261843   11.364583 xxx  81.715   104 0000.0000 0000.0000  117 111111 02 0 0 0.25 0 
10  47.261924   11.364834 xxx 175.834   161 0000.0000 0000.0000   40 111111 02 0 0 0.25 0 
10  47.261885   11.363965 xxx 171.213   118 0000.0000 0000.0000   20 111111 02 0 0 0.25 0 
10  47.262804   11.364333 xxx  26.550    19 0000.0000 0000.0000   10 111111 02 0 0 0.25 0 
10  47.263320   11.360810 xxx  92.208   165 0000.0000 0000.0000   73 111111 02 0 0 0.25 0 
10  47.263495   11.361260 xxx 353.859    38 0000.0000 0000.0000   13 111111 02 0 0 0.25 0 
10  47.263411   11.361267 xxx   2.000    26 0000.0000 0000.0000   13 111111 02 0 0 0.25 0 
10  47.263340   11.361252 xxx  13.681    30 0000.0000 0000.0000   12 111111 02 0 0 0.25 0 
10  47.263276   11.361224 xxx  21.561    23 0000.0000 0000.0000   12 111111 02 0 0 0.25 0 
10  47.263379   11.361172 xxx 308.712    21 0000.0000 0000.0000   14 111111 02 0 0 0.25 0 
10  47.263352   11.361210 xxx 338.815    15 0000.0000 0000.0000   12 111111 02 0 0 0.25 0 
10  47.263314   11.361224 xxx 353.344    19 0000.0000 0000.0000   12 111111 02 0 0 0.25 0 
10  47.263438   11.361247 xxx  30.028    18 0000.0000 0000.0000   15 111111 02 0 0 0.25 0 
10  47.263401   11.361232 xxx  57.037    17 0000.0000 0000.0000   24 111111 02 0 0 0.25 0 
10  47.263394   11.361168 xxx  80.604    16 0000.0000 0000.0000   14 111111 02 0 0 0.25 0 
10  47.263625   11.361216 xxx 342.714    64 0000.0000 0000.0000   13 111111 02 0 0 0.25 0 
10  47.263208   11.361198 xxx   7.994    34 0000.0000 0000.0000   12 111111 02 0 0 0.25 0 
10  47.257760   11.337495 xxx 114.029    37 0000.0000 0000.0000   13 111111 02 0 0 0.25 0 
10  47.257707   11.337600 xxx 139.360    35 0000.0000 0000.0000   13 111111 02 0 0 0.25 0 
10  47.257770   11.337502 xxx 275.747    24 0000.0000 0000.0000   12 111111 02 0 0 0.25 0 
10  47.257776   11.337754 xxx  86.278   103 0000.0000 0000.0000   12 111111 02 0 0 0.25 0 
10  47.259962   11.329110 xxx  44.826    41 0000.0000 0000.0000   13 111111 02 0 0 0.25 0 
10  47.258594   11.330057 xxx 322.004   122 0000.0000 0000.0000   11 111111 02 0 0 0.25 0 
10  47.257781   11.336854 xxx  88.252   190 0000.0000 0000.0000   12 111111 02 0 0 0.25 0 
10  47.257796   11.336157 xxx 103.870    53 0000.0000 0000.0000   12 111111 02 0 0 0.25 0 
10  47.257839   11.335955 xxx 110.578    55 0000.0000 0000.0000   12 111111 02 0 0 0.25 0 
10  47.257871   11.335771 xxx  96.464    44 0000.0000 0000.0000   12 111111 02 0 0 0.25 0 
10  47.257106   11.339606 xxx 102.728    39 0000.0000 0000.0000   14 111111 02 0 0 0.25 0 
10  47.257135   11.339470 xxx 110.337    34 0000.0000 0000.0000   14 111111 02 0 0 0.25 0 
10  47.257163   11.339337 xxx 104.928    38 0000.0000 0000.0000   14 111111 02 0 0 0.25 0 
10  47.258750   11.329891 xxx 155.908    23 0000.0000 0000.0000   12 111111 02 0 0 0.25 0 
10  47.259021   11.329705 xxx 137.063    41 0000.0000 0000.0000   12 111111 02 0 0 0.25 0 
10  47.259294   11.329323 xxx 136.010   237 0000.0000 0000.0000   12 111111 02 0 0 0.25 0 
10  47.259560   11.328962 xxx 147.963    31 0000.0000 0000.0000   12 111111 02 0 0 0.25 0 
10  47.257171   11.341798 xxx  80.953   201 0000.0000 0000.0000   14 111111 02 0 0 0.25 0 
10  47.257106   11.340871 xxx  86.394   267 0000.0000 0000.0000   14 111111 02 0 0 0.25 0 
10  47.257089   11.340012 xxx  91.445   167 0000.0000 0000.0000   14 111111 02 0 0 0.25 0 
10  47.257182   11.339193 xxx  96.366    38 0000.0000 0000.0000   14 111111 02 0 0 0.25 0 
10  47.257174   11.338575 xxx  87.826   275 0000.0000 0000.0000   14 111111 02 0 0 0.25 0 
10  47.257171   11.337957 xxx 103.889    37 0000.0000 0000.0000   13 111111 02 0 0 0.25 0 
10  47.257214   11.337819 xxx 123.154    44 0000.0000 0000.0000   14 111111 02 0 0 0.25 0 
10  47.257287   11.337721 xxx 155.142    40 0000.0000 0000.0000   13 111111 02 0 0 0.25 0 
10  47.257467   11.337683 xxx 178.265   101 0000.0000 0000.0000   13 111111 02 0 0 0.25 0 
10  47.257637   11.337661 xxx 161.533    29 0000.0000 0000.0000   13 111111 02 0 0 0.25 0 
10  47.257786   11.337334 xxx  93.974    50 0000.0000 0000.0000   12 111111 02 0 0 0.25 0 
10  47.257776   11.336363 xxx  92.413    56 0000.0000 0000.0000   12 111111 02 0 0 0.25 0 
10  47.257876   11.335582 xxx  88.263    52 0000.0000 0000.0000   12 111111 02 0 0 0.25 0 
10  47.257679   11.333738 xxx  80.572   877 0000.0000 0000.0000   12 111111 02 0 0 0.25 0 
10  47.257477   11.331920 xxx  85.475    42 0000.0000 0000.0000   11 111111 02 0 0 0.25 0 
10  47.257490   11.331755 xxx 107.011    47 0000.0000 0000.0000   11 111111 02 0 0 0.25 0 
10  47.257535   11.331612 xxx 123.853    36 0000.0000 0000.0000   12 111111 02 0 0 0.25 0 
10  47.257739   11.331247 xxx 130.362   200 0000.0000 0000.0000   12 111111 02 0 0 0.25 0 
10  47.258045   11.330749 xxx 134.712   135 0000.0000 0000.0000   12 111111 02 0 0 0.25 0 
10  47.258316   11.330385 xxx 140.438   139 0000.0000 0000.0000   12 111111 02 0 0 0.25 0 
10  47.258831   11.329855 xxx 167.019    41 0000.0000 0000.0000   12 111111 02 0 0 0.25 0 
10  47.260029   11.329267 xxx  66.568    58 0000.0000 0000.0000   13 111111 02 0 0 0.25 0 
10  47.259868   11.329004 xxx  30.900    49 0000.0000 0000.0000   13 111111 02 0 0 0.25 0 
10  47.259760   11.328936 xxx  13.679    44 0000.0000 0000.0000   12 111111 02 0 0 0.25 0 
10  47.259650   11.328924 xxx 354.806    43 0000.0000 0000.0000   12 111111 02 0 0 0.25 0 
10  47.258933   11.329799 xxx 332.195    42 0000.0000 0000.0000   12 111111 02 0 0 0.25 0 
10  47.259180   11.336668 xxx 306.263    74 0000.0000 0000.0000   80 111111 01 0 0 0.25 0 
10  47.257420   11.347332 xxx  80.746   340 0000.0000 0000.0000  289 111111 02 0 0 0.25 0 
10  47.262130   11.346730 xxx 271.052   157 0000.0000 0000.0000   64 111111 02 0 0 0.25 0 
10  47.256187   11.351246 xxx  81.142   151 0000.0000 0000.0000   89 111111 02 0 0 0.25 0 
10  47.256083   11.351342 xxx  81.046   139 0000.0000 0000.0000   27 111111 01 0 0 0.25 0 
10  47.256297   11.349055 xxx 260.416    20 0000.0000 0000.0000   15 111111 02 0 0 0.25 0 
10  47.256443   11.348546 xxx 258.563    26 0000.0000 0000.0000   14 111111 02 0 0 0.25 0 
10  47.256462   11.348624 xxx  55.954    21 0000.0000 0000.0000   10 111111 02 0 0 0.25 0 
10  47.256986   11.351799 xxx  80.702   149 0000.0000 0000.0000   35 111111 01 0 0 0.25 0 
10  47.257175   11.353543 xxx 260.391   732 0000.0000 0000.0000   27 111111 01 0 0 0.25 0 
10  47.256934   11.353066 xxx 170.866   109 0000.0000 0000.0000   27 111111 01 0 0 0.25 0 
10  47.256759   11.353098 xxx   1.388    26 0000.0000 0000.0000   27 111111 01 0 0 0.25 0 
10  47.256700   11.353080 xxx 202.462    29 0000.0000 0000.0000   26 111111 01 0 0 0.25 0 
10  47.256641   11.353021 xxx 226.072    34 0000.0000 0000.0000   25 111111 01 0 0 0.25 0 
10  47.256589   11.352912 xxx 243.170    39 0000.0000 0000.0000   24 111111 01 0 0 0.25 0 
10  47.256287   11.351881 xxx  80.694   155 0000.0000 0000.0000   57 111111 02 0 0 0.25 0 
10  47.255795   11.352108 xxx 261.326    75 0000.0000 0000.0000   10 111111 01 0 0 0.25 0 
10  47.255785   11.351835 xxx 273.512    65 0000.0000 0000.0000    9 111111 01 0 0 0.25 0 
10  47.255801   11.351870 xxx   3.025     9 0000.0000 0000.0000   26 111111 01 0 0 0.25 0 
10  47.255996   11.352071 xxx 217.755    62 0000.0000 0000.0000   59 111111 02 0 0 0.25 0 
10  47.256137   11.351976 xxx 127.496   102 0000.0000 0000.0000   18 111111 02 0 0 0.25 0 
10  47.255959   11.351832 xxx  38.256    87 0000.0000 0000.0000  103 111111 02 0 0 0.25 0 
10  47.256046   11.350850 xxx 302.170   122 0000.0000 0000.0000   10 111111 01 0 0 0.25 0 
10  47.255921   11.351158 xxx 297.418    58 0000.0000 0000.0000   10 111111 01 0 0 0.25 0 
10  47.255858   11.351359 xxx 291.618    54 0000.0000 0000.0000   10 111111 01 0 0 0.25 0 
10  47.255811   11.351583 xxx 283.173    65 0000.0000 0000.0000   10 111111 01 0 0 0.25 0 
10  47.255836   11.352415 xxx 256.616    81 0000.0000 0000.0000   10 111111 01 0 0 0.25 0 
10  47.255885   11.352644 xxx 245.351    42 0000.0000 0000.0000   10 111111 01 0 0 0.25 0 
10  47.256344   11.353482 xxx  89.758   152 0000.0000 0000.0000   62 111111 01 0 0 0.25 0 
10  47.256228   11.353506 xxx  93.167   146 0000.0000 0000.0000   38 111111 01 0 0 0.25 0 
10  47.256506   11.353491 xxx 180.026    65 0000.0000 0000.0000   30 111111 01 0 0 0.25 0 
10  47.255906   11.353484 xxx  76.840   151 0000.0000 0000.0000   51 111111 01 0 0 0.25 0 
10  47.256427   11.353106 xxx 197.372    25 0000.0000 0000.0000   24 111111 01 0 0 0.25 0 
10  47.256330   11.353094 xxx 178.408    55 0000.0000 0000.0000   23 111111 01 0 0 0.25 0 
10  47.256477   11.353115 xxx 173.710    22 0000.0000 0000.0000   24 111111 01 0 0 0.25 0 
10  47.256519   11.353101 xxx 154.099    18 0000.0000 0000.0000   23 111111 01 0 0 0.25 0 
10  47.256566   11.353053 xxx 141.022    30 0000.0000 0000.0000   24 111111 01 0 0 0.25 0 
10  47.256292   11.352856 xxx 178.403   134 0000.0000 0000.0000   54 111111 01 0 0 0.25 0 
10  47.256434   11.349816 xxx 122.369    20 0000.0000 0000.0000   16 111111 01 0 0 0.25 0 
10  47.255625   11.350739 xxx  63.398    13 0000.0000 0000.0000   13 111111 01 0 0 0.25 0 
10  47.255689   11.350775 xxx 339.370    11 0000.0000 0000.0000   14 111111 01 0 0 0.25 0 
10  47.255668   11.350782 xxx   1.544    10 0000.0000 0000.0000   13 111111 01 0 0 0.25 0 
10  47.255644   11.350770 xxx  32.084    16 0000.0000 0000.0000   12 111111 01 0 0 0.25 0 
10  47.255617   11.350702 xxx  87.697    12 0000.0000 0000.0000   11 111111 01 0 0 0.25 0 
10  47.255799   11.350114 xxx 115.106   315 0000.0000 0000.0000   12 111111 01 0 0 0.25 0 
10  47.256373   11.349298 xxx  37.023    31 0000.0000 0000.0000   14 111111 01 0 0 0.25 0 
10  47.256275   11.349261 xxx   1.989    54 0000.0000 0000.0000   14 111111 01 0 0 0.25 0 
10  47.256411   11.349883 xxx 111.751    21 0000.0000 0000.0000   15 111111 01 0 0 0.25 0 
10  47.256053   11.350342 xxx 140.529   336 0000.0000 0000.0000   13 111111 01 0 0 0.25 0 
10  47.256105   11.349384 xxx 139.273   103 0000.0000 0000.0000   12 111111 01 0 0 0.25 0 
10  47.256114   11.349586 xxx 139.503   232 0000.0000 0000.0000   12 111111 01 0 0 0.25 0 
10  47.256948   11.352867 xxx  80.745    72 0000.0000 0000.0000   33 111111 01 0 0 0.25 0 
10  47.256639   11.350774 xxx  80.669   263 0000.0000 0000.0000   40 111111 01 0 0 0.25 0 
10  47.256494   11.350815 xxx  80.410   260 0000.0000 0000.0000   44 111111 01 0 0 0.25 0 
10  47.256592   11.350234 xxx 214.568    27 0000.0000 0000.0000   16 111111 01 0 0 0.25 0 
10  47.256422   11.350282 xxx 312.300    33 0000.0000 0000.0000   15 111111 01 0 0 0.25 0 
10  47.256509   11.350222 xxx 170.426    51 0000.0000 0000.0000   14 111111 01 0 0 0.25 0 
10  47.256746   11.350144 xxx 114.538    34 0000.0000 0000.0000   20 111111 01 0 0 0.25 0 
10  47.256722   11.350244 xxx  83.387    27 0000.0000 0000.0000   24 111111 01 0 0 0.25 0 
10  47.256874   11.350750 xxx  80.931   266 0000.0000 0000.0000   29 111111 01 0 0 0.25 0 
10  47.257145   11.352201 xxx 124.495    33 0000.0000 0000.0000   46 111111 01 0 0 0.25 0 
10  47.257134   11.352303 xxx  80.278    56 0000.0000 0000.0000   40 111111 01 0 0 0.25 0 
10  47.257259   11.351375 xxx 260.401   253 0000.0000 0000.0000   53 111111 01 0 0 0.25 0 
10  47.256786   11.350766 xxx  80.676   249 0000.0000 0000.0000   19 111111 01 0 0 0.25 0 
10  47.257049   11.352118 xxx 102.509    21 0000.0000 0000.0000    8 111111 01 0 0 0.25 0 
10  47.257322   11.351922 xxx 281.879    39 0000.0000 0000.0000   41 111111 01 0 0 0.25 0 
10  47.257297   11.352033 xxx 303.187    38 0000.0000 0000.0000   36 111111 01 0 0 0.25 0 
10  47.257207   11.350811 xxx  68.941    36 0000.0000 0000.0000   36 111111 01 0 0 0.25 0 
10  47.257163   11.350701 xxx  51.119    39 0000.0000 0000.0000   36 111111 01 0 0 0.25 0 
10  47.257007   11.350508 xxx  37.143   120 0000.0000 0000.0000   36 111111 01 0 0 0.25 0 
10  47.256561   11.349981 xxx 307.186    38 0000.0000 0000.0000   26 111111 01 0 0 0.25 0 
10  47.256581   11.350055 xxx   5.873    42 0000.0000 0000.0000   27 111111 01 0 0 0.25 0 
10  47.256763   11.350026 xxx 301.037    32 0000.0000 0000.0000   31 111111 01 0 0 0.25 0 
10  47.256738   11.350072 xxx 339.026    50 0000.0000 0000.0000   29 111111 01 0 0 0.25 0 
10  47.256655   11.350065 xxx  27.957    44 0000.0000 0000.0000   30 111111 01 0 0 0.25 0 
10  47.256609   11.349990 xxx  71.985    35 0000.0000 0000.0000   31 111111 01 0 0 0.25 0 
10  47.256611   11.349897 xxx 111.167    35 0000.0000 0000.0000   31 111111 01 0 0 0.25 0 
10  47.256653   11.349823 xxx 153.275    38 0000.0000 0000.0000   28 111111 01 0 0 0.25 0 
10  47.256714   11.349810 xxx 188.727    30 0000.0000 0000.0000   31 111111 01 0 0 0.25 0 
10  47.256757   11.349850 xxx 232.539    33 0000.0000 0000.0000   30 111111 01 0 0 0.25 0 
10  47.256780   11.349938 xxx 266.864    33 0000.0000 0000.0000   29 111111 01 0 0 0.25 0 
10  47.257019   11.350258 xxx 216.881   201 0000.0000 0000.0000   27 111111 01 0 0 0.25 0 
10  47.257278   11.350581 xxx 231.745    56 0000.0000 0000.0000   27 111111 01 0 0 0.25 0 
10  47.257348   11.350756 xxx 247.252    53 0000.0000 0000.0000   27 111111 01 0 0 0.25 0 
10  47.257423   11.351274 xxx 260.574   219 0000.0000 0000.0000   26 111111 01 0 0 0.25 0 
10  47.257474   11.351790 xxx 268.390    44 0000.0000 0000.0000   26 111111 01 0 0 0.25 0 
10  47.257467   11.351944 xxx 280.560    39 0000.0000 0000.0000   26 111111 01 0 0 0.25 0 
10  47.257439   11.352072 xxx 295.487    38 0000.0000 0000.0000   26 111111 01 0 0 0.25 0 
10  47.257293   11.352378 xxx 307.047   154 0000.0000 0000.0000   26 111111 01 0 0 0.25 0 
10  47.257149   11.352666 xxx 302.312    32 0000.0000 0000.0000   25 111111 01 0 0 0.25 0 
10  47.257114   11.352764 xxx 292.455    27 0000.0000 0000.0000   25 111111 01 0 0 0.25 0 
10  47.256668   11.348854 xxx  81.048   514 0000.0000 0000.0000   20 111111 01 0 0 0.25 0 
10  47.256490   11.350075 xxx 331.525    77 0000.0000 0000.0000   28 111111 01 0 0 0.25 0 
10  47.256376   11.350181 xxx 317.859    30 0000.0000 0000.0000   28 111111 01 0 0 0.25 0 
10  47.256329   11.350282 xxx 295.216    41 0000.0000 0000.0000   26 111111 01 0 0 0.25 0 
10  47.256307   11.350424 xxx 268.120    44 0000.0000 0000.0000   24 111111 01 0 0 0.25 0 
10  47.256425   11.351622 xxx 261.295   563 0000.0000 0000.0000   24 111111 01 0 0 0.25 0 
10  47.256554   11.352791 xxx 251.253    30 0000.0000 0000.0000   24 111111 01 0 0 0.25 0 
10  47.257691   11.348743 xxx  69.719    76 0000.0000 0000.0000   73 111111 02 0 0 0.25 0 
10  47.257215   11.348476 xxx 170.875   362 0000.0000 0000.0000   24 111111 02 0 0 0.25 0 
10  47.257727   11.352540 xxx 170.642    90 0000.0000 0000.0000  105 111111 02 0 0 0.25 0 
10  47.257696   11.351019 xxx 260.809   717 0000.0000 0000.0000  260 111111 02 0 0 0.25 0 
10  47.257706   11.353176 xxx 170.373   386 0000.0000 0000.0000   33 111111 02 0 0 0.25 0 
10  47.258111   11.352707 xxx 170.881    81 0000.0000 0000.0000  166 111111 02 0 0 0.25 0 
10  47.258063   11.353373 xxx  80.101   118 0000.0000 0000.0000  171 111111 02 0 0 0.25 0 
10  47.257480   11.352893 xxx 170.510   219 0000.0000 0000.0000   83 111111 02 0 0 0.25 0 
10  47.257331   11.348316 xxx 170.100    36 0000.0000 0000.0000    7 111111 02 0 0 0.25 0 
10  47.257720   11.348251 xxx  80.149   176 0000.0000 0000.0000  148 111111 02 0 0 0.25 0 
10  47.257419   11.353788 xxx 179.813   143 0000.0000 0000.0000   37 111111 02 0 0 0.25 0 
10  47.257835   11.353015 xxx  80.320    54 0000.0000 0000.0000   53 111111 02 0 0 0.25 0 
10  47.257380   11.353593 xxx 170.243   129 0000.0000 0000.0000  100 111111 02 0 0 0.25 0 
10  47.257831   11.353553 xxx 170.314   222 0000.0000 0000.0000   92 111111 02 0 0 0.25 0 
10  47.257575   11.349250 xxx  81.185   178 0000.0000 0000.0000  126 111111 02 0 0 0.25 0 
10  47.257060   11.349182 xxx 170.763   243 0000.0000 0000.0000   26 111111 02 0 0 0.25 0 
10  47.257367   11.349679 xxx  80.327   272 0000.0000 0000.0000  135 111111 02 0 0 0.25 0 
10  47.257266   11.349130 xxx 151.821    14 0000.0000 0000.0000   28 111111 02 0 0 0.25 0 
10  47.257300   11.349094 xxx 132.691    20 0000.0000 0000.0000   28 111111 02 0 0 0.25 0 
10  47.257334   11.349038 xxx 131.490    21 0000.0000 0000.0000   28 111111 02 0 0 0.25 0 
10  47.257365   11.349007 xxx 152.335    18 0000.0000 0000.0000   31 111111 02 0 0 0.25 0 
10  47.256576   11.345670 xxx  81.583    92 0000.0000 0000.0000  179 111111 02 0 0 0.25 0 
10  47.257052   11.343320 xxx 127.208    38 0000.0000 0000.0000   65 111111 02 0 0 0.25 0 
10  47.256988   11.347983 xxx  81.343    93 0000.0000 0000.0000   18 111111 02 0 0 0.25 0 
10  47.256846   11.348333 xxx 170.281   154 0000.0000 0000.0000   71 111111 02 0 0 0.25 0 
10  47.256917   11.347568 xxx  80.858   154 0000.0000 0000.0000  131 111111 02 0 0 0.25 0 
10  47.257240   11.348892 xxx 132.001    52 0000.0000 0000.0000   55 111111 02 0 0 0.25 0 
10  47.257246   11.348671 xxx  80.217    98 0000.0000 0000.0000   53 111111 02 0 0 0.25 0 
10  47.256987   11.348820 xxx 171.055   171 0000.0000 0000.0000  139 111111 02 0 0 0.25 0 
10  47.263016   11.357532 xxx   2.713    94 0000.0000 0000.0000   10 111111 02 0 0 0.25 0 
10  47.262837   11.357501 xxx  16.479    43 0000.0000 0000.0000   10 111111 02 0 0 0.25 0 
10  47.262741   11.357467 xxx   9.236    34 0000.0000 0000.0000   10 111111 02 0 0 0.25 0 
10  47.263149   11.361245 xxx 331.496    48 0000.0000 0000.0000   10 111111 02 0 0 0.25 0 
10  47.263030   11.361338 xxx 332.623    53 0000.0000 0000.0000   10 111111 02 0 0 0.25 0 
10  47.262646   11.364798 xxx 353.296   126 0000.0000 0000.0000   10 111111 02 0 0 0.25 0 
10  47.262298   11.360926 xxx 261.093  1938 0000.0000 0000.0000    9 111111 02 0 0 0.25 0 
10  47.262720   11.364731 xxx  43.497    15 0000.0000 0000.0000   13 111111 02 0 0 0.25 0 
10  47.262705   11.364689 xxx  64.719    14 0000.0000 0000.0000    9 111111 02 0 0 0.25 0 
10  47.262679   11.364749 xxx 132.292    18 0000.0000 0000.0000   17 111111 02 0 0 0.25 0 
10  47.262692   11.364692 xxx 102.768    16 0000.0000 0000.0000    9 111111 02 0 0 0.25 0 
10  47.261532   11.362837 xxx  76.142   270 0000.0000 0000.0000   12 111111 02 0 0 0.25 0 
10  47.262140   11.349768 xxx 242.324    28 0000.0000 0000.0000   10 111111 02 0 0 0.25 0 
10  47.262219   11.349901 xxx 222.322    64 0000.0000 0000.0000   10 111111 02 0 0 0.25 0 
10  47.262315   11.350054 xxx 236.120    42 0000.0000 0000.0000   10 111111 02 0 0 0.25 0 
10  47.262362   11.350191 xxx 252.305    37 0000.0000 0000.0000    9 111111 02 0 0 0.25 0 
10  47.262548   11.351742 xxx 260.363   748 0000.0000 0000.0000    9 111111 02 0 0 0.25 0 
10  47.262730   11.353489 xxx 266.562   133 0000.0000 0000.0000    9 111111 02 0 0 0.25 0 
10  47.262757   11.353818 xxx 249.475    35 0000.0000 0000.0000   10 111111 02 0 0 0.25 0 
10  47.262801   11.353923 xxx 227.133    33 0000.0000 0000.0000   10 111111 02 0 0 0.25 0 
10  47.262910   11.354002 xxx 196.863    65 0000.0000 0000.0000   11 111111 02 0 0 0.25 0 
10  47.263029   11.354094 xxx 222.991    44 0000.0000 0000.0000   12 111111 02 0 0 0.25 0 
10  47.263096   11.354232 xxx 245.830    47 0000.0000 0000.0000   11 111111 02 0 0 0.25 0 
10  47.263221   11.355731 xxx 264.115   711 0000.0000 0000.0000   11 111111 02 0 0 0.25 0 
10  47.263310   11.357272 xxx 276.506    62 0000.0000 0000.0000   12 111111 02 0 0 0.25 0 
10  47.263263   11.357451 xxx 311.200    46 0000.0000 0000.0000   11 111111 02 0 0 0.25 0 
10  47.263185   11.357529 xxx 348.966    35 0000.0000 0000.0000   10 111111 02 0 0 0.25 0 
10  47.262663   11.357464 xxx 352.393    29 0000.0000 0000.0000   10 111111 02 0 0 0.25 0 
10  47.262594   11.357526 xxx 313.803    43 0000.0000 0000.0000   10 111111 02 0 0 0.25 0 
10  47.262539   11.357665 xxx 288.576    45 0000.0000 0000.0000   11 111111 02 0 0 0.25 0 
10  47.262527   11.357830 xxx 263.780    45 0000.0000 0000.0000   10 111111 02 0 0 0.25 0 
10  47.262858   11.359553 xxx 253.753   848 0000.0000 0000.0000    9 111111 02 0 0 0.25 0 
10  47.262855   11.361410 xxx 351.773    85 0000.0000 0000.0000    9 111111 02 0 0 0.25 0 
10  47.262673   11.361426 xxx   5.004    51 0000.0000 0000.0000    9 111111 02 0 0 0.25 0 
10  47.262537   11.361415 xxx   1.444    51 0000.0000 0000.0000    9 111111 02 0 0 0.25 0 
10  47.262417   11.361424 xxx 351.286    40 0000.0000 0000.0000    9 111111 02 0 0 0.25 0 
10  47.262346   11.364806 xxx  23.852    35 0000.0000 0000.0000   11 111111 02 0 0 0.25 0 
10  47.262272   11.364708 xxx  55.363    47 0000.0000 0000.0000   12 111111 02 0 0 0.25 0 
10  47.262222   11.364505 xxx  79.939    68 0000.0000 0000.0000   12 111111 02 0 0 0.25 0 
10  47.262191   11.364160 xxx  84.132   110 0000.0000 0000.0000   12 111111 02 0 0 0.25 0 
10  47.262147   11.363862 xxx  63.352    50 0000.0000 0000.0000   13 111111 02 0 0 0.25 0 
10  47.262071   11.363739 xxx  30.090    45 0000.0000 0000.0000   12 111111 02 0 0 0.25 0 
10  47.261911   11.363674 xxx   7.690    84 0000.0000 0000.0000   12 111111 02 0 0 0.25 0 
10  47.261745   11.363610 xxx  26.645    50 0000.0000 0000.0000   12 111111 02 0 0 0.25 0 
10  47.261655   11.363466 xxx  63.511    61 0000.0000 0000.0000   12 111111 02 0 0 0.25 0 
10  47.261430   11.362120 xxx  84.139    97 0000.0000 0000.0000   12 111111 02 0 0 0.25 0 
10  47.261397   11.361856 xxx  68.416    41 0000.0000 0000.0000   12 111111 02 0 0 0.25 0 
10  47.261338   11.361756 xxx  29.702    37 0000.0000 0000.0000   13 111111 02 0 0 0.25 0 
10  47.261203   11.361723 xxx 359.639    74 0000.0000 0000.0000   13 111111 02 0 0 0.25 0 
10  47.261058   11.361704 xxx  16.316    37 0000.0000 0000.0000   13 111111 02 0 0 0.25 0 
10  47.260986   11.361642 xxx  46.071    33 0000.0000 0000.0000   13 111111 02 0 0 0.25 0 
10  47.260948   11.361534 xxx  78.841    37 0000.0000 0000.0000   12 111111 02 0 0 0.25 0 
10  47.260949   11.361413 xxx 105.143    30 0000.0000 0000.0000   13 111111 02 0 0 0.25 0 
10  47.260999   11.361285 xxx 129.107    50 0000.0000 0000.0000   13 111111 02 0 0 0.25 0 
10  47.261057   11.361120 xxx 105.480    51 0000.0000 0000.0000   13 111111 02 0 0 0.25 0 
10  47.261060   11.360912 xxx  78.753    61 0000.0000 0000.0000   12 111111 02 0 0 0.25 0 
10  47.261011   11.360723 xxx  54.833    46 0000.0000 0000.0000   11 111111 02 0 0 0.25 0 
10  47.260743   11.360306 xxx  45.079   241 0000.0000 0000.0000   11 111111 02 0 0 0.25 0 
10  47.260436   11.359782 xxx  58.765   107 0000.0000 0000.0000   11 111111 02 0 0 0.25 0 
10  47.260354   11.359514 xxx  83.864    46 0000.0000 0000.0000   11 111111 02 0 0 0.25 0 
10  47.260366   11.359287 xxx 100.191    73 0000.0000 0000.0000   11 111111 02 0 0 0.25 0 
10  47.260410   11.358995 xxx 104.087    77 0000.0000 0000.0000   11 111111 02 0 0 0.25 0 
10  47.260492   11.358651 xxx 113.719   106 0000.0000 0000.0000   12 111111 02 0 0 0.25 0 
10  47.260574   11.358363 xxx 110.555    52 0000.0000 0000.0000   12 111111 02 0 0 0.25 0 
10  47.260599   11.358186 xxx  91.863    43 0000.0000 0000.0000   11 111111 02 0 0 0.25 0 
10  47.260580   11.358017 xxx  71.229    48 0000.0000 0000.0000   12 111111 02 0 0 0.25 0 
10  47.260533   11.357869 xxx  56.514    39 0000.0000 0000.0000   12 111111 02 0 0 0.25 0 
10  47.260466   11.357764 xxx  37.851    40 0000.0000 0000.0000   13 111111 02 0 0 0.25 0 
10  47.260339   11.357676 xxx  18.045    68 0000.0000 0000.0000   13 111111 02 0 0 0.25 0 
10  47.260184   11.357610 xxx  13.853    52 0000.0000 0000.0000   13 111111 02 0 0 0.25 0 
10  47.260093   11.357559 xxx  37.986    29 0000.0000 0000.0000   12 111111 02 0 0 0.25 0 
10  47.260047   11.357483 xxx  60.419    28 0000.0000 0000.0000   11 111111 02 0 0 0.25 0 
10  47.257280   11.346062 xxx  80.904   364 0000.0000 0000.0000  289 111111 02 0 0 0.25 0 
10  47.260840   11.352462 xxx 350.940   100 0000.0000 0000.0000   78 111111 01 0 0 0.25 0 
10  47.260088   11.352639 xxx 350.900   455 0000.0000 0000.0000   78 161161 01 0 0 0.25 0 
10  47.261016   11.352858 xxx  67.226    38 0000.0000 0000.0000   37 111111 01 0 0 0.25 0 
10  47.260929   11.352006 xxx 278.671    39 0000.0000 0000.0000   44 111111 01 0 0 0.25 0 
10  47.260914   11.352130 xxx 289.071    28 0000.0000 0000.0000   46 111111 01 0 0 0.25 0 
10  47.260888   11.352222 xxx 299.746    23 0000.0000 0000.0000   46 111111 01 0 0 0.25 0 
10  47.260852   11.352296 xxx 310.796    29 0000.0000 0000.0000   45 111111 01 0 0 0.25 0 
10  47.260801   11.352358 xxx 332.012    24 0000.0000 0000.0000   41 111111 01 0 0 0.25 0 
10  47.260740   11.352399 xxx 338.665    31 0000.0000 0000.0000   41 111111 01 0 0 0.25 0 
10  47.260981   11.352756 xxx  54.542    24 0000.0000 0000.0000   36 111111 01 0 0 0.25 0 
10  47.260943   11.352686 xxx  41.156    29 0000.0000 0000.0000   37 111111 01 0 0 0.25 0 
10  47.260887   11.352634 xxx  26.745    28 0000.0000 0000.0000   35 111111 01 0 0 0.25 0 
10  47.260821   11.352601 xxx  13.857    26 0000.0000 0000.0000   33 111111 01 0 0 0.25 0 
10  47.260757   11.352585 xxx   2.231    28 0000.0000 0000.0000   32 111111 01 0 0 0.25 0 
10  47.260092   11.353456 xxx 229.506    11 0000.0000 0000.0000   28 111111 02 0 0 0.25 0 
10  47.259248   11.336279 xxx 275.860    54 0000.0000 0000.0000   52 111111 01 0 0 0.25 0 
10  47.259216   11.336438 xxx 291.878    38 0000.0000 0000.0000   44 111111 01 0 0 0.25 0 
10  47.259426   11.337502 xxx  58.453    63 0000.0000 0000.0000   88 111111 01 0 0 0.25 0 
10  47.258974   11.337080 xxx 126.351   187 0000.0000 0000.0000   80 161161 01 0 0 0.25 0 
10  47.259364   11.337347 xxx  37.645    76 0000.0000 0000.0000   94 111111 01 0 0 0.25 0 
10  47.259337   11.337185 xxx  23.359    95 0000.0000 0000.0000  138 111111 01 0 0 0.25 0 
10  47.259256   11.337091 xxx   5.676   104 0000.0000 0000.0000  144 111111 01 0 0 0.25 0 
10  47.258402   11.340730 xxx 165.943    39 0000.0000 0000.0000   28 111111 02 0 0 0.25 0 
10  47.258612   11.340823 xxx 166.245   114 0000.0000 0000.0000   83 111111 02 0 0 0.25 0 
10  47.262129   11.347613 xxx  90.978   394 0000.0000 0000.0000   58 111111 02 0 0 0.25 0 
10  47.262036   11.347643 xxx  81.250   408 0000.0000 0000.0000   35 111111 02 0 0 0.25 0 
10  47.262454   11.350210 xxx  79.796   224 0000.0000 0000.0000   28 111111 02 0 0 0.25 0 
10  47.262689   11.348311 xxx  84.375   169 0000.0000 0000.0000   39 111111 02 0 0 0.25 0 
10  47.262581   11.347617 xxx  84.385   187 0000.0000 0000.0000   84 111111 02 0 0 0.25 0 
10  47.262613   11.346143 xxx  84.610   117 0000.0000 0000.0000   28 111111 02 0 0 0.25 0 
10  47.262591   11.345693 xxx 264.526   167 0000.0000 0000.0000   24 111111 02 0 0 0.25 0 
10  47.262455   11.348985 xxx  92.015   412 0000.0000 0000.0000   23 111111 02 0 0 0.25 0 
10  47.262301   11.349247 xxx  91.720   106 0000.0000 0000.0000   90 111111 02 0 0 0.25 0 
10  47.262313   11.349760 xxx   1.844    51 0000.0000 0000.0000   58 111111 02 0 0 0.25 0 
10  47.262270   11.349582 xxx  91.250    32 0000.0000 0000.0000   32 111111 02 0 0 0.25 0 
10  47.262290   11.348660 xxx 182.007    88 0000.0000 0000.0000  191 111111 02 0 0 0.25 0 
10  47.261013   11.338113 xxx  80.900  4399 0000.0000 0000.0000   13 111111 02 0 0 0.25 0 
10  47.261940   11.345575 xxx 171.360    85 0000.0000 0000.0000   70 111111 02 0 0 0.25 0 
10  47.261883   11.345475 xxx  13.351    21 0000.0000 0000.0000   24 111111 02 0 0 0.25 0 
10  47.261840   11.345449 xxx  37.956    17 0000.0000 0000.0000   22 111111 02 0 0 0.25 0 
10  47.261820   11.345388 xxx  58.546    20 0000.0000 0000.0000   11 111111 02 0 0 0.25 0 
10  47.262384   11.346601 xxx  91.718   105 0000.0000 0000.0000  141 111111 02 0 0 0.25 0 
10  47.260221   11.343955 xxx 261.040  6722 0000.0000 0000.0000  197 111111 02 0 0 0.25 0 
10  47.261041   11.348206 xxx 359.441    18 0000.0000 0000.0000   48 161161 02 0 0 0.25 0 
10  47.261070   11.348207 xxx   6.766     9 0000.0000 0000.0000   47 161161 02 0 0 0.25 0 
10  47.260979   11.348264 xxx 329.788    14 0000.0000 0000.0000   34 111111 01 0 0 0.25 0 
10  47.261007   11.348253 xxx 346.826    15 0000.0000 0000.0000   28 111111 01 0 0 0.25 0 
10  47.260973   11.348161 xxx 201.486    15 0000.0000 0000.0000   34 111111 01 0 0 0.25 0 
10  47.260949   11.348133 xxx  37.328    17 0000.0000 0000.0000   28 111111 01 0 0 0.25 0 
10  47.260927   11.348090 xxx  49.343    14 0000.0000 0000.0000   22 111111 01 0 0 0.25 0 
10  47.260905   11.348045 xxx  57.557    17 0000.0000 0000.0000   22 111111 01 0 0 0.25 0 
10  47.259428   11.352785 xxx 357.040    40 0000.0000 0000.0000   78 161161 01 0 0 0.25 0 
10  47.258504   11.338016 xxx 306.446   392 0000.0000 0000.0000   80 161161 01 0 0 0.25 0 
10  47.258868   11.337338 xxx 143.345    33 0000.0000 0000.0000   76 111111 01 0 0 0.25 0 
10  47.258209   11.345466 xxx  54.173    49 0000.0000 0000.0000   50 111111 01 0 0 0.25 0 
10  47.256756   11.345009 xxx 351.202   300 0000.0000 0000.0000  136 111111 02 0 0 0.25 0 
10  47.257017   11.343899 xxx 125.702   212 0000.0000 0000.0000  213 111111 02 0 0 0.25 0 
10  47.257107   11.344671 xxx  80.858   389 0000.0000 0000.0000  304 111111 02 0 0 0.25 0 
10  47.257217   11.343643 xxx  80.872   181 0000.0000 0000.0000  144 111111 02 0 0 0.25 0 
10  47.259467   11.352895 xxx 328.304    44 0000.0000 0000.0000   43 111111 01 0 0 0.25 0 
10  47.259343   11.352786 xxx   3.281    29 0000.0000 0000.0000   78 161161 01 0 0 0.25 0 
10  47.259277   11.352776 xxx   9.198    28 0000.0000 0000.0000   77 161161 01 0 0 0.25 0 
10  47.259217   11.352758 xxx  15.297    25 0000.0000 0000.0000   77 161161 01 0 0 0.25 0 
10  47.259171   11.352731 xxx  33.606    34 0000.0000 0000.0000   74 161161 01 0 0 0.25 0 
10  47.259115   11.352672 xxx  40.556    26 0000.0000 0000.0000   73 161161 01 0 0 0.25 0 
10  47.259076   11.352615 xxx  51.754    28 0000.0000 0000.0000   71 161161 01 0 0 0.25 0 
10  47.259042   11.352542 xxx 242.233    29 0000.0000 0000.0000   70 161161 01 0 0 0.25 0 
10  47.259012   11.352448 xxx 248.281    29 0000.0000 0000.0000   69 161161 01 0 0 0.25 0 
10  47.258990   11.352342 xxx 256.548    37 0000.0000 0000.0000   68 161161 01 0 0 0.25 0 
10  47.259397   11.337423 xxx  49.054    53 0000.0000 0000.0000   91 111111 01 0 0 0.25 0 
10  47.258917   11.337281 xxx 147.922    25 0000.0000 0000.0000   79 111111 01 0 0 0.25 0 
10  47.258976   11.337226 xxx 158.934    22 0000.0000 0000.0000   82 111111 01 0 0 0.25 0 
10  47.259009   11.337171 xxx 350.043    27 0000.0000 0000.0000   99 111111 01 0 0 0.25 0 
10  47.259087   11.337111 xxx 358.572    45 0000.0000 0000.0000  122 111111 01 0 0 0.25 0 
10  47.258320   11.335817 xxx 242.155    33 0000.0000 0000.0000    8 111111 02 0 0 0.25 0 
10  47.257211   11.343383 xxx 261.185   122 0000.0000 0000.0000  127 111111 02 0 0 0.25 0 
10  47.257749   11.345263 xxx 170.699   120 0000.0000 0000.0000   75 111111 02 0 0 0.25 0 
10  47.257610   11.345643 xxx 101.586    26 0000.0000 0000.0000   27 111111 02 0 0 0.25 0 
10  47.257633   11.345530 xxx 124.426    37 0000.0000 0000.0000   33 111111 02 0 0 0.25 0 
10  47.257533   11.344936 xxx  64.016    30 0000.0000 0000.0000   27 111111 02 0 0 0.25 0 
10  47.257563   11.345028 xxx  52.412    25 0000.0000 0000.0000   31 111111 02 0 0 0.25 0 
10  47.257609   11.345099 xxx  31.131    33 0000.0000 0000.0000   34 111111 02 0 0 0.25 0 
10  47.257684   11.345450 xxx 321.243    27 0000.0000 0000.0000   29 111111 02 0 0 0.25 0 
10  47.257753   11.345391 xxx 332.453    34 0000.0000 0000.0000   25 111111 02 0 0 0.25 0 
10  47.257690   11.345142 xxx  12.528    38 0000.0000 0000.0000   30 111111 02 0 0 0.25 0 
10  47.262196   11.353300 xxx 131.307    20 0000.0000 0000.0000    7 111111 02 0 0 0.25 0 
10  47.262224   11.353240 xxx 294.397    18 0000.0000 0000.0000    6 111111 02 0 0 0.25 0 
10  47.262098   11.353396 xxx 343.032    35 0000.0000 0000.0000    7 111111 02 0 0 0.25 0 
10  47.261398   11.339333 xxx  81.100  2210 0000.0000 0000.0000  188 111111 03 0 0 0.25 0 
10  47.258522   11.331546 xxx 260.737   208 0000.0000 0000.0000  131 111111 02 0 0 0.25 0 
10  47.261653   11.348281 xxx   1.613   252 0000.0000 0000.0000   47 161161 02 0 0 0.25 0 
10  47.258150   11.345362 xxx  39.292    39 0000.0000 0000.0000   49 111111 01 0 0 0.25 0 
10  47.261735   11.339768 xxx  84.100  1955 0000.0000 0000.0000  200 111111 03 0 0 0.25 0 
10  47.261410   11.335376 xxx  77.454   273 0000.0000 0000.0000  180 111111 03 0 0 0.25 0 
10  47.261154   11.335198 xxx 171.876   331 0000.0000 0000.0000  174 111111 03 0 0 0.25 0 
10  47.261176   11.348234 xxx  10.502    74 0000.0000 0000.0000   47 161161 02 0 0 0.25 0 
10  47.261007   11.348203 xxx   5.602    18 0000.0000 0000.0000   48 111111 01 0 0 0.25 0 
10  47.261291   11.348264 xxx 185.816    15 0000.0000 0000.0000   47 161161 02 0 0 0.25 0 
10  47.262034   11.347078 xxx 180.673    48 0000.0000 0000.0000  131 111111 02 0 0 0.25 0 
10  47.262194   11.348665 xxx  81.252    75 0000.0000 0000.0000   72 111111 02 0 0 0.25 0 
10  47.262216   11.349225 xxx  96.406    78 0000.0000 0000.0000   66 111111 02 0 0 0.25 0 
10  47.262227   11.348947 xxx  80.100    69 0000.0000 0000.0000   73 111111 02 0 0 0.25 0 
10  47.262180   11.348212 xxx  91.532    97 0000.0000 0000.0000   77 111111 02 0 0 0.25 0 
10  47.262289   11.346049 xxx  90.100   200 0000.0000 0000.0000  178 111111 02 0 0 0.25 0 
10  47.262145   11.345534 xxx  82.832    72 0000.0000 0000.0000   68 111111 02 0 0 0.25 0 
10  47.262075   11.345731 xxx 239.471    14 0000.0000 0000.0000   21 111111 02 0 0 0.25 0 
10  47.262049   11.345690 xxx 207.804    16 0000.0000 0000.0000   20 111111 02 0 0 0.25 0 
10  47.262004   11.345672 xxx 183.162    17 0000.0000 0000.0000   19 111111 02 0 0 0.25 0 
10  47.258537   11.331074 xxx 161.559    51 0000.0000 0000.0000   34 111111 02 0 0 0.25 0 
10  47.258438   11.331117 xxx 157.075    28 0000.0000 0000.0000   29 111111 02 0 0 0.25 0 
10  47.258381   11.331150 xxx 150.242    23 0000.0000 0000.0000   26 111111 02 0 0 0.25 0 
10  47.258342   11.331192 xxx 139.401    17 0000.0000 0000.0000   26 111111 02 0 0 0.25 0 
10  47.261165   11.356519 xxx 350.203   115 0000.0000 0000.0000  219 111111 02 0 0 0.25 0 
10  47.261065   11.356147 xxx 245.031    44 0000.0000 0000.0000   65 111111 02 0 0 0.25 0 
10  47.261197   11.356013 xxx 219.226    47 0000.0000 0000.0000   71 111111 02 0 0 0.25 0 
10  47.261256   11.355851 xxx 194.955    43 0000.0000 0000.0000   49 111111 02 0 0 0.25 0 
10  47.261166   11.356934 xxx   6.594    68 0000.0000 0000.0000   39 111111 02 0 0 0.25 0 
10  47.261917   11.356928 xxx 351.493    26 0000.0000 0000.0000   30 111111 02 0 0 0.25 0 
10  47.261287   11.356949 xxx  14.739    28 0000.0000 0000.0000   44 111111 02 0 0 0.25 0 
10  47.261339   11.357006 xxx 170.868    42 0000.0000 0000.0000   59 111111 02 0 0 0.25 0 
10  47.257758   11.339935 xxx 279.709    46 0000.0000 0000.0000   71 161161 01 0 0 0.25 0 
10  47.257783   11.339760 xxx 284.387    48 0000.0000 0000.0000   72 161161 01 0 0 0.25 0 
10  47.258109   11.338815 xxx 304.120   103 0000.0000 0000.0000   78 161161 01 0 0 0.25 0 
10  47.257968   11.339136 xxx 301.330    91 0000.0000 0000.0000   76 161161 01 0 0 0.25 0 
10  47.257876   11.339377 xxx 295.520    55 0000.0000 0000.0000   75 161161 01 0 0 0.25 0 
10  47.257737   11.340321 xxx 270.248    63 0000.0000 0000.0000   70 161161 01 0 0 0.25 0 
10  47.257741   11.340549 xxx 266.625    54 0000.0000 0000.0000   70 161161 01 0 0 0.25 0 
10  47.257822   11.339570 xxx 288.823    58 0000.0000 0000.0000   74 161161 01 0 0 0.25 0 
10  47.257742   11.340109 xxx 274.566    47 0000.0000 0000.0000   70 161161 01 0 0 0.25 0 
10  47.257758   11.340803 xxx 262.698    77 0000.0000 0000.0000   69 161161 01 0 0 0.25 0 
10  47.258062   11.345279 xxx  17.819    44 0000.0000 0000.0000   51 111111 01 0 0 0.25 0 
10  47.258122   11.344835 xxx 104.358    41 0000.0000 0000.0000   37 111111 01 0 0 0.25 0 
10  47.258116   11.344952 xxx 120.444    43 0000.0000 0000.0000   49 111111 01 0 0 0.25 0 
10  47.258043   11.345087 xxx 141.999    50 0000.0000 0000.0000   50 111111 01 0 0 0.25 0 
10  47.259232   11.353361 xxx  81.025   329 0000.0000 0000.0000   91 111111 01 0 0 0.25 0 
10  47.262431   11.364831 xxx 356.656    35 0000.0000 0000.0000   10 111111 02 0 0 0.25 0 
10  47.261265   11.353585 xxx 351.055   491 0000.0000 0000.0000   17 111111 02 0 0 0.25 0 
10  47.261991   11.353432 xxx 350.183    49 0000.0000 0000.0000    7 111111 02 0 0 0.25 0 
10  47.261962   11.353430 xxx 357.165    33 0000.0000 0000.0000    5 111111 02 0 0 0.25 0 
10  47.261965   11.353446 xxx 347.111    30 0000.0000 0000.0000    5 111111 02 0 0 0.25 0 
10  47.262188   11.352571 xxx  80.695   242 0000.0000 0000.0000    7 111111 02 0 0 0.25 0 
10  47.262160   11.353354 xxx 319.597    18 0000.0000 0000.0000    7 111111 02 0 0 0.25 0 
10  47.262239   11.353171 xxx 281.239    19 0000.0000 0000.0000    6 111111 02 0 0 0.25 0 
10  47.262243   11.353098 xxx 267.281    23 0000.0000 0000.0000    7 111111 02 0 0 0.25 0 
10  47.262142   11.352153 xxx 350.900    29 0000.0000 0000.0000    8 111111 02 0 0 0.25 0 
10  47.259065   11.354436 xxx 351.209   395 0000.0000 0000.0000   10 111111 02 0 0 0.25 0 
10  47.258310   11.354392 xxx  57.763    24 0000.0000 0000.0000    8 111111 02 0 0 0.25 0 
10  47.258346   11.354459 xxx  49.409    20 0000.0000 0000.0000    9 111111 02 0 0 0.25 0 
10  47.258381   11.354505 xxx  33.098    17 0000.0000 0000.0000    9 111111 02 0 0 0.25 0 
10  47.258421   11.354538 xxx  25.474    17 0000.0000 0000.0000    9 111111 02 0 0 0.25 0 
10  47.258463   11.354555 xxx   7.136    18 0000.0000 0000.0000    9 111111 02 0 0 0.25 0 
10  47.258509   11.354558 xxx 358.327    17 0000.0000 0000.0000    9 111111 02 0 0 0.25 0 
10  47.258531   11.354551 xxx   6.030    10 0000.0000 0000.0000    3 111111 02 0 0 0.25 0 
10  47.259620   11.354316 xxx   1.809    17 0000.0000 0000.0000   10 111111 02 0 0 0.25 0 
10  47.259666   11.354331 xxx  22.539    22 0000.0000 0000.0000    9 111111 02 0 0 0.25 0 
10  47.259717   11.354376 xxx  36.914    25 0000.0000 0000.0000   10 111111 02 0 0 0.25 0 
10  47.259760   11.354439 xxx  54.102    23 0000.0000 0000.0000    9 111111 02 0 0 0.25 0 
10  47.259785   11.354508 xxx  71.842    19 0000.0000 0000.0000    9 111111 02 0 0 0.25 0 
10  47.259798   11.354613 xxx  83.911    39 0000.0000 0000.0000    9 111111 02 0 0 0.25 0 
10  47.259797   11.354729 xxx 102.849    22 0000.0000 0000.0000    8 111111 02 0 0 0.25 0 
10  47.259781   11.354797 xxx 118.662    17 0000.0000 0000.0000    9 111111 02 0 0 0.25 0 
10  47.259761   11.354845 xxx 124.771    12 0000.0000 0000.0000    9 111111 02 0 0 0.25 0 
10  47.259878   11.355652 xxx 351.437    30 0000.0000 0000.0000   33 111111 02 0 0 0.25 0 
10  47.259888   11.356161 xxx  80.832   643 0000.0000 0000.0000    8 111111 02 0 0 0.25 0 
10  47.259627   11.353447 xxx  11.234    12 0000.0000 0000.0000   10 111111 02 0 0 0.25 0 
10  47.259344   11.335844 xxx 350.720   493 0000.0000 0000.0000   19 111111 02 0 0 0.25 0 
10  47.258510   11.336009 xxx   4.282    30 0000.0000 0000.0000    6 111111 02 0 0 0.25 0 
10  47.258410   11.335963 xxx  33.611    21 0000.0000 0000.0000    7 111111 02 0 0 0.25 0 
10  47.258451   11.335995 xxx 200.650    16 0000.0000 0000.0000    6 111111 02 0 0 0.25 0 
10  47.258626   11.335993 xxx 350.511    56 0000.0000 0000.0000    6 111111 02 0 0 0.25 0 
10  47.258363   11.335906 xxx  43.408    27 0000.0000 0000.0000    8 111111 02 0 0 0.25 0 
10  47.258259   11.335374 xxx  81.456   196 0000.0000 0000.0000    8 111111 02 0 0 0.25 0 
10  47.258229   11.335060 xxx 352.467    43 0000.0000 0000.0000   12 111111 02 0 0 0.25 0 
10  47.258426   11.331981 xxx   1.223    25 0000.0000 0000.0000   11 111111 02 0 0 0.25 0 
10  47.258493   11.331963 xxx 199.612    27 0000.0000 0000.0000   28 111111 02 0 0 0.25 0 
10  47.258573   11.331971 xxx  28.681    39 0000.0000 0000.0000   48 111111 02 0 0 0.25 0 
10  47.258645   11.332041 xxx  42.782    42 0000.0000 0000.0000   48 111111 02 0 0 0.25 0 
10  47.258707   11.332169 xxx 231.737    37 0000.0000 0000.0000   37 111111 02 0 0 0.25 0 
10  47.257767   11.345146 xxx 353.970    28 0000.0000 0000.0000   24 111111 02 0 0 0.25 0 
10  47.257659   11.346331 xxx  81.384   131 0000.0000 0000.0000  126 111111 02 0 0 0.25 0 
10  47.259586   11.353399 xxx  67.957    14 0000.0000 0000.0000   10 111111 02 0 0 0.25 0 
10  47.259603   11.353431 xxx  36.140    12 0000.0000 0000.0000   10 111111 02 0 0 0.25 0 
10  47.259376   11.352976 xxx 131.798    41 0000.0000 0000.0000   51 111111 01 0 0 0.25 0 
10  47.259305   11.353363 xxx  89.736    38 0000.0000 0000.0000   39 111111 01 0 0 0.25 0 
10  47.259311   11.353206 xxx 101.273    36 0000.0000 0000.0000   41 111111 01 0 0 0.25 0 
10  47.259329   11.353088 xxx 116.163    32 0000.0000 0000.0000   45 111111 01 0 0 0.25 0 
10  47.259019   11.352656 xxx  81.212   191 0000.0000 0000.0000   68 111111 01 0 0 0.25 0 
10  47.258405   11.350643 xxx  80.962  1788 0000.0000 0000.0000  292 111111 02 0 0 0.25 0 
10  47.260927   11.348398 xxx  96.444    26 0000.0000 0000.0000   34 111111 01 0 0 0.25 0 
10  47.260958   11.348305 xxx 121.467    24 0000.0000 0000.0000   25 111111 01 0 0 0.25 0 
10  47.262437   11.346128 xxx  84.460   160 0000.0000 0000.0000   78 111111 02 0 0 0.25 0 
10  47.262755   11.348773 xxx  84.136    92 0000.0000 0000.0000   14 111111 02 0 0 0.25 0 
10  47.262570   11.348229 xxx 197.466    62 0000.0000 0000.0000   17 111111 02 0 0 0.25 0 
10  47.262615   11.348629 xxx 181.167    90 0000.0000 0000.0000   17 111111 02 0 0 0.25 0 
10  47.262715   11.350109 xxx   2.180   176 0000.0000 0000.0000   21 111111 02 0 0 0.25 0 
10  47.262702   11.347289 xxx 354.080    42 0000.0000 0000.0000   33 111111 02 0 0 0.25 0 
10  47.262152   11.348484 xxx  68.126    38 0000.0000 0000.0000   61 111111 02 0 0 0.25 0 
10  47.262079   11.348418 xxx  51.716    24 0000.0000 0000.0000   29 111111 02 0 0 0.25 0 
10  47.262034   11.348352 xxx  21.129    31 0000.0000 0000.0000   33 111111 02 0 0 0.25 0 
10  47.262003   11.348253 xxx 337.900    16 0000.0000 0000.0000   33 111111 02 0 0 0.25 0 
10  47.262040   11.348243 xxx 313.340    26 0000.0000 0000.0000   40 111111 02 0 0 0.25 0 
10  47.262069   11.348163 xxx 295.833    22 0000.0000 0000.0000   32 111111 02 0 0 0.25 0 
10  47.258497   11.338032 xxx 126.376   390 0000.0000 0000.0000  107 111111 02 0 0 0.25 0 
10  47.258111   11.338808 xxx 125.092   105 0000.0000 0000.0000  107 111111 02 0 0 0.25 0 
10  47.257965   11.339132 xxx 121.315    95 0000.0000 0000.0000  106 111111 02 0 0 0.25 0 
10  47.257871   11.339375 xxx 115.984    56 0000.0000 0000.0000  105 111111 02 0 0 0.25 0 
10  47.257820   11.339553 xxx 107.856    57 0000.0000 0000.0000  104 111111 02 0 0 0.25 0 
10  47.257781   11.339745 xxx 103.542    51 0000.0000 0000.0000  103 111111 02 0 0 0.25 0 
10  47.257758   11.339922 xxx  98.778    50 0000.0000 0000.0000  102 111111 02 0 0 0.25 0 
10  47.257743   11.340106 xxx  94.950    50 0000.0000 0000.0000  101 111111 02 0 0 0.25 0 
10  47.257738   11.340329 xxx  90.045    71 0000.0000 0000.0000  100 111111 02 0 0 0.25 0 
10  47.257742   11.340574 xxx  85.381    60 0000.0000 0000.0000   98 111111 02 0 0 0.25 0 
10  47.257762   11.340852 xxx  82.656    84 0000.0000 0000.0000   96 111111 02 0 0 0.25 0 
10  47.258937   11.337452 xxx 327.172    35 0000.0000 0000.0000   32 111111 02 0 0 0.25 0 
10  47.259013   11.337396 xxx 341.656    27 0000.0000 0000.0000   32 111111 02 0 0 0.25 0 
10  47.259092   11.337378 xxx   4.127    34 0000.0000 0000.0000   32 111111 02 0 0 0.25 0 
10  47.259158   11.337396 xxx  27.608    26 0000.0000 0000.0000   31 111111 02 0 0 0.25 0 
10  47.259218   11.337448 xxx  40.335    31 0000.0000 0000.0000   32 111111 02 0 0 0.25 0 
10  47.259276   11.337541 xxx  54.591    41 0000.0000 0000.0000   30 111111 02 0 0 0.25 0 
10  47.259107   11.336554 xxx 118.652    40 0000.0000 0000.0000   36 111111 02 0 0 0.25 0 
10  47.259137   11.336434 xxx 109.449    27 0000.0000 0000.0000   29 111111 02 0 0 0.25 0 
10  47.259150   11.336316 xxx 273.311    50 0000.0000 0000.0000   27 111111 02 0 0 0.25 0 
10  47.259853   11.353405 xxx 351.548   158 0000.0000 0000.0000   10 111111 02 0 0 0.25 0 
10  47.259485   11.352964 xxx 146.776    45 0000.0000 0000.0000   37 111111 02 0 0 0.25 0 
10  47.259408   11.353059 xxx 125.613    30 0000.0000 0000.0000   36 111111 02 0 0 0.25 0 
10  47.259372   11.353180 xxx 107.534    37 0000.0000 0000.0000   32 111111 02 0 0 0.25 0 
10  47.259356   11.353328 xxx  86.935    38 0000.0000 0000.0000   33 111111 02 0 0 0.25 0 
10  47.259286   11.353731 xxx  81.127   172 0000.0000 0000.0000  110 111111 02 0 0 0.25 0 
10  47.259088   11.352324 xxx 251.654    19 0000.0000 0000.0000   20 111111 02 0 0 0.25 0 
10  47.259107   11.352392 xxx 246.610    20 0000.0000 0000.0000   19 111111 02 0 0 0.25 0 
10  47.259130   11.352464 xxx 236.649    23 0000.0000 0000.0000   21 111111 02 0 0 0.25 0 
10  47.259168   11.352538 xxx 224.116    23 0000.0000 0000.0000   22 111111 02 0 0 0.25 0 
10  47.259220   11.352592 xxx 199.330    27 0000.0000 0000.0000   23 111111 02 0 0 0.25 0 
10  47.259293   11.352615 xxx 187.933    28 0000.0000 0000.0000   22 111111 02 0 0 0.25 0 
10  47.259351   11.352625 xxx 182.157    31 0000.0000 0000.0000   23 111111 02 0 0 0.25 0 
10  47.259424   11.352629 xxx 180.170    28 0000.0000 0000.0000   23 111111 02 0 0 0.25 0 
10  47.260845   11.352034 xxx 275.086    36 0000.0000 0000.0000   31 111111 02 0 0 0.25 0 
10  47.260826   11.352157 xxx 289.473    25 0000.0000 0000.0000   29 111111 02 0 0 0.25 0 
10  47.260802   11.352232 xxx 302.606    18 0000.0000 0000.0000   29 111111 02 0 0 0.25 0 
10  47.260767   11.352286 xxx 326.864    19 0000.0000 0000.0000   27 111111 02 0 0 0.25 0 
10  47.260715   11.352324 xxx 338.042    22 0000.0000 0000.0000   26 111111 02 0 0 0.25 0 
10  47.260938   11.352863 xxx  73.414    35 0000.0000 0000.0000   31 111111 02 0 0 0.25 0 
10  47.260903   11.352752 xxx  50.673    24 0000.0000 0000.0000   30 111111 02 0 0 0.25 0 
10  47.260856   11.352695 xxx  31.705    21 0000.0000 0000.0000   26 111111 02 0 0 0.25 0 
10  47.260802   11.352665 xxx  12.614    21 0000.0000 0000.0000   24 111111 02 0 0 0.25 0 
10  47.260746   11.352652 xxx   5.056    21 0000.0000 0000.0000   24 111111 02 0 0 0.25 0 
10  47.256284   11.344734 xxx 301.802    40 0000.0000 0000.0000   18 111111 02 0 0 0.25 0 
10  47.256241   11.345028 xxx  84.746    41 0000.0000 0000.0000   17 111111 02 0 0 0.25 0 
10  47.256701   11.345934 xxx  21.344   192 0000.0000 0000.0000  104 111111 02 0 0 0.25 0 
10  47.262467   11.350007 xxx  71.391    99 0000.0000 0000.0000   31 111111 02 0 0 0.25 0 
10  47.258325   11.335707 xxx 170.660    19 0000.0000 0000.0000   14 111111 02 0 0 0.25 0 
10  47.258449   11.340761 xxx  33.254    33 0000.0000 0000.0000   28 111111 02 0 0 0.25 0 
10  47.262719   11.364273 xxx  25.419    51 0000.0000 0000.0000   10 111111 02 0 0 0.25 0 
10  47.262378   11.361404 xxx  24.705    10 0000.0000 0000.0000   13 111111 02 0 0 0.25 0 
10  47.262418   11.361410 xxx   8.912    21 0000.0000 0000.0000    8 111111 02 0 0 0.25 0 
10  47.262417   11.361441 xxx 327.258    19 0000.0000 0000.0000    8 111111 02 0 0 0.25 0 
10  47.262379   11.361469 xxx 297.821    13 0000.0000 0000.0000   16 111111 02 0 0 0.25 0 
10  47.262373   11.361529 xxx 285.662    17 0000.0000 0000.0000    8 111111 02 0 0 0.25 0 
10  47.262357   11.361374 xxx  50.919    14 0000.0000 0000.0000    9 111111 02 0 0 0.25 0 
10  47.262118   11.349673 xxx 261.151    26 0000.0000 0000.0000   10 111111 02 0 0 0.25 0 
10  47.262634   11.346810 xxx  85.621   222 0000.0000 0000.0000   15 111111 02 0 0 0.25 0 
10  47.262567   11.346464 xxx 181.365    33 0000.0000 0000.0000   27 111111 02 0 0 0.25 0 
10  47.261953   11.346828 xxx 271.370     7 0000.0000 0000.0000   36 111111 02 0 0 0.25 0 
10  47.257332   11.348479 xxx 153.574    14 0000.0000 0000.0000   13 111111 02 0 0 0.25 0 
10  47.257298   11.348530 xxx 113.498     6 0000.0000 0000.0000   11 111111 02 0 0 0.25 0 
10  47.257308   11.348505 xxx 135.452     9 0000.0000 0000.0000   12 111111 02 0 0 0.25 0 
10  47.257552   11.348565 xxx 170.377    30 0000.0000 0000.0000   71 111111 02 0 0 0.25 0 
10  47.257590   11.348697 xxx 192.099    54 0000.0000 0000.0000   44 111111 02 0 0 0.25 0 
10  47.257103   11.348103 xxx 240.579    11 0000.0000 0000.0000   13 111111 02 0 0 0.25 0 
10  47.257125   11.348126 xxx 224.402     6 0000.0000 0000.0000    6 111111 02 0 0 0.25 0 
10  47.257142   11.348150 xxx 192.823    11 0000.0000 0000.0000   11 111111 02 0 0 0.25 0 
10  47.257064   11.348378 xxx 139.544    10 0000.0000 0000.0000   19 111111 02 0 0 0.25 0 
10  47.257074   11.348347 xxx 126.677    11 0000.0000 0000.0000   24 111111 02 0 0 0.25 0 
10  47.257080   11.348316 xxx 112.536    11 0000.0000 0000.0000   28 111111 02 0 0 0.25 0 
10  47.257089   11.348268 xxx 110.502    14 0000.0000 0000.0000   31 111111 02 0 0 0.25 0 
10  47.257111   11.348239 xxx 124.678    15 0000.0000 0000.0000   22 111111 02 0 0 0.25 0 
10  47.257146   11.348211 xxx 140.378    13 0000.0000 0000.0000   11 111111 02 0 0 0.25 0 
10  47.256991   11.348104 xxx 277.819    10 0000.0000 0000.0000   16 111111 02 0 0 0.25 0 
10  47.256986   11.348136 xxx 292.696    10 0000.0000 0000.0000   15 111111 02 0 0 0.25 0 
10  47.256972   11.348165 xxx 319.958    13 0000.0000 0000.0000   14 111111 02 0 0 0.25 0 
10  47.257005   11.347016 xxx  81.369   115 0000.0000 0000.0000  115 111111 02 0 0 0.25 0 
10  47.256913   11.346745 xxx 103.846    53 0000.0000 0000.0000   53 111111 02 0 0 0.25 0 
10  47.256809   11.347248 xxx 182.252    62 0000.0000 0000.0000   40 111111 02 0 0 0.25 0 
10  47.256750   11.347249 xxx 106.979    35 0000.0000 0000.0000   29 111111 02 0 0 0.25 0 
10  47.256679   11.347896 xxx 171.269    80 0000.0000 0000.0000   20 111111 02 0 0 0.25 0 
10  47.256839   11.346244 xxx  53.190    31 0000.0000 0000.0000   35 111111 02 0 0 0.25 0 
10  47.257156   11.345910 xxx 260.869   383 0000.0000 0000.0000  270 111111 02 0 0 0.25 0 
10  47.256786   11.346164 xxx  39.174    34 0000.0000 0000.0000   33 111111 02 0 0 0.25 0 
10  47.256578   11.344575 xxx 125.407   152 0000.0000 0000.0000  149 111111 02 0 0 0.25 0 
10  47.256620   11.344292 xxx 172.142    54 0000.0000 0000.0000   78 111111 02 0 0 0.25 0 
10  47.256246   11.344875 xxx  99.959    41 0000.0000 0000.0000   18 111111 02 0 0 0.25 0 
10  47.256409   11.345908 xxx  47.798    28 0000.0000 0000.0000   29 111111 02 0 0 0.25 0 
10  47.257104   11.349272 xxx 350.570    55 0000.0000 0000.0000   12 111111 02 0 0 0.25 0 
10  47.256991   11.349269 xxx  19.234    36 0000.0000 0000.0000   11 111111 02 0 0 0.25 0 
10  47.257085   11.349632 xxx  80.734   136 0000.0000 0000.0000  197 111111 02 0 0 0.25 0 
10  47.257248   11.350036 xxx  35.768   254 0000.0000 0000.0000  144 111111 02 0 0 0.25 0 
10  47.257565   11.348765 xxx 227.078    17 0000.0000 0000.0000   19 111111 02 0 0 0.25 0 
10  47.257591   11.348799 xxx 259.919    17 0000.0000 0000.0000   23 111111 02 0 0 0.25 0 
10  47.257601   11.348852 xxx 296.991    21 0000.0000 0000.0000   26 111111 02 0 0 0.25 0 
10  47.257563   11.348902 xxx 324.847    19 0000.0000 0000.0000   18 111111 02 0 0 0.25 0 
10  47.257497   11.348518 xxx 306.503     7 0000.0000 0000.0000   12 111111 02 0 0 0.25 0 
10  47.257513   11.348499 xxx 266.150    12 0000.0000 0000.0000   17 111111 02 0 0 0.25 0 
10  47.257509   11.348474 xxx 229.923    13 0000.0000 0000.0000   12 111111 02 0 0 0.25 0 
10  47.257475   11.348450 xxx 182.101    14 0000.0000 0000.0000    9 111111 02 0 0 0.25 0 
10  47.257515   11.348291 xxx  79.766    37 0000.0000 0000.0000   30 111111 02 0 0 0.25 0 
10  47.257479   11.348017 xxx 284.452    12 0000.0000 0000.0000   19 111111 02 0 0 0.25 0 
10  47.257470   11.348053 xxx 306.628    14 0000.0000 0000.0000   18 111111 02 0 0 0.25 0 
10  47.257441   11.348079 xxx 333.552    15 0000.0000 0000.0000   13 111111 02 0 0 0.25 0 
10  47.257495   11.348197 xxx  79.642    12 0000.0000 0000.0000   15 111111 02 0 0 0.25 0 
10  47.257492   11.348160 xxx  56.417    12 0000.0000 0000.0000   17 111111 02 0 0 0.25 0 
10  47.257472   11.348141 xxx  25.984    13 0000.0000 0000.0000   10 111111 02 0 0 0.25 0 
10  47.257446   11.348128 xxx   3.860    13 0000.0000 0000.0000   10 111111 02 0 0 0.25 0 
10  47.257225   11.348253 xxx  44.634    43 0000.0000 0000.0000    3 111111 02 0 0 0.25 0 
10  47.257291   11.348366 xxx  80.250    22 0000.0000 0000.0000    3 111111 02 0 0 0.25 0 
10  47.257353   11.348352 xxx  80.361    22 0000.0000 0000.0000    3 111111 02 0 0 0.25 0 
10  47.256841   11.349466 xxx 170.671    71 0000.0000 0000.0000   52 111111 02 0 0 0.25 0 
10  47.257503   11.353063 xxx 170.457   107 0000.0000 0000.0000  101 111111 02 0 0 0.25 0 
10  47.258229   11.353823 xxx  75.336   132 0000.0000 0000.0000   83 111111 02 0 0 0.25 0 
10  47.257676   11.353127 xxx  14.960     6 0000.0000 0000.0000    8 111111 02 0 0 0.25 0 
10  47.257660   11.353116 xxx  40.846     6 0000.0000 0000.0000    8 111111 02 0 0 0.25 0 
10  47.257651   11.353100 xxx  57.590     8 0000.0000 0000.0000    7 111111 02 0 0 0.25 0 
10  47.257691   11.353061 xxx  80.518    28 0000.0000 0000.0000    6 111111 02 0 0 0.25 0 
10  47.257676   11.353341 xxx  87.478    44 0000.0000 0000.0000    8 111111 02 0 0 0.25 0 
10  47.258314   11.354170 xxx  80.647    69 0000.0000 0000.0000   57 111111 02 0 0 0.25 0 
10  47.258297   11.354327 xxx  71.323    12 0000.0000 0000.0000   14 111111 02 0 0 0.25 0 
10  47.256697   11.349755 xxx 304.517    31 0000.0000 0000.0000   28 111111 01 0 0 0.25 0 
10  47.256836   11.350177 xxx 290.633    39 0000.0000 0000.0000   31 111111 01 0 0 0.25 0 
10  47.256600   11.350374 xxx 170.633    85 0000.0000 0000.0000   28 111111 01 0 0 0.25 0 
10  47.256765   11.350776 xxx  80.531   179 0000.0000 0000.0000   35 111111 01 0 0 0.25 0 
10  47.256671   11.351244 xxx 170.300   132 0000.0000 0000.0000   29 111111 01 0 0 0.25 0 
10  47.257116   11.353398 xxx 260.674   162 0000.0000 0000.0000   27 111111 01 0 0 0.25 0 
10  47.256921   11.353103 xxx   1.447   102 0000.0000 0000.0000   27 111111 01 0 0 0.25 0 
10  47.257072   11.353207 xxx  60.606    14 0000.0000 0000.0000   16 111111 01 0 0 0.25 0 
10  47.257051   11.353164 xxx  44.289    10 0000.0000 0000.0000   16 111111 01 0 0 0.25 0 
10  47.257028   11.353139 xxx  26.599    12 0000.0000 0000.0000   16 111111 01 0 0 0.25 0 
10  47.256876   11.353057 xxx 330.384    16 0000.0000 0000.0000   19 111111 01 0 0 0.25 0 
10  47.256926   11.352955 xxx 282.069    20 0000.0000 0000.0000   19 111111 01 0 0 0.25 0 
10  47.256907   11.353022 xxx 311.146    19 0000.0000 0000.0000   19 111111 01 0 0 0.25 0 
10  47.257071   11.352884 xxx  92.583    25 0000.0000 0000.0000   14 111111 01 0 0 0.25 0 
10  47.256984   11.352947 xxx 240.976    14 0000.0000 0000.0000   15 111111 01 0 0 0.25 0 
10  47.257004   11.352987 xxx 204.787    11 0000.0000 0000.0000   16 111111 01 0 0 0.25 0 
10  47.257030   11.352995 xxx 169.565     9 0000.0000 0000.0000   16 111111 01 0 0 0.25 0 
10  47.257050   11.352986 xxx 133.815    12 0000.0000 0000.0000   15 111111 01 0 0 0.25 0 
10  47.257066   11.352955 xxx 102.880    12 0000.0000 0000.0000   14 111111 01 0 0 0.25 0 
10  47.256839   11.353448 xxx 178.927   182 0000.0000 0000.0000   12 111111 01 0 0 0.25 0 
10  47.257178   11.353763 xxx  55.948    39 0000.0000 0000.0000   27 111111 01 0 0 0.25 0 
10  47.256844   11.349899 xxx 171.339    26 0000.0000 0000.0000   16 111111 01 0 0 0.25 0 
10  47.255990   11.349531 xxx 133.556    12 0000.0000 0000.0000   12 111111 01 0 0 0.25 0 
10  47.256504   11.349571 xxx  58.936   144 0000.0000 0000.0000   13 111111 01 0 0 0.25 0 
10  47.256490   11.349736 xxx 142.654    43 0000.0000 0000.0000   15 111111 01 0 0 0.25 0 
10  47.256066   11.350102 xxx 140.473   403 0000.0000 0000.0000   12 111111 01 0 0 0.25 0 
10  47.256093   11.349848 xxx 140.577   322 0000.0000 0000.0000   11 111111 01 0 0 0.25 0 
10  47.256486   11.349775 xxx 348.847    17 0000.0000 0000.0000   10 111111 01 0 0 0.25 0 
10  47.256584   11.349869 xxx  81.709    17 0000.0000 0000.0000   24 111111 01 0 0 0.25 0 
10  47.256574   11.349806 xxx  58.707    14 0000.0000 0000.0000   25 111111 01 0 0 0.25 0 
10  47.256552   11.349774 xxx  39.680    13 0000.0000 0000.0000   22 111111 01 0 0 0.25 0 
10  47.256527   11.349751 xxx  14.056    17 0000.0000 0000.0000   21 111111 01 0 0 0.25 0 
10  47.256545   11.349782 xxx 358.047     9 0000.0000 0000.0000   10 111111 01 0 0 0.25 0 
10  47.256304   11.352993 xxx  88.279    30 0000.0000 0000.0000   18 111111 01 0 0 0.25 0 
10  47.255864   11.353153 xxx 166.169    82 0000.0000 0000.0000   20 111111 01 0 0 0.25 0 
10  47.256223   11.353178 xxx  89.733    17 0000.0000 0000.0000   12 111111 01 0 0 0.25 0 
10  47.256421   11.353356 xxx 244.392    79 0000.0000 0000.0000   44 111111 01 0 0 0.25 0 
10  47.256461   11.353659 xxx 180.530    77 0000.0000 0000.0000   39 111111 01 0 0 0.25 0 
10  47.256454   11.353732 xxx 149.283    29 0000.0000 0000.0000   15 111111 01 0 0 0.25 0 
10  47.255988   11.353604 xxx 180.245    75 0000.0000 0000.0000  100 111111 01 0 0 0.25 0 
10  47.256054   11.353461 xxx  91.924   166 0000.0000 0000.0000   34 111111 01 0 0 0.25 0 
10  47.256125   11.353202 xxx 188.921    26 0000.0000 0000.0000   32 111111 01 0 0 0.25 0 
10  47.256114   11.353373 xxx 188.997    20 0000.0000 0000.0000   28 111111 01 0 0 0.25 0 
10  47.256097   11.353541 xxx 189.301    17 0000.0000 0000.0000   36 111111 01 0 0 0.25 0 
10  47.256029   11.353344 xxx  76.808   107 0000.0000 0000.0000   25 111111 01 0 0 0.25 0 
10  47.255883   11.352601 xxx  36.177    14 0000.0000 0000.0000    9 111111 01 0 0 0.25 0 
10  47.255914   11.352642 xxx   8.167    20 0000.0000 0000.0000   19 111111 01 0 0 0.25 0 
10  47.255942   11.352861 xxx  76.193   117 0000.0000 0000.0000   18 111111 01 0 0 0.25 0 
10  47.256034   11.352854 xxx 182.014    61 0000.0000 0000.0000    9 111111 01 0 0 0.25 0 
10  47.256019   11.352914 xxx 139.823    42 0000.0000 0000.0000    9 111111 01 0 0 0.25 0 
10  47.255950   11.352631 xxx 352.298    15 0000.0000 0000.0000   10 111111 01 0 0 0.25 0 
10  47.256136   11.352158 xxx  40.270    44 0000.0000 0000.0000    4 111111 02 0 0 0.25 0 
10  47.256183   11.352236 xxx  80.185    12 0000.0000 0000.0000    4 111111 02 0 0 0.25 0 
10  47.256239   11.351806 xxx  80.973    55 0000.0000 0000.0000   55 111111 02 0 0 0.25 0 
10  47.255895   11.351541 xxx  38.442    59 0000.0000 0000.0000   12 111111 01 0 0 0.25 0 
10  47.255825   11.351577 xxx 331.569    12 0000.0000 0000.0000   12 111111 01 0 0 0.25 0 
10  47.255851   11.351543 xxx 348.349    14 0000.0000 0000.0000   21 111111 01 0 0 0.25 0 
10  47.255886   11.351552 xxx   3.710    14 0000.0000 0000.0000   13 111111 01 0 0 0.25 0 
10  47.255945   11.353917 xxx 108.265    73 0000.0000 0000.0000    8 111111 01 0 0 0.25 0 
10  47.256455   11.352809 xxx  67.945    27 0000.0000 0000.0000   25 111111 01 0 0 0.25 0 
10  47.256467   11.352899 xxx  88.444    29 0000.0000 0000.0000   25 111111 01 0 0 0.25 0 
10  47.256565   11.352916 xxx 271.325    27 0000.0000 0000.0000   19 111111 01 0 0 0.25 0 
10  47.256562   11.353007 xxx 283.820    25 0000.0000 0000.0000   24 111111 01 0 0 0.25 0 
10  47.256633   11.353056 xxx   8.930    26 0000.0000 0000.0000   24 111111 01 0 0 0.25 0 
10  47.256595   11.353051 xxx 347.121    28 0000.0000 0000.0000   25 111111 01 0 0 0.25 0 
10  47.257188   11.353453 xxx  85.004    20 0000.0000 0000.0000   20 111111 02 0 0 0.25 0 
10  47.257196   11.353394 xxx 115.254    12 0000.0000 0000.0000   14 111111 02 0 0 0.25 0 
10  47.257210   11.353344 xxx 135.697    16 0000.0000 0000.0000   19 111111 02 0 0 0.25 0 
10  47.257207   11.353235 xxx 196.098    16 0000.0000 0000.0000   25 111111 02 0 0 0.25 0 
10  47.257166   11.353210 xxx 221.805    27 0000.0000 0000.0000   27 111111 02 0 0 0.25 0 
10  47.257298   11.353159 xxx  80.312    32 0000.0000 0000.0000   24 111111 02 0 0 0.25 0 
10  47.257275   11.353186 xxx 301.592    12 0000.0000 0000.0000   15 111111 02 0 0 0.25 0 
10  47.257251   11.353223 xxx 168.613    17 0000.0000 0000.0000   15 111111 02 0 0 0.25 0 
10  47.257560   11.352679 xxx 260.251    30 0000.0000 0000.0000   49 111111 02 0 0 0.25 0 
10  47.257489   11.352475 xxx 170.770    96 0000.0000 0000.0000  100 111111 02 0 0 0.25 0 
10  47.257346   11.352574 xxx 350.152    48 0000.0000 0000.0000   69 111111 02 0 0 0.25 0 
10  47.257251   11.352660 xxx 169.899    36 0000.0000 0000.0000   39 111111 02 0 0 0.25 0 
10  47.257479   11.352241 xxx 170.781    45 0000.0000 0000.0000   48 111111 02 0 0 0.25 0 
10  47.257191   11.350323 xxx 124.838    30 0000.0000 0000.0000   14 111111 02 0 0 0.25 0 
10  47.257335   11.350615 xxx  55.965    62 0000.0000 0000.0000   65 111111 02 0 0 0.25 0 
10  47.257280   11.350495 xxx 128.080    65 0000.0000 0000.0000   53 111111 02 0 0 0.25 0 
10  47.257401   11.350759 xxx  71.000    66 0000.0000 0000.0000   56 111111 02 0 0 0.25 0 
10  47.257465   11.351995 xxx 107.764    67 0000.0000 0000.0000   52 111111 02 0 0 0.25 0 
10  47.257295   11.352410 xxx 126.667   171 0000.0000 0000.0000   51 111111 02 0 0 0.25 0 
10  47.257499   11.351803 xxx 266.844    41 0000.0000 0000.0000   38 111111 02 0 0 0.25 0 
10  47.257497   11.351947 xxx  99.265    43 0000.0000 0000.0000   39 111111 02 0 0 0.25 0 
10  47.256742   11.351987 xxx  81.091   386 0000.0000 0000.0000  182 111111 02 0 0 0.25 0 
10  47.256772   11.352879 xxx  80.787    87 0000.0000 0000.0000  126 111111 02 0 0 0.25 0 
10  47.256504   11.348672 xxx  22.164    25 0000.0000 0000.0000    9 111111 02 0 0 0.25 0 
10  47.256582   11.348689 xxx 359.540    39 0000.0000 0000.0000    8 111111 02 0 0 0.25 0 
10  47.256357   11.349139 xxx  30.189    60 0000.0000 0000.0000    8 111111 02 0 0 0.25 0 
10  47.256571   11.349299 xxx  25.255   118 0000.0000 0000.0000    8 111111 02 0 0 0.25 0 
10  47.256671   11.348654 xxx  80.929    35 0000.0000 0000.0000   26 111111 02 0 0 0.25 0 
10  47.256801   11.349412 xxx   3.775    21 0000.0000 0000.0000   26 111111 02 0 0 0.25 0 
10  47.256746   11.349377 xxx  48.326    21 0000.0000 0000.0000   22 111111 02 0 0 0.25 0 
10  47.256660   11.349001 xxx  81.144   161 0000.0000 0000.0000   60 111111 02 0 0 0.25 0 
10  47.256699   11.349318 xxx  24.067    40 0000.0000 0000.0000   26 111111 02 0 0 0.25 0 
10  47.256719   11.349704 xxx  94.965    29 0000.0000 0000.0000   26 111111 01 0 0 0.25 0 
10  47.256757   11.349664 xxx  88.504    16 0000.0000 0000.0000   20 111111 01 0 0 0.25 0 
10  47.259810   11.355214 xxx 170.311    19 0000.0000 0000.0000   11 111111 02 0 0 0.25 0 
10  47.256687   11.348490 xxx 322.525    13 0000.0000 0000.0000   13 111111 01 0 0 0.25 0 
10  47.256666   11.348519 xxx 306.036    11 0000.0000 0000.0000   13 111111 01 0 0 0.25 0 
10  47.256654   11.348552 xxx 287.139    12 0000.0000 0000.0000   12 111111 01 0 0 0.25 0 
10  47.256651   11.348252 xxx  23.293    12 0000.0000 0000.0000   15 111111 01 0 0 0.25 0 
10  47.256629   11.348234 xxx  40.785    10 0000.0000 0000.0000   14 111111 01 0 0 0.25 0 
10  47.256612   11.348205 xxx  57.543    12 0000.0000 0000.0000   14 111111 01 0 0 0.25 0 
10  47.256595   11.348003 xxx  81.309    85 0000.0000 0000.0000   32 111111 02 0 0 0.25 0 
10  47.255962   11.351424 xxx 352.879    86 0000.0000 0000.0000    7 111111 01 0 0 0.25 0 
10  47.256001   11.351087 xxx  25.531    31 0000.0000 0000.0000   10 111111 01 0 0 0.25 0 
10  47.256162   11.351613 xxx 217.380    41 0000.0000 0000.0000   20 111111 01 0 0 0.25 0 
10  47.257102   11.352404 xxx 171.255    19 0000.0000 0000.0000    8 111111 01 0 0 0.25 0 
10  47.257178   11.352347 xxx 127.853    56 0000.0000 0000.0000   30 111111 01 0 0 0.25 0 
10  47.257197   11.352228 xxx 309.017    91 0000.0000 0000.0000   36 111111 01 0 0 0.25 0 
10  47.257079   11.351370 xxx  80.575   422 0000.0000 0000.0000   51 111111 01 0 0 0.25 0 
10  47.257044   11.351583 xxx 170.613    38 0000.0000 0000.0000   27 111111 01 0 0 0.25 0 
10  47.261922   11.345144 xxx  81.100   842 0000.0000 0000.0000  101 111111 03 0 0 0.25 0 
10  47.261986   11.343782 xxx 132.200   190 0000.0000 0000.0000  108 111111 03 0 0 0.25 0 
10  47.261978   11.344226 xxx  87.200   190 0000.0000 0000.0000  108 111111 03 0 0 0.25 0 
10  47.262115   11.343894 xxx 108.200   124 0000.0000 0000.0000   36 111111 03 0 0 0.25 0 
10  47.262085   11.344104 xxx  93.200    91 0000.0000 0000.0000   36 111111 03 0 0 0.25 0 
10  47.262181   11.343779 xxx 117.200    52 0000.0000 0000.0000   10 111111 03 0 0 0.25 0 
10  47.262193   11.345164 xxx 263.159   125 0000.0000 0000.0000   12 111111 02 0 0 0.25 0 
10  47.262145   11.345173 xxx  98.587   126 0000.0000 0000.0000   11 111111 02 0 0 0.25 0 
10  47.262168   11.345324 xxx  86.811    38 0000.0000 0000.0000   23 111111 02 0 0 0.25 0 
10  47.262169   11.345170 xxx  93.540    43 0000.0000 0000.0000   16 111111 02 0 0 0.25 0 
10  47.259784   11.333035 xxx 154.704    36 0000.0000 0000.0000   53 111111 03 0 0 0.25 0 
10  47.259528   11.333336 xxx 138.801   221 0000.0000 0000.0000   51 111111 03 0 0 0.25 0 
10  47.260118   11.332933 xxx 170.249   233 0000.0000 0000.0000   50 111111 03 0 0 0.25 0 
10  47.259407   11.333394 xxx 162.168    17 0000.0000 0000.0000   21 111111 03 0 0 0.25 0 
10  47.259359   11.333403 xxx 194.542    19 0000.0000 0000.0000   22 111111 03 0 0 0.25 0 
10  47.259380   11.333685 xxx 103.840    20 0000.0000 0000.0000   17 111111 03 0 0 0.25 0 
10  47.259394   11.333623 xxx 113.929    14 0000.0000 0000.0000   16 111111 03 0 0 0.25 0 
10  47.260924   11.340566 xxx 260.957  3609 0000.0000 0000.0000  254 111111 03 0 0 0.25 0 
10  47.261616   11.347705 xxx   7.661   177 0000.0000 0000.0000   83 111111 03 0 0 0.25 0 
10  47.261895   11.347772 xxx 356.877    47 0000.0000 0000.0000   70 111111 03 0 0 0.25 0 
10  47.262014   11.347750 xxx 350.643    52 0000.0000 0000.0000   71 111111 03 0 0 0.25 0 
10  47.258671   11.332355 xxx 171.083    30 0000.0000 0000.0000   24 111111 02 0 0 0.25 0 
10  47.259250   11.332222 xxx 351.252    35 0000.0000 0000.0000   24 111111 02 0 0 0.25 0 
10  47.262505   11.350467 xxx  87.192    86 0000.0000 0000.0000   26 111111 02 0 0 0.25 0 
10  47.262482   11.347745 xxx  91.299   240 0000.0000 0000.0000   36 111111 02 0 0 0.25 0 
10  47.262328   11.347337 xxx   1.416   108 0000.0000 0000.0000   30 111111 02 0 0 0.25 0 
10  47.262291   11.347446 xxx   1.722    84 0000.0000 0000.0000   63 111111 02 0 0 0.25 0 
10  47.262062   11.345007 xxx  82.302   210 0000.0000 0000.0000   82 111111 03 0 0 0.25 0 
10  47.257778   11.347072 xxx 238.072    19 0000.0000 0000.0000   18 111111 02 0 0 0.25 0 
10  47.257852   11.347144 xxx 191.916    19 0000.0000 0000.0000   15 111111 02 0 0 0.25 0 
10  47.257807   11.347119 xxx 217.710    22 0000.0000 0000.0000   16 111111 02 0 0 0.25 0 
10  47.260768   11.352479 xxx 170.783    47 0000.0000 0000.0000   78 161161 01 0 0 0.25 0 
10  47.257267   11.342658 xxx  80.543   237 0000.0000 0000.0000   14 111111 02 0 0 0.25 0 
10  47.257731   11.337621 xxx  15.544    14 0000.0000 0000.0000   24 111111 02 0 0 0.25 0 
10  47.257756   11.337655 xxx  46.570    17 0000.0000 0000.0000   15 111111 02 0 0 0.25 0 
10  47.257700   11.337633 xxx 352.738    15 0000.0000 0000.0000   14 111111 02 0 0 0.25 0 
10  47.257804   11.338173 xxx  82.482   110 0000.0000 0000.0000   12 111111 02 0 0 0.25 0 
10  47.257862   11.338662 xxx  78.396   137 0000.0000 0000.0000   12 111111 02 0 0 0.25 0 
10  47.257885   11.338939 xxx  97.456    23 0000.0000 0000.0000   16 111111 02 0 0 0.25 0 
10  47.257893   11.338800 xxx  47.053     8 0000.0000 0000.0000    9 111111 02 0 0 0.25 0 
10  47.257932   11.338815 xxx 341.898     7 0000.0000 0000.0000    7 111111 02 0 0 0.25 0 
10  47.257909   11.338830 xxx  26.736     9 0000.0000 0000.0000   14 111111 02 0 0 0.25 0 
10  47.257891   11.338866 xxx  91.222    18 0000.0000 0000.0000   17 111111 02 0 0 0.25 0 
10  47.263106   11.361259 xxx 305.295    18 0000.0000 0000.0000    9 111111 02 0 0 0.25 0 
10  47.263224   11.361165 xxx 240.867    16 0000.0000 0000.0000   22 111111 02 0 0 0.25 0 
10  47.263261   11.361199 xxx  41.355    16 0000.0000 0000.0000   11 111111 02 0 0 0.25 0 
10  47.263218   11.361143 xxx 123.888     8 0000.0000 0000.0000    9 111111 02 0 0 0.25 0 
10  47.262669   11.364224 xxx  42.185     9 0000.0000 0000.0000    6 111111 02 0 0 0.25 0 
10  47.261962   11.364931 xxx  82.923    21 0000.0000 0000.0000   36 111111 02 0 0 0.25 0 
10  47.261813   11.364426 xxx  81.539   217 0000.0000 0000.0000  106 111111 02 0 0 0.25 0 
10  47.262032   11.364295 xxx 171.623    73 0000.0000 0000.0000   26 111111 02 0 0 0.25 0 
10  47.262092   11.364559 xxx  81.890   132 0000.0000 0000.0000   52 111111 02 0 0 0.25 0 
10  47.262827   11.364446 xxx  60.105    15 0000.0000 0000.0000   18 111111 02 0 0 0.25 0 
10  47.262849   11.364482 xxx  19.140    21 0000.0000 0000.0000   12 111111 02 0 0 0.25 0 
10  47.262814   11.364379 xxx  90.475    28 0000.0000 0000.0000   14 111111 02 0 0 0.25 0 
10  47.256581   11.353589 xxx 114.878    72 0000.0000 0000.0000   21 111111 01 0 0 0.25 0 
10  47.256330   11.345641 xxx 315.598     9 0000.0000 0000.0000   11 111111 02 0 0 0.25 0 
10  47.256312   11.345623 xxx 281.376     7 0000.0000 0000.0000   11 111111 02 0 0 0.25 0 
10  47.256305   11.345488 xxx 150.730     9 0000.0000 0000.0000   14 111111 02 0 0 0.25 0 
10  47.256366   11.345534 xxx 274.882     7 0000.0000 0000.0000   19 111111 02 0 0 0.25 0 
10  47.256326   11.345529 xxx 115.464    10 0000.0000 0000.0000   22 111111 02 0 0 0.25 0 
10  47.256314   11.344715 xxx 236.694     7 0000.0000 0000.0000   10 111111 02 0 0 0.25 0 
10  47.256335   11.344700 xxx  86.504     7 0000.0000 0000.0000   13 111111 02 0 0 0.25 0 
10  47.256797   11.349983 xxx  70.042    19 0000.0000 0000.0000   27 111111 01 0 0 0.25 0 
10  47.256701   11.350142 xxx  53.751    37 0000.0000 0000.0000   32 111111 01 0 0 0.25 0 
10  47.256034   11.352874 xxx  73.293    10 0000.0000 0000.0000   15 111111 01 0 0 0.25 0 
10  47.256036   11.352842 xxx 182.874    36 0000.0000 0000.0000   14 111111 01 0 0 0.25 0 
10  47.256018   11.353025 xxx  23.293    11 0000.0000 0000.0000    9 111111 01 0 0 0.25 0 
10  47.255995   11.353009 xxx  41.925     8 0000.0000 0000.0000   10 111111 01 0 0 0.25 0 
10  47.255973   11.352958 xxx  67.613    24 0000.0000 0000.0000   11 111111 01 0 0 0.25 0 
10  47.255923   11.352915 xxx 166.133    14 0000.0000 0000.0000   67 111111 01 0 0 0.25 0 
10  47.258038   11.353002 xxx 284.704     6 0000.0000 0000.0000    7 111111 02 0 0 0.25 0 
10  47.258033   11.353028 xxx 306.634     6 0000.0000 0000.0000    9 111111 02 0 0 0.25 0 
10  47.258018   11.353045 xxx 338.647     6 0000.0000 0000.0000    8 111111 02 0 0 0.25 0 
10  47.257978   11.352444 xxx  63.354     8 0000.0000 0000.0000    8 111111 02 0 0 0.25 0 
10  47.257972   11.352424 xxx  37.349     8 0000.0000 0000.0000    9 111111 02 0 0 0.25 0 
10  47.257953   11.352409 xxx  11.703    12 0000.0000 0000.0000    9 111111 02 0 0 0.25 0 
10  47.257394   11.354586 xxx 350.478    67 0000.0000 0000.0000   80 111111 02 0 0 0.25 0 
10  47.257341   11.354263 xxx  79.591   106 0000.0000 0000.0000   48 111111 02 0 0 0.25 0 
10  47.257283   11.353970 xxx  90.534    71 0000.0000 0000.0000   25 111111 02 0 0 0.25 0 
10  47.256704   11.349573 xxx 263.049    52 0000.0000 0000.0000   17 111111 01 0 0 0.25 0 
10  47.256707   11.349451 xxx 299.480    22 0000.0000 0000.0000   16 111111 01 0 0 0.25 0 
10  47.256685   11.349415 xxx 253.331    29 0000.0000 0000.0000   17 111111 02 0 0 0.25 0 
10  47.256546   11.347617 xxx 277.917    12 0000.0000 0000.0000   12 111111 01 0 0 0.25 0 
10  47.256557   11.347568 xxx 279.318    14 0000.0000 0000.0000    8 111111 01 0 0 0.25 0 
10  47.256541   11.347667 xxx 265.084    15 0000.0000 0000.0000   15 111111 01 0 0 0.25 0 
10  47.256553   11.347758 xxx 255.994    41 0000.0000 0000.0000   15 111111 01 0 0 0.25 0 
10  47.256545   11.347830 xxx 241.196    12 0000.0000 0000.0000   15 111111 01 0 0 0.25 0 
10  47.256490   11.347802 xxx 164.325    10 0000.0000 0000.0000   12 111111 01 0 0 0.25 0 
10  47.256525   11.347764 xxx 195.236    23 0000.0000 0000.0000   29 111111 01 0 0 0.25 0 
10  47.256587   11.348290 xxx  81.133   214 0000.0000 0000.0000   18 111111 02 0 0 0.25 0 
10  47.256616   11.348571 xxx  88.749    59 0000.0000 0000.0000   21 111111 02 0 0 0.25 0 
10  47.256588   11.343920 xxx 305.534   582 0000.0000 0000.0000   12 111111 01 0 0 0.25 0 
10  47.256105   11.344847 xxx  15.241    12 0000.0000 0000.0000    6 111111 01 0 0 0.25 0 
10  47.256823   11.340607 xxx 322.974    38 0000.0000 0000.0000   17 111111 01 0 0 0.25 0 
10  47.256506   11.347195 xxx 204.146    99 0000.0000 0000.0000   58 111111 01 0 0 0.25 0 
10  47.260139   11.353466 xxx 257.091    11 0000.0000 0000.0000   52 111111 02 0 0 0.25 0 
10  47.260155   11.353393 xxx  51.672    33 0000.0000 0000.0000   20 111111 02 0 0 0.25 0 
10  47.258310   11.354319 xxx 103.306     9 0000.0000 0000.0000   10 111111 02 0 0 0.25 0 
10  47.258309   11.354350 xxx  84.402     8 0000.0000 0000.0000    9 111111 02 0 0 0.25 0 
10  47.258319   11.354395 xxx  69.290    16 0000.0000 0000.0000    8 111111 02 0 0 0.25 0 
10  47.259750   11.354875 xxx 105.768     7 0000.0000 0000.0000    8 111111 02 0 0 0.25 0 
10  47.259807   11.354906 xxx 170.617    33 0000.0000 0000.0000   19 111111 02 0 0 0.25 0 
10  47.259801   11.355093 xxx 170.094    16 0000.0000 0000.0000   11 111111 02 0 0 0.25 0 
10  47.262639   11.364781 xxx 146.730    19 0000.0000 0000.0000   10 111111 02 0 0 0.25 0 
10  47.262751   11.364759 xxx  28.784    17 0000.0000 0000.0000   11 111111 02 0 0 0.25 0 
10  47.262665   11.364299 xxx 106.041     6 0000.0000 0000.0000    6 111111 02 0 0 0.25 0 
10  47.262668   11.364277 xxx 311.847     8 0000.0000 0000.0000    8 111111 02 0 0 0.25 0 
10  47.262681   11.364262 xxx 353.404     9 0000.0000 0000.0000    8 111111 02 0 0 0.25 0 
10  47.262657   11.364204 xxx  58.113     8 0000.0000 0000.0000    5 111111 02 0 0 0.25 0 
10  47.263143   11.361178 xxx 285.272    34 0000.0000 0000.0000   18 111111 02 0 0 0.25 0 
10  47.263184   11.361177 xxx  46.732    14 0000.0000 0000.0000   14 111111 02 0 0 0.25 0 
10  47.263145   11.361064 xxx 272.557    25 0000.0000 0000.0000    9 111111 02 0 0 0.25 0 
10  47.262122   11.349492 xxx 275.676    67 0000.0000 0000.0000   11 111111 02 0 0 0.25 0 
10  47.258332   11.346862 xxx  96.335    33 0000.0000 0000.0000   25 111111 01 0 0 0.25 0 
10  47.258313   11.346975 xxx 114.500    29 0000.0000 0000.0000   24 111111 01 0 0 0.25 0 
10  47.258276   11.347045 xxx 148.701    37 0000.0000 0000.0000   19 111111 01 0 0 0.25 0 
10  47.258309   11.346843 xxx  99.506    41 0000.0000 0000.0000   46 111111 02 0 0 0.25 0 
10  47.258278   11.346983 xxx 124.869    40 0000.0000 0000.0000   45 111111 02 0 0 0.25 0 
10  47.258213   11.347091 xxx 143.033    34 0000.0000 0000.0000   45 111111 02 0 0 0.25 0 
10  47.258378   11.346668 xxx  81.081  2845 0000.0000 0000.0000   94 111111 02 0 0 0.25 0 
10  47.258152   11.340872 xxx 343.071   213 0000.0000 0000.0000    8 111111 02 0 0 0.25 0 
10  47.260086   11.352640 xxx 170.744   457 0000.0000 0000.0000  104 111111 02 0 0 0.25 0 
10  47.259560   11.353152 xxx  82.551   114 0000.0000 0000.0000   10 111111 02 0 0 0.25 0 
10  47.257773   11.353061 xxx  97.728     6 0000.0000 0000.0000    7 111111 02 0 0 0.25 0 
10  47.257760   11.353107 xxx 133.561     6 0000.0000 0000.0000    7 111111 02 0 0 0.25 0 
10  47.257769   11.353088 xxx 108.682     8 0000.0000 0000.0000    7 111111 02 0 0 0.25 0 
10  47.257909   11.353029 xxx  57.536     6 0000.0000 0000.0000    4 111111 02 0 0 0.25 0 
10  47.257917   11.353047 xxx  31.284     7 0000.0000 0000.0000    6 111111 02 0 0 0.25 0 
10  47.257932   11.353056 xxx  21.385     6 0000.0000 0000.0000    5 111111 02 0 0 0.25 0 
10  47.257267   11.348319 xxx  68.772     3 0000.0000 0000.0000    2 111111 02 0 0 0.25 0 
10  47.257260   11.348295 xxx 151.506     2 0000.0000 0000.0000    3 111111 02 0 0 0.25 0 
10  47.257302   11.348562 xxx  93.415     8 0000.0000 0000.0000    4 111111 02 0 0 0.25 0 
10  47.257123   11.351367 xxx 171.123   187 0000.0000 0000.0000   35 111111 02 0 0 0.25 0 
10  47.256999   11.351190 xxx 170.987    40 0000.0000 0000.0000   24 111111 01 0 0 0.25 0 
10  47.256325   11.346011 xxx 201.014    16 0000.0000 0000.0000   13 111111 01 0 0 0.25 0 
10  47.256292   11.345985 xxx 196.572    12 0000.0000 0000.0000   17 111111 01 0 0 0.25 0 
10  47.256274   11.345929 xxx 126.744     6 0000.0000 0000.0000   18 111111 01 0 0 0.25 0 
10  47.256255   11.345972 xxx 184.933    19 0000.0000 0000.0000   19 111111 01 0 0 0.25 0 
10  47.256271   11.345899 xxx  88.812    13 0000.0000 0000.0000    8 111111 01 0 0 0.25 0 
10  47.256939   11.350522 xxx  74.855    32 0000.0000 0000.0000   20 111111 01 0 0 0.25 0 
10  47.256122   11.344845 xxx 347.115     8 0000.0000 0000.0000    6 111111 01 0 0 0.25 0 
10  47.257964   11.345074 xxx 149.976    20 0000.0000 0000.0000   20 111111 02 0 0 0.25 0 
10  47.258067   11.344813 xxx  93.782    25 0000.0000 0000.0000   17 111111 02 0 0 0.25 0 
10  47.258061   11.344888 xxx 106.600    19 0000.0000 0000.0000   18 111111 02 0 0 0.25 0 
10  47.258012   11.345021 xxx 133.065    21 0000.0000 0000.0000   21 111111 02 0 0 0.25 0 
10  47.258042   11.344958 xxx 120.171    20 0000.0000 0000.0000   19 111111 02 0 0 0.25 0 
10  47.257865   11.345235 xxx 350.649    61 0000.0000 0000.0000   79 111111 02 0 0 0.25 0 
10  47.258141   11.345502 xxx 242.768    21 0000.0000 0000.0000   19 111111 02 0 0 0.25 0 
10  47.258115   11.345443 xxx 232.750    16 0000.0000 0000.0000   18 111111 02 0 0 0.25 0 
10  47.258089   11.345401 xxx 223.192    20 0000.0000 0000.0000   17 111111 02 0 0 0.25 0 
10  47.258043   11.345360 xxx 199.161    16 0000.0000 0000.0000   16 111111 02 0 0 0.25 0 
10  47.257993   11.345348 xxx 186.068    23 0000.0000 0000.0000   14 111111 02 0 0 0.25 0 
10  47.256882   11.350412 xxx 189.095    31 0000.0000 0000.0000   41 111111 01 0 0 0.25 0 
10  47.256772   11.349618 xxx 101.575    21 0000.0000 0000.0000   10 111111 01 0 0 0.25 0 
10  47.258893   11.336944 xxx 306.447   220 0000.0000 0000.0000   20 111111 02 0 0 0.25 0 
10  47.257436   11.348893 xxx  80.940    20 0000.0000 0000.0000   22 111111 02 0 0 0.25 0 
10  47.256251   11.345932 xxx 175.977    11 0000.0000 0000.0000    8 111111 01 0 0 0.25 0 
10  47.256188   11.345941 xxx  82.485   170 0000.0000 0000.0000   21 111111 01 0 0 0.25 0 
10  47.256230   11.345923 xxx 198.287    14 0000.0000 0000.0000    7 111111 01 0 0 0.25 0 
10  47.256223   11.346005 xxx 143.385    12 0000.0000 0000.0000   11 111111 01 0 0 0.25 0 
10  47.256220   11.345942 xxx  82.399   188 0000.0000 0000.0000    7 111111 01 0 0 0.25 0 
10  47.256135   11.346061 xxx 201.958    56 0000.0000 0000.0000   40 111111 01 0 0 0.25 0 
10  47.256134   11.346200 xxx  21.313    77 0000.0000 0000.0000   26 111111 01 0 0 0.25 0 
10  47.256161   11.345768 xxx  22.395    20 0000.0000 0000.0000   30 111111 01 0 0 0.25 0 
10  47.256235   11.346290 xxx  19.947    10 0000.0000 0000.0000   11 111111 01 0 0 0.25 0 
10  47.255190   11.345319 xxx 343.864     2 0000.0000 0000.0000    2 111111 01 0 0 0.25 0 
10  47.255196   11.345316 xxx 336.196     2 0000.0000 0000.0000    2 111111 01 0 0 0.25 0 
10  47.255204   11.345310 xxx 330.686     3 0000.0000 0000.0000    2 111111 01 0 0 0.25 0 
10  47.255188   11.345366 xxx  66.093     1 0000.0000 0000.0000    1 111111 01 0 0 0.25 0 
10  47.255187   11.345362 xxx  32.849     1 0000.0000 0000.0000    1 111111 01 0 0 0.25 0 
10  47.255183   11.345360 xxx   8.174     2 0000.0000 0000.0000    1 111111 01 0 0 0.25 0 
10  47.256146   11.345900 xxx 202.076    35 0000.0000 0000.0000   39 111111 01 0 0 0.25 0 
10  47.255082   11.345317 xxx  59.139     1 0000.0000 0000.0000    1 111111 01 0 0 0.25 0 
10  47.255084   11.345321 xxx  35.532     1 0000.0000 0000.0000    1 111111 01 0 0 0.25 0 
10  47.255088   11.345324 xxx  26.719     1 0000.0000 0000.0000    1 111111 01 0 0 0.25 0 
10  47.255087   11.345371 xxx 313.892     1 0000.0000 0000.0000    1 111111 01 0 0 0.25 0 
10  47.255089   11.345368 xxx 327.883     2 0000.0000 0000.0000    1 111111 01 0 0 0.25 0 
10  47.255084   11.345377 xxx 296.817     2 0000.0000 0000.0000    1 111111 01 0 0 0.25 0 
10  47.256938   11.350289 xxx 125.217    25 0000.0000 0000.0000    9 111111 01 0 0 0.25 0 
10  47.256898   11.350188 xxx 184.698    28 0000.0000 0000.0000   14 111111 01 0 0 0.25 0 
10  47.256320   11.353180 xxx 357.544    44 0000.0000 0000.0000   10 111111 01 0 0 0.25 0 
10  47.256400   11.353186 xxx 195.128    18 0000.0000 0000.0000   10 111111 01 0 0 0.25 0 
10  47.256666   11.353470 xxx 155.541     9 0000.0000 0000.0000    6 111111 01 0 0 0.25 0 
10  47.256635   11.353504 xxx 134.881    10 0000.0000 0000.0000    5 111111 01 0 0 0.25 0 
10  47.256651   11.353483 xxx 146.191     7 0000.0000 0000.0000    5 111111 01 0 0 0.25 0 
10  47.257349   11.353185 xxx 170.561    17 0000.0000 0000.0000   11 111111 02 0 0 0.25 0 
10  47.257149   11.352799 xxx  97.572    18 0000.0000 0000.0000    4 111111 02 0 0 0.25 0 
10  47.257146   11.352856 xxx  86.918    11 0000.0000 0000.0000    4 111111 02 0 0 0.25 0 
10  47.257164   11.353027 xxx  80.675    74 0000.0000 0000.0000    3 111111 02 0 0 0.25 0 
10  47.257132   11.352697 xxx 120.256    24 0000.0000 0000.0000   33 111111 02 0 0 0.25 0 
14  47.257802   11.352640 100 0 ATC Tower
19  47.259221   11.347713 1 WS
50 12602 ATIS
50 12602 ATIS
54 12010 TWR
55 11927 APP
55 11927 APP
