1    1460 1 1 LSMA ALPNACH
10  46.942767  008.283929 01x  11.00   4920    0.0000  328.1640  130 352142 01 0 2 0.25 0 0300.0300
10  46.950382  008.287799 xxx 351.50    900    0.0000    0.0000   33 111111 02 0 0 0.25 0 0000.0000
10  46.951636  008.287519 xxx 351.50     50    0.0000    0.0000   33 111111 02 0 0 0.25 0 0000.0000
10  46.951754  008.287436 xxx 330.13     50    0.0000    0.0000   33 111111 02 0 0 0.25 0 0000.0000
10  46.951843  008.287303 xxx 299.54     50    0.0000    0.0000   33 111111 02 0 0 0.25 0 0000.0000
10  46.951891  008.287140 xxx 288.77     50    0.0000    0.0000   33 111111 02 0 0 0.25 0 0000.0000
10  46.951917  008.286948 xxx 279.80     50    0.0000    0.0000   33 111111 02 0 0 0.25 0 0000.0000
10  46.951966  008.286866 xxx 306.15     70    0.0000    0.0000   33 111111 02 0 0 0.25 0 0000.0000
10  46.951910  008.286836 xxx 243.71     70    0.0000    0.0000   33 111111 02 0 0 0.25 0 0000.0000
10  46.947893  008.289200 xxx 324.13    850    0.0000    0.0000   33 111111 02 0 0 0.25 0 0000.0000
10  46.949107  008.288079 xxx 351.50     50    0.0000    0.0000   33 111111 02 0 0 0.25 0 0000.0000
10  46.948996  008.288111 xxx 351.50     50    0.0000    0.0000   33 111111 02 0 0 0.25 0 0000.0000
10  46.948893  008.288163 xxx 334.52     50    0.0000    0.0000   33 111111 02 0 0 0.25 0 0000.0000
10  46.935283  008.282195 xxx 282.87    100    0.0000    0.0000   66 111111 02 0 0 0.25 0 0000.0000
10  46.935435  008.282152 xxx 329.64     80    0.0000    0.0000   33 111111 02 0 0 0.25 0 0000.0000
10  46.935236  008.282500 xxx 275.84    100    0.0000    0.0000   66 111111 02 0 0 0.25 0 0000.0000
10  46.935231  008.282793 xxx 265.01     60    0.0000    0.0000   66 111111 02 0 0 0.25 0 0000.0000
10  46.935309  008.282995 xxx 236.29     80    0.0000    0.0000   66 111111 02 0 0 0.25 0 0000.0000
10  46.935484  008.283205 xxx  31.69    100    0.0000    0.0000   66 111111 02 0 0 0.25 0 0000.0000
10  46.939031  008.284566 xxx 285.49    180    0.0000    0.0000   77 111111 02 0 0 0.25 0 0000.0000
10  46.941472  008.286510 xxx 200.63   4600    0.0000    0.0000   66 111111 02 0 0 0.25 0 0000.0000
10  46.945035  008.285986 xxx 191.00   4450    0.0000    0.0000   28 111111 02 0 0 0.25 0 0000.0000
10  46.936774  008.283148 xxx 282.87    328    0.0000    0.0000  100 111111 02 0 0 0.25 0 0000.0000
10  46.936329  008.282992 xxx 282.87    328    0.0000    0.0000   33 111111 02 0 0 0.25 0 0000.0000
10  46.939148  008.284413 xxx 329.64     80    0.0000    0.0000   33 111111 02 0 0 0.25 0 0000.0000
10  46.938880  008.284893 xxx 329.64     80    0.0000    0.0000   66 111111 02 0 0 0.25 0 0000.0000
10  46.936478  008.282412 xxx 329.64     80    0.0000    0.0000   33 111111 02 0 0 0.25 0 0000.0000
10  46.936360  008.282404 xxx 245.35     80    0.0000    0.0000   33 111111 02 0 0 0.25 0 0000.0000
10  46.938776  008.284894 xxx 354.41     80    0.0000    0.0000   33 111111 02 0 0 0.25 0 0000.0000
10  46.939159  008.285102 xxx 242.14     80    0.0000    0.0000   33 111111 02 0 0 0.25 0 0000.0000
10  46.946520  008.291671 xxx  19.86    240    0.0000    0.0000  228 111111 02 0 0 0.25 0 0000.0000
10  46.939047  008.284931 xxx 242.14     80    0.0000    0.0000   66 111111 02 0 0 0.25 0 0000.0000
10  46.949111  008.287613 xxx 280.62    240    0.0000    0.0000  100 111111 02 0 0 0.25 0 0000.0000
10  46.946585  008.290849 xxx 308.20    350    0.0000    0.0000   33 111111 02 0 0 0.25 0 0000.0000
10  46.946907  008.290247 xxx 318.05     50    0.0000    0.0000   33 111111 02 0 0 0.25 0 0000.0000
10  46.946287  008.287580 xxx 191.00   1100    0.0000    0.0000  328 111111 02 0 0 0.25 0 0000.0000
10  46.948804  008.287333 xxx 295.93    828    0.0000    0.0000   27 111111 02 0 0 0.25 0 0000.0000
10  46.949115  008.286032 xxx 243.98     60    0.0000    0.0000   33 111111 02 0 0 0.25 0 0000.0000
10  46.949153  008.286949 xxx 262.76    200    0.0000    0.0000   66 111111 02 0 0 0.25 0 0000.0000
10  46.949137  008.286204 xxx 271.88     60    0.0000    0.0000   33 111111 02 0 0 0.25 0 0000.0000
10  46.948769  008.287162 xxx 243.98     70    0.0000    0.0000   50 111111 02 0 0 0.25 0 0000.0000
10  46.948756  008.287324 xxx 262.20     60    0.0000    0.0000   33 111111 02 0 0 0.25 0 0000.0000
10  46.949167  008.286487 xxx 262.41     80    0.0000    0.0000   38 111111 02 0 0 0.25 0 0000.0000
10  46.948671  008.287082 xxx 216.09     60    0.0000    0.0000   33 111111 02 0 0 0.25 0 0000.0000
10  46.948713  008.287193 xxx 244.50     60    0.0000    0.0000   33 111111 02 0 0 0.25 0 0000.0000
10  46.947922  008.288298 xxx  11.00    150    0.0000    0.0000  190 111111 02 0 0 0.25 0 0000.0000
10  46.948332  008.288434 xxx  11.00    160    0.0000    0.0000   33 111111 02 0 0 0.25 0 0000.0000
10  46.941696  008.284652 xxx 273.13    528    0.0000    0.0000   22 111111 02 0 0 0.25 0 0000.0000
10  46.941664  008.286122 xxx 268.62    228    0.0000    0.0000   22 111111 02 0 0 0.25 0 0000.0000
10  46.945396  008.288261 xxx 288.62    200    0.0000    0.0000   28 111111 02 0 0 0.25 0 0000.0000
10  46.947191  008.288957 xxx 272.46    300    0.0000    0.0000   28 111111 02 0 0 0.25 0 0000.0000
10  46.947265  008.288601 xxx 319.50     70    0.0000    0.0000   28 111111 02 0 0 0.25 0 0000.0000
10  46.945492  008.288047 xxx 319.50     70    0.0000    0.0000   28 111111 02 0 0 0.25 0 0000.0000
10  46.947099  008.289860 xxx 271.13     70    0.0000    0.0000   28 111111 02 0 0 0.25 0 0000.0000
10  46.944236  008.290313 xxx  19.86    240    0.0000    0.0000  228 111111 02 0 0 0.25 0 0000.0000
10  46.947168  008.289828 xxx 305.83     70    0.0000    0.0000   40 111111 02 0 0 0.25 0 0000.0000
10  46.944021  008.289242 xxx 277.87    600    0.0000    0.0000   33 111111 02 0 0 0.25 0 0000.0000
10  46.944175  008.288247 xxx 316.13     70    0.0000    0.0000   28 111111 02 0 0 0.25 0 0000.0000
10  46.945427  008.290986 xxx 198.85    800    0.0000    0.0000   33 111111 02 0 0 0.25 0 0000.0000
10  46.946316  008.291187 xxx 325.46    150    0.0000    0.0000   33 111111 02 0 0 0.25 0 0000.0000
10  46.946517  008.291164 xxx 258.23     60    0.0000    0.0000   33 111111 02 0 0 0.25 0 0000.0000
10  46.943525  008.286411 xxx  12.27    220    0.0000    0.0000  140 111111 02 0 0 0.25 0 0000.0000
10  46.944010  008.289667 xxx 258.23     60    0.0000    0.0000   33 111111 02 0 0 0.25 0 0000.0000
10  46.944542  008.290430 xxx 258.23     60    0.0000    0.0000   33 111111 02 0 0 0.25 0 0000.0000
10  46.943327  008.285897 xxx 281.68    200    0.0000    0.0000   28 111111 02 0 0 0.25 0 0000.0000
10  46.944632  008.286974 xxx 193.19    800    0.0000    0.0000   33 111111 02 0 0 0.25 0 0000.0000
10  46.944790  008.286769 xxx  12.27    220    0.0000    0.0000  140 111111 02 0 0 0.25 0 0000.0000
10  46.946587  008.286736 xxx  12.27    160    0.0000    0.0000  140 111111 02 0 0 0.25 0 0000.0000
10  46.948290  008.287188 xxx 280.62    120    0.0000    0.0000  100 111111 02 0 0 0.25 0 0000.0000
10  46.948185  008.286987 xxx 243.98     60    0.0000    0.0000   33 111111 02 0 0 0.25 0 0000.0000
10  46.948449  008.287075 xxx 319.50     70    0.0000    0.0000   28 111111 02 0 0 0.25 0 0000.0000
10  46.948539  008.287043 xxx 355.68     70    0.0000    0.0000   28 111111 02 0 0 0.25 0 0000.0000
10  46.941923  008.285379 xxx  12.27     90    0.0000    0.0000  120 111111 02 0 0 0.25 0 0000.0000
10  46.943416  008.285653 xxx 316.13     60    0.0000    0.0000   28 111111 02 0 0 0.25 0 0000.0000
10  46.942040  008.285256 xxx 316.13     60    0.0000    0.0000   28 111111 02 0 0 0.25 0 0000.0000
10  46.943319  008.285624 xxx 243.96     60    0.0000    0.0000   33 111111 02 0 0 0.25 0 0000.0000
10  46.941887  008.285238 xxx 243.96     60    0.0000    0.0000   33 111111 02 0 0 0.25 0 0000.0000
10  46.939074  008.283684 xxx 276.88    280    0.0000    0.0000   33 111111 02 0 0 0.25 0 0000.0000
10  46.939078  008.283178 xxx 254.69     70    0.0000    0.0000   33 111111 02 0 0 0.25 0 0000.0000
10  46.939050  008.283138 xxx 233.10     70    0.0000    0.0000   33 111111 02 0 0 0.25 0 0000.0000
10  46.939244  008.283176 xxx 338.50     70    0.0000    0.0000   33 111111 02 0 0 0.25 0 0000.0000
10  46.939154  008.283238 xxx 309.89     70    0.0000    0.0000   33 111111 02 0 0 0.25 0 0000.0000
10  46.939083  008.284069 xxx 254.69     70    0.0000    0.0000   33 111111 02 0 0 0.25 0 0000.0000
10  46.939175  008.284260 xxx 223.01     70    0.0000    0.0000   33 111111 02 0 0 0.25 0 0000.0000
10  46.936834  008.283826 xxx 223.01     70    0.0000    0.0000   33 111111 02 0 0 0.25 0 0000.0000
10  46.936360  008.283579 xxx 223.01     70    0.0000    0.0000   33 111111 02 0 0 0.25 0 0000.0000
10  46.936304  008.283417 xxx 254.69     70    0.0000    0.0000   33 111111 02 0 0 0.25 0 0000.0000
10  46.949059  008.285962 xxx 216.11     60    0.0000    0.0000   33 111111 02 0 0 0.25 0 0000.0000
10  46.949310  008.286030 xxx 158.21     60    0.0000    0.0000   33 111111 02 0 0 0.25 0 0000.0000
10  46.936200  008.283409 xxx 317.71     70    0.0000    0.0000   33 111111 02 0 0 0.25 0 0000.0000
10  46.936123  008.283440 xxx 352.61     70    0.0000    0.0000   33 111111 02 0 0 0.25 0 0000.0000
14  46.943109  008.286468  33.00 0 Tower Viewpoint
15  46.949384  008.285826 191.00 RWY 19
15  46.936149  008.282042  11.00 RWY 01
51 13805 INFO
51 26862 INFO
54 11962 TWR
54 37017 TWR
55 13945 ARR/DEP
55 14187 ARR/DEP
55 14377 ARR/DEP
55 24980 ARR/DEP
55 27905 ARR/DEP
