1     21 0 1 PANK UNALAKLEET
10  63.890127 -160.800974 14x 164.160  5984 0000.0000 0500.0000  150 223231 01 0 1 0.25 0 0300.0300 
10  63.883053 -160.792888 08x  98.420  1991 0000.0000 0000.0000   75 121121 01 0 1 0.25 0 0300.0300 
10  63.881132 -160.798028 xxx 165.009  1217 0000.0000 0000.0000  254 111111 01 0 0 0.25 0 
10  63.882414 -160.797406 xxx 254.266   289 0000.0000 0000.0000   67 161161 01 0 0 0.25 0 
10  63.882960 -160.798925 xxx 183.956   301 0000.0000 0000.0000   50 111111 01 0 0 0.25 0 
10  63.882612 -160.796502 xxx 202.146   122 0000.0000 0000.0000   97 111111 01 0 0 0.25 0 
18  63.890520 -160.797823 1 BCN
19  63.883811 -160.799409 1 WS
19  63.898586 -160.804970 1 WS
19  63.882295 -160.786366 1 WS
19  63.883602 -160.795807 1 WS
50 13225 AWOS 3
51 12300 CTAF
