1     21 0 1 PASI SITKA ROCKY GUTIERREZ
10  57.047128 -135.361598 11x 135.580  6479 0000.0000 0020.0020  150 231231 01 0 2 0.25 0 0300.0300 
10  57.051871 -135.367655 xxx 135.916  2324 0000.0000 0000.0000  100 161161 01 0 0 0.25 0 
10  57.054487 -135.370308 xxx 315.831   383 0000.0000 0000.0000  100 111111 01 0 0 0.25 0 
10  57.054166 -135.370606 xxx 135.910   299 0000.0000 0000.0000  350 111111 01 0 0 0.25 0 
10  57.051672 -135.365841 xxx 135.910  1700 0000.0000 0000.0000  360 111111 01 0 0 0.25 0 
10  57.048928 -135.363590 xxx 177.052   545 0000.0000 0000.0000  100 161161 01 0 0 0.25 0 
10  57.053679 -135.372220 xxx  44.119   328 0000.0000 0000.0000  100 161161 01 0 0 0.25 0 
10  57.054581 -135.371007 xxx 181.024   134 0000.0000 0000.0000   61 111111 01 0 0 0.25 0 
18  57.052301 -135.365730 1 BCN
19  57.047706 -135.365285 1 WS
50 13590 ATIS
51 12360 CTAF
51 12295 UNICOM
