1    256 0 1 PHJH KAPALUA
10  20.962936 -156.673031 02x  27.850  3007 0000.0000 0000.0000  100 111111 01 0 2 0.25 0 0300.0300 
10  20.966469 -156.671204 xxx 206.436   149 0000.0000 0000.0000   82 111111 01 0 0 0.25 0 
10  20.959504 -156.675123 xxx  26.806   121 0000.0000 0000.0000   60 111111 01 0 0 0.25 0 
10  20.962207 -156.674760 xxx  31.557   565 0000.0000 0000.0000  263 111111 01 0 0 0.25 0 
10  20.962800 -156.673680 xxx  79.896   484 0000.0000 0000.0000   60 111111 01 0 0 0.25 0 
10  20.961309 -156.674584 xxx 299.011   382 0000.0000 0000.0000   60 111111 01 0 0 0.25 0 
19  20.961936 -156.674009 1 WS
50 11852 AWOS
51 12270 CTAF/UNICOM
