1     451 0 1 ORSH AL SAHRA AAF
10  34.668144  043.536218 14R 142.58 10224 0000.0000 0000.0000   150 111111  2 0 2 0.25 0 0300.0300
10  34.680310  043.552426 14L 142.58  7341 0000.0000 0000.0000   165 111111  1 0 2 0.25 0 0300.0300
10  34.678824  043.525338 xxx 232.58   329 0.0 0.0    75 111111  2 0 0 0.25 0 
10  34.667769  043.535625 xxx 232.58   329 0.0 0.0    75 111111  2 0 0 0.25 0 
10  34.656714  043.545912 xxx 232.58   329 0.0 0.0    75 111111  2 0 0 0.25 0 
10  34.667457  043.535128 xxx 142.58 10224 0.0 0.0    75 111111  2 0 0 0.25 0 
19  34.689077  043.545306 1 WS
19  34.679983  043.526150 1 WS
19  34.656304  043.546286 1 WS
19  34.671543  043.559546 1 WS
55 12975 KIRKUK APP
55 12820 BAGHDAD ARR
55 12610 SPEICHER GCA
55 13980 SPEICHER GCA
