1     10 1 1 SBJR Jacarepagua
10 -22.987778  -43.370277 02x 359.000  2952 0000.0000 0000.0000  137 223223 01 0 2 0.25 0 0300.0300 
10 -22.988956  -43.368493 xxx 179.141  2065 0000.0000 0000.0000  496 111111 01 0 0 0.25 0 
10 -22.991719  -43.369724 xxx  89.363   390 0000.0000 0000.0000   80 161161 01 0 0 0.25 0 
10 -22.988747  -43.369740 xxx 153.007   819 0000.0000 0000.0000   80 161161 01 0 0 0.25 0 
10 -22.986906  -43.369790 xxx  19.650   973 0000.0000 0000.0000   80 161161 01 0 0 0.25 0 
10 -22.983906  -43.369788 xxx  89.364   344 0000.0000 0000.0000   80 161161 01 0 0 0.25 0 
10 -22.987783  -43.369225 xxx 358.997  2924 0000.0000 0000.0000   80 161161 01 0 0 0.25 0 
18 -22.987785  -43.370715 1 BCN
19 -22.991944  -43.370386 1 WS
19 -22.983611  -43.370169 1 WS
