1     14 1 1 TKPN Vance Winkworth Amory Intl
10  17.205677  -62.589870 10x  89.430  3993 0575.0000 0000.0000   98 341141 01 0 2 0.25 1 0300.0300 
10  17.204806  -62.592445 xxx  86.000   445 0000.0000 0000.0000  200 111111 01 0 0 0.25 0 
10  17.204965  -62.591665 xxx  86.000   122 0000.0000 0000.0000  120 111111 01 0 0 0.25 0 
10  17.205332  -62.592010 xxx 355.111   166 0000.0000 0000.0000   60 161161 01 0 0 0.25 0 
10  17.205302  -62.592945 xxx 176.597   186 0000.0000 0000.0000   60 161161 01 0 0 0.25 0 
18  17.206217  -62.589870 1 BCN
19  17.206160  -62.595608 1 WS
19  17.205193  -62.584129 1 WS
53 12160 GND
54 12050 TWR
