1     21 1 0 YSSY Sydney Intl
10 -33.946817  151.176132 16R 167.860 13021 0279.0000 0288.0303  148 342341 01 2 3 0.25 1 0300.0300 
10 -33.940645  151.176795 07x  74.120  8277 0000.0324 0059.0061  148 231221 01 2 3 0.25 1 0300.0300 
10 -33.960358  151.191114 16L 167.810  8010 0758.0125 0090.0089  148 327331 01 2 3 0.25 1 0300.0300 
10 -33.937686  151.175588 xxx 347.802  2147 0000.0000 0000.0000  120 161161 01 0 0 0.25 0 
10 -33.942041  151.178524 xxx 165.955  1130 0000.0000 0000.0000  120 161161 01 0 0 0.25 0 
10 -33.934372  151.171750 xxx 257.462   557 0000.0000 0000.0000  120 161161 01 0 0 0.25 0 
10 -33.940523  151.168627 xxx 254.949  3364 0000.0000 0000.0000  120 161161 01 0 0 0.25 0 
10 -33.942250  151.173866 xxx 254.681   506 0000.0000 0000.0000  120 161161 01 0 0 0.25 0 
10 -33.953535  151.176756 xxx 257.827   513 0000.0000 0000.0000  120 161161 01 0 0 0.25 0 
10 -33.929311  151.174471 xxx 122.942   856 0000.0000 0000.0000  120 161161 01 0 0 0.35 0 
10 -33.929068  151.172811 xxx  54.852   506 0000.0000 0000.0000  120 161161 01 0 0 0.35 0 
10 -33.927952  151.174059 xxx  77.714   665 0000.0000 0000.0000  600 111111 02 0 0 0.30 0 
10 -33.939498  151.189341 xxx 255.756    59 0000.0000 0000.0000   56 161161 01 0 0 0.25 0 
10 -33.941118  151.190332 xxx 143.264    68 0000.0000 0000.0000   33 161161 01 0 0 0.25 0 
10 -33.940891  151.190575 xxx 142.593    64 0000.0000 0000.0000   28 161161 01 0 0 0.25 0 
10 -33.942472  151.175218 xxx 317.599   164 0000.0000 0000.0000  122 111111 01 0 0 0.25 0 
10 -33.945487  151.176037 xxx  15.615   221 0000.0000 0000.0000  119 111111 01 0 0 0.25 0 
10 -33.945546  151.175562 xxx 141.992   232 0000.0000 0000.0000  116 111111 01 0 0 0.25 0 
10 -33.936971  151.178652 xxx 281.405  2104 0000.0000 0000.0000  120 161161 01 0 0 0.25 0 
10 -33.934020  151.175137 xxx 222.413   113 0000.0000 0000.0000   97 111111 01 0 0 0.25 0 
10 -33.936588  151.177872 xxx 230.893   230 0000.0000 0000.0000   46 161161 02 0 0 0.25 0 
10 -33.934420  151.175114 xxx 146.999   158 0000.0000 0000.0000   97 111111 01 0 0 0.25 0 
10 -33.934397  151.175538 xxx 223.722   128 0000.0000 0000.0000   70 111111 01 0 0 0.25 0 
10 -33.933974  151.175530 xxx 317.562   162 0000.0000 0000.0000   96 111111 01 0 0 0.25 0 
10 -33.943468  151.172705 xxx 224.296   302 0000.0000 0000.0000  164 111111 01 0 0 0.25 0 
10 -33.936682  151.176729 xxx 304.199   179 0000.0000 0000.0000  118 161161 01 0 0 0.25 0 
10 -33.936097  151.176253 xxx 156.367   372 0000.0000 0000.0000  167 161161 01 0 0 0.25 0 
10 -33.935324  151.175937 xxx 169.827   266 0000.0000 0000.0000  160 161161 01 0 0 0.25 0 
10 -33.934495  151.175861 xxx 179.582   383 0000.0000 0000.0000  160 161161 01 0 0 0.25 0 
10 -33.931016  151.175153 xxx 168.858  2231 0000.0000 0000.0000  159 161161 01 0 0 0.25 0 
10 -33.930831  151.174640 xxx 219.187   259 0000.0000 0000.0000  124 111111 01 0 0 0.25 0 
10 -33.930751  151.174630 xxx 116.232   234 0000.0000 0000.0000  112 111111 01 0 0 0.25 0 
10 -33.929930  151.176714 xxx 167.828   264 0000.0000 0000.0000 1001 111111 02 0 0 0.25 0 
10 -33.933488  151.176781 xxx 170.905  2309 0000.0000 0000.0000  587 111111 02 0 0 0.30 0 
10 -33.930087  151.168490 xxx 124.418   216 0000.0000 0000.0000  143 161161 01 0 0 0.25 0 
10 -33.934235  151.174914 xxx   4.508   408 0000.0000 0000.0000  112 161161 01 0 0 0.25 0 
10 -33.931301  151.174361 xxx 168.386  1774 0000.0000 0000.0000  115 161161 01 0 0 0.25 0 
10 -33.936255  151.183947 xxx  95.585   470 0000.0000 0000.0000  245 111111 02 0 0 0.25 0 
10 -33.937541  151.180832 xxx 267.425   257 0000.0000 0000.0000  110 111111 01 0 0 0.25 0 
10 -33.935603  151.185058 xxx 104.219   416 0000.0000 0000.0000  383 111111 02 0 0 0.25 0 
10 -33.937440  151.189091 xxx 204.897   121 0000.0000 0000.0000   63 111111 01 0 0 0.25 0 
10 -33.937514  151.174454 xxx 138.195   490 0000.0000 0000.0000  120 161161 01 0 0 0.35 0 
10 -33.936526  151.174572 xxx  78.067   436 0000.0000 0000.0000  120 161161 01 0 0 0.35 0 
10 -33.931462  151.168788 xxx 348.955   811 0000.0000 0000.0000  120 161161 01 0 0 0.25 0 
10 -33.930023  151.170135 xxx  78.100   860 0000.0000 0000.0000  120 161161 01 0 0 0.35 0 
10 -33.930372  151.168661 xxx  46.592   162 0000.0000 0000.0000  120 161161 01 0 0 0.25 0 
10 -33.936259  151.188585 xxx 113.629   165 0000.0000 0000.0000   77 111111 01 0 0 0.25 0 
10 -33.932829  151.169500 xxx 130.586   412 0000.0000 0000.0000  120 161161 01 0 0 0.35 0 
10 -33.936672  151.175817 xxx 237.993   283 0000.0000 0000.0000  153 111111 01 0 0 0.25 0 
10 -33.936021  151.175924 xxx 197.965   307 0000.0000 0000.0000  142 161161 01 0 0 0.25 0 
10 -33.936930  151.177324 xxx  54.568   190 0000.0000 0000.0000  199 161161 01 0 0 0.25 0 
10 -33.936457  151.173742 xxx 305.637   228 0000.0000 0000.0000  119 111111 01 0 0 0.25 0 
10 -33.936899  151.173847 xxx 211.126   231 0000.0000 0000.0000  123 111111 01 0 0 0.25 0 
10 -33.938062  151.175226 xxx 109.527   197 0000.0000 0000.0000  120 161161 01 0 0 0.25 0 
10 -33.938266  151.175700 xxx 253.796   916 0000.0000 0000.0000  120 161161 01 0 0 0.25 0 
10 -33.930507  151.178390 xxx 284.391  1573 0000.0000 0000.0000   90 161161 02 0 0 0.25 0 
10 -33.938490  151.177455 xxx 166.387  1271 0000.0000 0000.0000  120 161161 01 0 0 0.25 0 
10 -33.944524  151.171440 xxx  74.022   828 0000.0000 0000.0000  651 111111 02 0 0 0.25 0 
10 -33.949853  151.174754 xxx 168.060 11012 0000.0000 0000.0000  120 161161 01 0 0 0.35 0 
10 -33.937606  151.181883 xxx  75.409  4686 0000.0000 0000.0000  121 161161 01 0 0 0.35 0 
10 -33.946080  151.177745 xxx 167.976  3835 0000.0000 0000.0000  120 161161 01 0 0 0.35 0 
10 -33.960522  151.188934 xxx 168.000  6170 0000.0000 0000.0000  120 161161 01 0 0 0.35 0 
10 -33.952392  151.183307 xxx  78.306  3259 0000.0000 0000.0000  120 161161 01 0 0 0.35 0 
10 -33.932904  151.168137 xxx 170.000  3300 0000.0000 0000.0000  700 111111 02 0 0 0.30 0 
10 -33.938817  151.166976 xxx  76.588  2911 0000.0000 0000.0000 1460 111111 02 0 0 0.30 0 
10 -33.941740  151.167922 xxx  74.257  2764 0000.0000 0000.0000  120 161161 01 0 0 0.35 0 
10 -33.950742  151.182881 xxx  78.469  3259 0000.0000 0000.0000  120 161161 01 0 0 0.35 0 
10 -33.947592  151.179463 xxx 167.661  2584 0000.0000 0000.0000  120 161161 01 0 0 0.35 0 
10 -33.955479  151.188736 xxx 168.000  2650 0000.0000 0000.0000  120 161161 01 0 0 0.35 0 
10 -33.928059  151.180023 xxx   5.000  1400 0000.0000 0000.0000 1000 111111 02 0 0 0.30 0 
10 -33.935682  151.179684 xxx   6.272  1044 0000.0000 0000.0000 1222 111111 02 0 0 0.30 0 
10 -33.936569  151.166458 xxx  30.000  1400 0000.0000 0000.0000  800 111111 02 0 0 0.30 0 
10 -33.929720  151.174065 xxx  99.670  1119 0000.0000 0000.0000  120 161161 01 0 0 0.25 0 
10 -33.952255  151.186859 xxx 130.000  2000 0000.0000 0000.0000  100 161161 01 0 0 0.35 0 
10 -33.941614  151.176621 xxx  75.075   951 0000.0000 0000.0000  120 161161 01 0 0 0.35 0 
10 -33.933817  151.174710 xxx  77.948  1007 0000.0000 0000.0000  120 161161 01 0 0 0.35 0 
10 -33.942964  151.170934 xxx  74.411  1239 0000.0000 0000.0000  120 161161 01 0 0 0.35 0 
10 -33.929531  151.181305 xxx   7.000  1000 0000.0000 0000.0000  500 111111 02 0 0 0.30 0 
10 -33.951534  151.187271 xxx 130.000  1400 0000.0000 0000.0000  100 161161 01 0 0 0.35 0 
10 -33.943912  151.176517 xxx  13.943   974 0000.0000 0000.0000  120 161161 01 0 0 0.35 0 
10 -33.941133  151.168333 xxx 171.836   931 0000.0000 0000.0000  120 161161 01 0 0 0.35 0 
10 -33.959091  151.189651 xxx 130.000  1040 0000.0000 0000.0000  120 161161 01 0 0 0.35 0 
10 -33.944099  151.174184 xxx 141.370  1120 0000.0000 0000.0000  120 161161 01 0 0 0.35 0 
10 -33.933784  151.166687 xxx 170.000   820 0000.0000 0000.0000  300 111111 02 0 0 0.30 0 
10 -33.934790  151.174751 xxx  79.589   890 0000.0000 0000.0000  120 161161 01 0 0 0.35 0 
10 -33.944373  151.177321 xxx  75.939   938 0000.0000 0000.0000  120 161161 01 0 0 0.35 0 
10 -33.934118  151.170485 xxx 155.752   785 0000.0000 0000.0000  120 161161 01 0 0 0.35 0 
10 -33.959229  151.178178 xxx  89.469   623 0000.0000 0000.0000  120 161161 01 0 0 0.35 0 
10 -33.967804  151.192291 xxx  19.000   800 0000.0000 0000.0000  120 161161 01 0 0 0.35 0 
10 -33.935009  151.189979 xxx  70.012   590 0000.0000 0000.0000  693 111111 02 0 0 0.30 0 
10 -33.943506  151.176367 xxx 137.420   862 0000.0000 0000.0000  120 161161 01 0 0 0.35 0 
10 -33.970104  151.192917 xxx  20.000   750 0000.0000 0000.0000  100 161161 01 0 0 0.35 0 
10 -33.942491  151.163410 xxx 163.065   781 0000.0000 0000.0000  120 161161 01 0 0 0.35 0 
10 -33.964286  151.179435 xxx  78.105   602 0000.0000 0000.0000  120 161161 01 0 0 0.35 0 
10 -33.940526  151.190567 xxx  40.000   700 0000.0000 0000.0000  110 111111 01 0 0 0.35 0 
10 -33.942314  151.164583 xxx 163.985   713 0000.0000 0000.0000  120 161161 01 0 0 0.35 0 
10 -33.951229  151.176422 xxx  30.417   673 0000.0000 0000.0000  120 161161 01 0 0 0.35 0 
10 -33.970200  151.192261 xxx  78.000   710 0000.0000 0000.0000  100 161161 01 0 0 0.35 0 
10 -33.970161  151.190903 xxx 168.000   630 0000.0000 0000.0000  120 161161 01 0 0 0.35 0 
10 -33.932610  151.166779 xxx  40.020   400 0000.0000 0000.0000  310 111111 02 0 0 0.30 0 
10 -33.938368  151.182303 xxx 164.499   544 0000.0000 0000.0000  100 161161 01 0 0 0.35 0 
10 -33.937077  151.187910 xxx 164.029   507 0000.0000 0000.0000  120 161161 01 0 0 0.35 0 
10 -33.939380  151.190259 xxx  75.427   529 0000.0000 0000.0000   79 111111 01 0 0 0.35 0 
10 -33.936758  151.189093 xxx 163.600   547 0000.0000 0000.0000  120 161161 01 0 0 0.35 0 
10 -33.942358  151.177717 xxx  75.312   446 0000.0000 0000.0000  120 161161 01 0 0 0.35 0 
10 -33.971100  151.192841 xxx  78.400   500 0000.0000 0000.0000  120 161161 01 0 0 0.35 0 
10 -33.944287  151.169505 xxx 163.650   587 0000.0000 0000.0000  300 111111 02 0 0 0.30 0 
10 -33.935648  151.185914 xxx  74.601   459 0000.0000 0000.0000  300 111111 02 0 0 0.30 0 
10 -33.929567  151.172036 xxx 220.625   277 0000.0000 0000.0000  257 161161 01 0 0 0.35 0 
10 -33.944000  151.178828 xxx  14.576   400 0000.0000 0000.0000  120 161161 01 0 0 0.35 0 
10 -33.971066  151.191574 xxx 110.700   380 0000.0000 0000.0000  120 161161 01 0 0 0.25 0 
10 -33.939640  151.191065 xxx 157.911   254 0000.0000 0000.0000  140 111111 01 0 0 0.35 0 
10 -33.968822  151.191483 xxx  78.000   320 0000.0000 0000.0000  120 161161 01 0 0 0.35 0 
10 -33.952021  151.175666 xxx  70.225   204 0000.0000 0000.0000  120 161161 01 0 0 0.35 0 
10 -33.969021  151.190842 xxx  20.000   300 0000.0000 0000.0000  120 161161 01 0 0 0.35 0 
10 -33.936704  151.183675 xxx 187.618   251 0000.0000 0000.0000  120 161161 01 0 0 0.35 0 
10 -33.940382  151.190257 xxx 138.560   125 0000.0000 0000.0000   54 161161 01 0 0 0.35 0 
10 -33.940508  151.190000 xxx 141.212   170 0000.0000 0000.0000   43 161161 01 0 0 0.35 0 
10 -33.936159  151.185899 xxx 165.065   221 0000.0000 0000.0000  162 161161 01 0 0 0.35 0 
10 -33.943193  151.168787 xxx 342.805   307 0000.0000 0000.0000  120 161161 01 0 0 0.35 0 
10 -33.940500  151.191266 xxx 127.707   204 0000.0000 0000.0000   47 161161 01 0 0 0.35 0 
10 -33.940720  151.191041 xxx 134.939   196 0000.0000 0000.0000   52 161161 01 0 0 0.35 0 
10 -33.937605  151.181364 xxx  88.349   159 0000.0000 0000.0000   75 111111 02 0 0 0.25 0 
10 -33.964418  151.180016 xxx  37.313   220 0000.0000 0000.0000  143 161161 02 0 0 0.35 0 
10 -33.964681  151.179341 xxx  79.366   381 0000.0000 0000.0000  156 161161 02 0 0 0.35 0 
10 -33.964713  151.178686 xxx 127.859   179 0000.0000 0000.0000  127 161161 02 0 0 0.35 0 
10 -33.934670  151.169917 xxx 156.578  1337 0000.0000 0000.0000  381 111111 02 0 0 0.30 0 
10 -33.937426  151.180236 xxx   8.674   418 0000.0000 0000.0000  192 161161 01 0 0 0.25 0 
10 -33.934781  151.188488 xxx 197.341   813 0000.0000 0000.0000  635 111111 02 0 0 0.25 0 
10 -33.936444  151.187416 xxx 109.053   116 0000.0000 0000.0000   97 111111 01 0 0 0.25 0 
10 -33.936495  151.187937 xxx 193.356   158 0000.0000 0000.0000   59 111111 01 0 0 0.25 0 
10 -33.936273  151.189211 xxx 208.548   218 0000.0000 0000.0000  147 111111 01 0 0 0.25 0 
10 -33.937718  151.187875 xxx 201.093   156 0000.0000 0000.0000   89 111111 01 0 0 0.25 0 
10 -33.936602  151.182158 xxx 191.536   577 0000.0000 0000.0000  483 111111 02 0 0 0.25 0 
10 -33.935952  151.188006 xxx  29.375   206 0000.0000 0000.0000  141 161161 01 0 0 0.35 0 
10 -33.941815  151.164010 xxx 285.298   229 0000.0000 0000.0000  108 111111 02 0 0 0.25 0 
10 -33.941895  151.163555 xxx  36.935   178 0000.0000 0000.0000   79 111111 02 0 0 0.25 0 
10 -33.942204  151.165051 xxx 279.099   315 0000.0000 0000.0000  109 111111 02 0 0 0.25 0 
10 -33.941561  151.164870 xxx  50.890   281 0000.0000 0000.0000  100 111111 02 0 0 0.25 0 
10 -33.940934  151.167583 xxx 272.528   320 0000.0000 0000.0000   92 111111 02 0 0 0.25 0 
10 -33.941416  151.168014 xxx 209.355   244 0000.0000 0000.0000  104 111111 02 0 0 0.25 0 
10 -33.940914  151.163084 xxx   4.647   403 0000.0000 0000.0000  117 161161 02 0 0 0.25 0 
10 -33.931141  151.179732 xxx  98.823  1676 0000.0000 0000.0000  898 111111 02 0 0 0.35 0 
14 -33.945455  151.180994 171 0 ATC Tower
18 -33.948528  151.166955 1 BCN
19 -33.944267  151.165087 1 WS
19 -33.953303  151.190167 1 WS
19 -33.930791  151.172655 1 WS
19 -33.939143  151.186818 1 WS
19 -33.962550  151.181195 1 WS
19 -33.971746  151.192360 1 WS
50 11210 ATIS
50 12625 ATIS
52 13380 CLNC DEL
53 12170 GND
53 12650 GND
54 12050 TWR
54 12470 TWR
55 13510 APP
56 11840 DEP
56 12300 DEP
56 12970 DEP
