1     1724 0 0 YADN ANGAS DOWNS STN
100   85.04   4   0 0.25 0 0 0 12  -25.02857383  132.26953761    0.00    0.00 0  0 0 0 30  -25.03635933  132.28012800    0.00    0.00 0  0 0 0
110   4 0.25   0.00 New Taxiway 2
111 -25.03220118  132.27386786 
111 -25.03271776  132.27353641 
112 -25.03292198  132.27390764 -25.03293400  132.27392090 
111 -25.03305413  132.27406674 
112 -25.03278984  132.27422583 -25.03274178  132.27423909 
112 -25.03262165  132.27441145 -25.03262165  132.27442471 
113 -25.03262165  132.27442471 
14  -25.03358272  132.27373528    6 0 New Tower Viewpoint 6
15  -25.03277782  132.27401370   0.00 New Ramp Start 5
19  -25.03244145  132.27357618 0 New Windsock 4
