1     2002 0 0 YALC ALCOOTA STN
100   96.01   4   0 0.25 0 1 0 13  -22.79830996  134.39848328    0.00    0.00 0  0 0 0 31  -22.80527728  134.40766358    0.00    0.00 0  0 0 0
110   4 0.25   0.00 New Taxiway 7
111 -22.80556065  134.40735493 
112 -22.80573070  134.40762549 -22.80578172  134.40783455 
112 -22.80563434  134.40804977 -22.80555498  134.40819734 
112 -22.80523755  134.40819734 -22.80515819  134.40819734 
113 -22.80494752  134.40793678 
14  -22.80482375  134.40825269    6 0 New Tower Viewpoint 30
15  -22.80561166  134.40790834   0.00 New Ramp Start 28
18  -22.79945985  134.40515699 1 BCN
19  -22.80423990  134.40763779 0 New Windsock 29
51 12670 CTAF
