1     1299 0 0 YAMM Ammaroo
100  102.11   4   0 0.25 0 0 0 1   -21.74434553  135.24276529    0.00    0.00 0  0 0 0 19  -21.73439211  135.24345798    0.00    0.00 0  0 0 0
100   82.91   4   0 0.25 0 0 0 12  -21.73483714  135.24304609    0.00    0.00 0  0 0 0 30  -21.74088141  135.25167294    0.00    0.00 0  0 0 0
110   4 0.25   0.00 New Taxiway 16
111 -21.74435063  135.24314705 
112 -21.74405216  135.24373461 -21.74376222  135.24395494 
112 -21.74313969  135.24403757 -21.74298619  135.24403757 
112 -21.74260245  135.24376215 -21.74245747  135.24361526 
113 -21.74231250  135.24320213 
14  -21.74341200  135.24395800    5 0 Tower Viewpoint
15  -21.74358313  135.24363362 304.70 New Ramp Start 7
19  -21.74239778  135.24379887 0 New Windsock 8
51 12670 CTAF
