1      961 0 0 YATL Atula Station
100   29.87   4   0 0.00 0 0 0 14  -23.27583878  136.34242555    0.00    0.00 2  0 0 0 32  -23.28416322  136.34925445    0.00    0.00 2  0 0 0
110   4 0.25   0.00 New Taxiway 16
111 -23.28409619  136.34932525 
112 -23.28382872  136.34959402 -23.28370528  136.34959402 
112 -23.28375671  136.34935885 -23.28381843  136.34928046 
113 -23.28380815  136.34907888 
14  -23.28356126  136.34920207    6 0 New Tower Viewpoint 17
15  -23.28391102  136.34944844 255.96 New Ramp Start 15
19  -23.28395217  136.34855254 0 New Windsock 16
