1       55 0 0 YBLN Busselton
100   29.87   1   0 0.00 0 2 0 03  -33.69489111  115.39736159    0.00   85.95 2  0 0 0 21  -33.68026200  115.40570300    0.00   86.87 2  0 0 0
110   2 0.25   0.00 New Taxiway 27
111 -33.68677897  115.39862249 
111 -33.68664713  115.39869907 
111 -33.68658746  115.39854995 
113 -33.68671964  115.39847461 
110   1 0.25   0.00 New Taxiway 16
111 -33.68767151  115.40137919 
111 -33.68679413  115.40184570 
112 -33.68696429  115.40169232 -33.68713445  115.40153895   1 102 
111 -33.68706532  115.40136321   1 102 
112 -33.68650765  115.39996365 -33.68646905  115.39985927   1 102 
111 -33.68639184  115.39982834   1 102 
111 -33.68594125  115.39961757 
111 -33.68572184  115.39907745 
111 -33.68559798  115.39911148 
111 -33.68552013  115.39886481 
111 -33.68564753  115.39878401 
112 -33.68556967  115.39857137 -33.68554136  115.39849482 
112 -33.68546351  115.39839700 -33.68545289  115.39839275 
112 -33.68536088  115.39840976 -33.68528303  115.39843528 
111 -33.68520872  115.39834597 
112 -33.68508840  115.39807378 -33.68506009  115.39799723 
111 -33.68513794  115.39786965 
112 -33.68555906  115.39762724 -33.68563691  115.39758896 
111 -33.68561214  115.39740183 
112 -33.68539627  115.39686598 -33.68536088  115.39677667 
112 -33.68545997  115.39679368 -33.68547413  115.39680644 
112 -33.68556613  115.39679368 -33.68559798  115.39678517 
112 -33.68599433  115.39664908 -33.68615357  115.39667885 
111 -33.68632343  115.39687873 
112 -33.68651453  115.39733379 -33.68659946  115.39757620 
111 -33.68673026  115.39751747 
111 -33.68770802  115.39695583 
111 -33.68774604  115.39703667 
112 -33.68763490  115.39709291 -33.68763198  115.39709642 
111 -33.68762905  115.39712806 
111 -33.68769339  115.39729325 
111 -33.68773434  115.39727919 
112 -33.68794639  115.39776854 -33.68795795  115.39779433 
111 -33.68797115  115.39795900 
111 -33.68819349  115.39848478   1 
111 -33.68833513  115.39840839 
111 -33.68840777  115.39862009   1 
112 -33.68674150  115.39954810 -33.68662247  115.39960609   1 102 
111 -33.68663212  115.39978007   1 102 
112 -33.68723443  115.40127048 -33.68730842  115.40146379   1 102 
113 -33.68757222  115.40137100 
111 -33.68783546  115.39782906 
111 -33.68759816  115.39797430 
111 -33.68787062  115.39867674   1 
113 -33.68814529  115.39851830 
111 -33.68753004  115.39801127 
111 -33.68727735  115.39815123 
111 -33.68724878  115.39819613 
111 -33.68751686  115.39886687   1 
113 -33.68781129  115.39870051 
111 -33.68746249  115.39889835 
111 -33.68718844  115.39820989 
112 -33.68712241  115.39817418 -33.68710755  115.39815632 
111 -33.68697548  115.39783888 
111 -33.68675096  115.39797379 
112 -33.68674766  115.39802736 -33.68675426  115.39806307 
111 -33.68686322  115.39828131 
111 -33.68671231  115.39837678 
111 -33.68674681  115.39844880 
111 -33.68672139  115.39847499   1 
111 -33.68686848  115.39884164   1 
113 -33.68675589  115.39930649   1 
111 -33.68766561  115.39731649 
111 -33.68759106  115.39713954 
112 -33.68755099  115.39713842 -33.68752583  115.39715410 
111 -33.68731615  115.39727841 
112 -33.68730870  115.39731425 -33.68732081  115.39734673 
113 -33.68737300  115.39748112 
111 -33.68734678  115.39749819 
111 -33.68728341  115.39733356 
112 -33.68723309  115.39732236 -33.68720420  115.39734028 
111 -33.68697864  115.39746547 
112 -33.68696224  115.39751968 -33.68697556  115.39755417 
113 -33.68702989  115.39768845 
111 -33.68666269  115.39779944 
112 -33.68671536  115.39779726 -33.68672444  115.39779290 
111 -33.68696596  115.39761830 
111 -33.68692782  115.39752228 
112 -33.68690603  115.39750918 -33.68688787  115.39752010 
111 -33.68671172  115.39761830 
112 -33.68665361  115.39768596 -33.68664817  115.39772088 
114 -33.68665725  115.39776889 -33.68665906  115.39777762 
111 -33.68672282  115.39814721 
111 -33.68656701  115.39781112 
111 -33.68661695  115.39779432 
111 -33.68631332  115.39701171 
112 -33.68606363  115.39675725 -33.68592380  115.39669243 
112 -33.68576599  115.39677645 -33.68570207  115.39680526 
111 -33.68558365  115.39688623 
112 -33.68553773  115.39706052 -33.68557882  115.39715347 
111 -33.68590995  115.39796099 
112 -33.68586161  115.39817013 -33.68578668  115.39821370 
111 -33.68560540  115.39831537 
112 -33.68559574  115.39849837 -33.68565374  115.39863780 
111 -33.68586070  115.39915484 
111 -33.68655995  115.39875224 
111 -33.68649879  115.39860526 
111 -33.68624621  115.39873626 
111 -33.68615582  115.39850940 
111 -33.68633927  115.39839438 
111 -33.68640574  115.39856692 
111 -33.68651741  115.39849343 
111 -33.68648550  115.39839118 
111 -33.68667693  115.39827935 
113 -33.68664503  115.39820905 
110   1 0.25   0.00 New Taxiway 15
111 -33.69432273  115.39752747   1 
112 -33.69449401  115.39717190 -33.69452904  115.39714850   1 
111 -33.69475580  115.39701457   1 
111 -33.69486118  115.39728525 
113 -33.69433830  115.39760701 
110   1 0.25   0.00 New Taxiway 14
111 -33.68076052  115.40533055 
111 -33.68023115  115.40562685   1 
111 -33.68013021  115.40537187   1 
112 -33.68037125  115.40521573 -33.68048095  115.40515194   1 
113 -33.68073015  115.40525937 
110   4 0.25   0.00 New Taxiway 25
111 -33.68662068  115.39774245 
112 -33.68662368  115.39781640 -33.68659967  115.39783083 
112 -33.68658916  115.39784526 -33.68656665  115.39783083 
112 -33.68653063  115.39782362 -33.68649762  115.39782362 
112 -33.68613593  115.39802382 -33.68611942  115.39802743 
112 -33.68611792  115.39803464 -33.68613593  115.39805087 
112 -33.68637305  115.39829617 -33.68640457  115.39831060 
112 -33.68649762  115.39832503 -33.68654264  115.39831601 
112 -33.68660867  115.39825649 -33.68663869  115.39823845 
111 -33.68666420  115.39821681 
111 -33.68669572  115.39828535 
111 -33.68650512  115.39842062 
112 -33.68645559  115.39841882 -33.68642858  115.39839537 
112 -33.68617044  115.39815729 -33.68613893  115.39811039 
112 -33.68608940  115.39807613 -33.68606989  115.39805989 
112 -33.68598252  115.39805721 -33.68593149  115.39808607 
112 -33.68590598  115.39811493 -33.68588497  115.39810771 
111 -33.68584691  115.39806952 
112 -33.68586341  115.39797429 -33.68588983  115.39797429 
112 -33.68602190  115.39798223 -33.68606812  115.39797231 
112 -33.68636528  115.39782152 -33.68639830  115.39780565 
112 -33.68647754  115.39774415 -33.68650395  115.39772232 
112 -33.68655183  115.39769256 -33.68658154  115.39768661 
113 -33.68660466  115.39768661 
110   1 0.25   0.00 New Taxiway 41
112 -33.69306367  115.39535044 -33.69306615  115.39530572  20 
112 -33.69312321  115.39526547 -33.69316042  115.39526547  20 
112 -33.69318894  115.39535640 -33.69318646  115.39540410  20 
114 -33.69312321  115.39543243 -33.69309220  115.39543243  20 
110   1 0.25   0.00 New Taxiway 40
112 -33.68588269  115.40038253 -33.68588542  115.40032842  20 
112 -33.68595909  115.40029071 -33.68599593  115.40029071  20 
112 -33.68603277  115.40038581 -33.68602867  115.40043008  20 
114 -33.68595636  115.40047599 -33.68592225  115.40047435  20 
110   3 0.25   0.00 New Taxiway 26
111 -33.68608798  115.39903287 
111 -33.68585386  115.39917175 
111 -33.68552144  115.39831621 
111 -33.68584504  115.39813857 
111 -33.68586103  115.39794171 
111 -33.68548816  115.39695275 
112 -33.68568225  115.39676423 -33.68570086  115.39675784 
112 -33.68604916  115.39670991 -33.68616614  115.39674506 
112 -33.68641340  115.39715405 -33.68645328  115.39729144 
112 -33.68666158  115.39757415 -33.68672914  115.39755868 
111 -33.68760323  115.39708449 
111 -33.68821127  115.39860256 
113 -33.68672116  115.39941048 
120 Linear Feature 39
111 -33.68717095  115.40133893   1 
112 -33.68692942  115.40190199 -33.68663887  115.40206786   1 
115 -33.68663887  115.40206786 
120 Linear Feature 33
111 -33.68603586  115.39924111   1 
115 -33.68605896  115.39918742 
120 Linear Feature 32
111 -33.68601507  115.39923370   2 
112 -33.68595653  115.39931330 -33.68595037  115.39935310   2 
112 -33.68597425  115.39944565 -33.68600351  115.39947527   2 
115 -33.68608515  115.39952988 
120 Linear Feature 31
111 -33.68779843  115.40140760   1 
112 -33.68742979  115.40151672 -33.68732991  115.40149489   1 
112 -33.68716829  115.40133776 -33.68713561  115.40126792   1 
111 -33.68641117  115.39945268   1 
112 -33.68629178  115.39935026 -33.68620624  115.39931419   1 
115 -33.68588768  115.39917825 
120 Linear Feature 30
111 -33.68676904  115.39911819   1 
111 -33.68663037  115.39875710   1 
111 -33.68581738  115.39921590   1 
115 -33.68597690  115.39959613 
120 Linear Feature 29
111 -33.68594100  115.39961704   1 
115 -33.68680736  115.39909881 
120 Linear Feature 28
111 -33.68664596  115.39869617   1 
115 -33.68680640  115.39909469 
120 Linear Feature 38
111 -33.68653315  115.39960208   1 
112 -33.68658338  115.39953679 -33.68662643  115.39950969   1 
115 -33.68834939  115.39853662 
120 Linear Feature 37
111 -33.68645515  115.39901565   1 
115 -33.68647545  115.39896144 
120 Linear Feature 36
111 -33.68642922  115.39900616   2 
112 -33.68637735  115.39908882 -33.68636607  115.39913896   2 
112 -33.68640328  115.39924060 -33.68642922  115.39927583   2 
111 -33.68647996  115.39929073   2 
115 -33.68647432  115.39942218 
120 Linear Feature 35
111 -33.68653183  115.39904817   1 
115 -33.68628940  115.39894789 
120 Linear Feature 34
111 -33.68651706  115.39971772   1 
112 -33.68654167  115.39956619 -33.68656832  115.39948242   1 
111 -33.68667287  115.39908328   1 
112 -33.68658779  115.39901060 -33.68652937  115.39901922   1 
115 -33.68651040  115.39903733 
14  -33.68653900  115.39927600    5 0 Tower Viewpoint
15  -33.68663400  115.39959200   0.00 Custom Startup Location
15  -33.68598284  115.39926341  55.78 New Ramp Start 15
18  -33.68717474  115.40051068 1 BCN
19  -33.68595773  115.40038417 1 New Windsock 11
19  -33.69312569  115.39535491 1 New Windsock 13
51 12670 CTAF
