1       14 1 0 YBSU Sunshine Coast
100   29.87   1   1 0.00 1 2 1 18  -26.59436900  153.09432300    0.00    0.00 3  0 0 0 36  -26.61011500  153.08994900    0.00    0.00 3  0 0 0
100   17.98   1   0 0.00 0 0 0 12  -26.60054700  153.08627300    0.00    0.00 2  0 0 0 30  -26.60418700  153.09139900    0.00    0.00 2  0 0 0
102 H1  -26.60383600  153.08783100 307.04   17.98   17.98   1 0   0 0.00 1
21  -26.59643700  153.09409000  2 193.97   3.00 18  PAPI-4L
21  -26.59629300  153.09344600  3 193.97   3.00 18  PAPI-4R
21  -26.60804700  153.09018200  2  13.97   3.00 36  PAPI-4L
21  -26.60819100  153.09082600  3  13.97   3.00 36  PAPI-4R
110   1 0.00  13.97 Taxiway
111 -26.60136100  153.08541900 
112 -26.60171700  153.08497600 -26.60176900  153.08491100 
112 -26.60169700  153.08480700 -26.60163200  153.08475900 
111 -26.60095700  153.08426300 
111 -26.60102100  153.08415400 
111 -26.60191600  153.08481200 
112 -26.60263700  153.08535000 -26.60270200  153.08539900 
112 -26.60274300  153.08543300 -26.60274900  153.08544000 
111 -26.60275200  153.08544300 
112 -26.60280200  153.08550600 -26.60283500  153.08554700 
112 -26.60290200  153.08564400 -26.60293500  153.08569500 
111 -26.60295200  153.08572000 
111 -26.60305200  153.08586700 
111 -26.60317000  153.08604400 
111 -26.60330200  153.08625300 
111 -26.60383400  153.08701500 
111 -26.60398000  153.08723100 
111 -26.60388700  153.08730900 
112 -26.60383200  153.08722700 -26.60379500  153.08717300 
112 -26.60368200  153.08722400 -26.60361900  153.08727600 
112 -26.60299200  153.08780400 -26.60292900  153.08785600 
112 -26.60296900  153.08798600 -26.60301600  153.08805500 
111 -26.60435500  153.09001300 
112 -26.60441200  153.09009800 -26.60445000  153.09015500 
112 -26.60456600  153.09015400 -26.60463100  153.09013500 
111 -26.60466200  153.09012600 
112 -26.60472700  153.09010700 -26.60477000  153.09009400  53 102 
112 -26.60475800  153.08994200 -26.60473500  153.08984500  53 102 
111 -26.60472400  153.08979600  53 102 
111 -26.60466400  153.08955600  53 102 
112 -26.60461000  153.08936600 -26.60457400  153.08923900  53 102 
112 -26.60444500  153.08900100 -26.60437100  153.08888400  53 102 
111 -26.60433300  153.08882500  53 102 
111 -26.60408000  153.08846600 
111 -26.60402100  153.08837400 
111 -26.60396100  153.08828200 
111 -26.60416100  153.08823000 
111 -26.60419700  153.08828400 
111 -26.60423200  153.08833800  53 
111 -26.60430500  153.08843900  53 
111 -26.60450300  153.08872200 
111 -26.60461400  153.08889700 
112 -26.60461900  153.08890500 -26.60469300  153.08902200  53 
111 -26.60476000  153.08918500  53 
111 -26.60479000  153.08929000 
111 -26.60486100  153.08954600 
111 -26.60488600  153.08964300 102 
111 -26.60491000  153.08974000  53 102 
112 -26.60494500  153.08989000 -26.60496800  153.08998900  53 102 
112 -26.60506900  153.09001800 -26.60512900  153.09000400  53 102 
111 -26.60515800  153.08999600  53 
111 -26.60575200  153.08983100 
112 -26.60582400  153.08980800 -26.60587200  153.08979300  53 102 
112 -26.60586800  153.08967100 -26.60584900  153.08959500  53 102 
111 -26.60583900  153.08955700  53 102 
111 -26.60582300  153.08947300 
111 -26.60580600  153.08938900 
111 -26.60572400  153.08905300 
111 -26.60590600  153.08898200 
111 -26.60599200  153.08933500 
111 -26.60600100  153.08938500  53 102 
112 -26.60608300  153.08940900 -26.60613100  153.08939200  53 102 
111 -26.60615600  153.08938300 
111 -26.60629600  153.08933900 
112 -26.60728800  153.08904600 -26.60736300  153.08902400 
112 -26.60737100  153.08888700 -26.60735100  153.08880300 
111 -26.60731700  153.08865700 
112 -26.60718600  153.08806400 -26.60716700  153.08797900 
111 -26.60712300  153.08794700 
111 -26.60708700  153.08795800 
111 -26.60698300  153.08799000 
111 -26.60695000  153.08800000 
111 -26.60691600  153.08801000 
111 -26.60681100  153.08804000 
111 -26.60674600  153.08805700 
111 -26.60668100  153.08807400 
111 -26.60656900  153.08807100 
111 -26.60662300  153.08795600 
111 -26.60683800  153.08789900 
111 -26.60700800  153.08784700 
111 -26.60718500  153.08779300 
111 -26.60736200  153.08773900 
111 -26.60740900  153.08772400 
111 -26.60745600  153.08771000 
111 -26.60756000  153.08767900 
111 -26.60759600  153.08766800 
111 -26.60763200  153.08765700 
111 -26.60777000  153.08761500 
111 -26.60790700  153.08757300 
111 -26.60805400  153.08752800 
111 -26.60819100  153.08748700 
111 -26.60834300  153.08744000 
111 -26.60855600  153.08737600 
111 -26.60864200  153.08748500 
111 -26.60867000  153.08761200 
111 -26.60879300  153.08817000 
112 -26.60884900  153.08845500 -26.60886600  153.08854000 
112 -26.60898700  153.08855200 -26.60906200  153.08853100 
111 -26.60926100  153.08847600  53 
112 -26.60954100  153.08839400 -26.60961600  153.08837200  53 
112 -26.60968500  153.08848700 -26.60970600  153.08857100  53 
111 -26.60983400  153.08908300 
111 -26.60994900  153.08961500 
112 -26.61003500  153.08998400 -26.61005500  153.09006800 
112 -26.60980400  153.09018200 -26.60963000  153.09023000 
111 -26.60980400  153.09018200 
111 -26.60962200  153.08992400 
112 -26.60962200  153.08992400 -26.60979600  153.08987600 
112 -26.60985900  153.08975000 -26.60984300  153.08968200 
111 -26.60983500  153.08964700 
111 -26.60972000  153.08911500 
112 -26.60960300  153.08864500 -26.60958200  153.08856100 
112 -26.60945900  153.08855200 -26.60938400  153.08857400 
111 -26.60928900  153.08860200 
111 -26.60884400  153.08872500 
111 -26.60748700  153.08912300 
111 -26.60632600  153.08946500 
111 -26.60619000  153.08950900 
112 -26.60611500  153.08953600 -26.60606400  153.08955300  53 102 
112 -26.60606800  153.08967700 -26.60608700  153.08975400  53 102 
111 -26.60609700  153.08979100  53 102 
111 -26.60614800  153.09001700  53 102 
111 -26.60629000  153.09063200  53 102 
112 -26.60631400  153.09073500 -26.60632900  153.09080400  53 102 
112 -26.60659800  153.09076600 -26.60677200  153.09071800 
111 -26.60659800  153.09076600 
111 -26.60630900  153.09115500 
111 -26.60588900  153.09096100 
112 -26.60588900  153.09096100 -26.60606300  153.09091300  53 102 
112 -26.60612700  153.09078800 -26.60611200  153.09072100  53 102 
111 -26.60610400  153.09068600  53 102 
111 -26.60596200  153.09007100  53 102 
112 -26.60594400  153.08999200 -26.60593200  153.08993900  53 102 
112 -26.60585400  153.08993500 -26.60580600  153.08995000  53 102 
111 -26.60578200  153.08995700  53 
111 -26.60518400  153.09012400 
112 -26.60509700  153.09014500 -26.60503800  153.09015800  53 102 
112 -26.60505900  153.09037200 -26.60509200  153.09051000  53 102 
111 -26.60519600  153.09093800  53 102 
112 -26.60521800  153.09104000 -26.60523300  153.09110700  53 102 
112 -26.60550100  153.09106900 -26.60567500  153.09102100 
111 -26.60550100  153.09106900 
111 -26.60521100  153.09145800 
111 -26.60479300  153.09126400 
112 -26.60479300  153.09126400 -26.60496700  153.09121600  53 102 
112 -26.60503200  153.09109200 -26.60501700  153.09102500  53 102 
111 -26.60501000  153.09099200  53 102 
112 -26.60487200  153.09042100 -26.60483900  153.09028300  53 102 
112 -26.60475700  153.09023300 -26.60471400  153.09024600  53 102 
111 -26.60469200  153.09025200 
111 -26.60446000  153.09032000 
111 -26.60383500  153.09048600 
112 -26.60375200  153.09050900 -26.60369700  153.09052400 
112 -26.60377000  153.09067200 -26.60383700  153.09076600 
111 -26.60377000  153.09067200 
111 -26.60359700  153.09071900 
112 -26.60359700  153.09071900 -26.60353000  153.09062500 
112 -26.60338700  153.09060800 -26.60331400  153.09062800 
111 -26.60327800  153.09063800 
111 -26.60063900  153.09136900 
112 -26.60037300  153.09144300 -26.60029800  153.09146400 
112 -26.60029700  153.09159800 -26.60032200  153.09168100 
111 -26.60037600  153.09186400 
111 -26.60048900  153.09224000 
112 -26.60051700  153.09234000 -26.60053600  153.09240700 
112 -26.60080600  153.09236800 -26.60098000  153.09232000 
111 -26.60080600  153.09236800 
111 -26.60056000  153.09274500 
111 -26.60017100  153.09254400 
112 -26.60017100  153.09254400 -26.60034400  153.09249500 
112 -26.60040400  153.09237600 -26.60038600  153.09231300 
111 -26.60037700  153.09228000 
111 -26.60026600  153.09190600  53 
112 -26.60014700  153.09150600 -26.60012200  153.09142300  53 
112 -26.60022300  153.09135100 -26.60029800  153.09133000  53 
111 -26.60061100  153.09124300 
111 -26.60325000  153.09051200 
112 -26.60333300  153.09048900 -26.60338800  153.09047400 
112 -26.60335400  153.09037800 -26.60331300  153.09031900 
111 -26.60335400  153.09037800 
111 -26.60350400  153.09029800 
112 -26.60350400  153.09029800 -26.60356100  153.09037800 
112 -26.60369800  153.09038800 -26.60377100  153.09036800 
111 -26.60380700  153.09035800 
112 -26.60423100  153.09024600 -26.60430700  153.09022600 
112 -26.60430300  153.09015400 -26.60427500  153.09011300 
111 -26.60426100  153.09009300 
111 -26.60277000  153.08790900 
111 -26.60239800  153.08738900 
111 -26.60226000  153.08719500 
111 -26.60212300  153.08701200 
111 -26.60153300  153.08621900 
112 -26.60128100  153.08589800 -26.60123000  153.08583300 
112 -26.60111800  153.08588800 -26.60106100  153.08594700 
111 -26.60081100  153.08620100 
112 -26.60074400  153.08625900 -26.60069900  153.08629800 
112 -26.60077700  153.08645900 -26.60084400  153.08655400 
111 -26.60077700  153.08645900 
111 -26.60057800  153.08646700 
112 -26.60057800  153.08646700 -26.60051100  153.08637200 
112 -26.60056900  153.08624500 -26.60063000  153.08619200 
111 -26.60073500  153.08610100 
112 -26.60108100  153.08574900 -26.60113800  153.08569000 
112 -26.60123800  153.08557400 -26.60128500  153.08551600 
113 -26.60130800  153.08548600 
111 -26.60847700  153.08753500 
111 -26.60842500  153.08755100 
111 -26.60832000  153.08758200 
111 -26.60829600  153.08758900 
111 -26.60827200  153.08759700 
111 -26.60816800  153.08762900 
111 -26.60815200  153.08763400 
111 -26.60813600  153.08763900 
111 -26.60803200  153.08767000 
111 -26.60801100  153.08767700 
111 -26.60798900  153.08768300 
111 -26.60788500  153.08771500 
111 -26.60786900  153.08772000 
111 -26.60785300  153.08772500 
111 -26.60774800  153.08775700 
111 -26.60773100  153.08776200 
111 -26.60771400  153.08776700 
111 -26.60761000  153.08779900 
111 -26.60759900  153.08780300 
111 -26.60758800  153.08780600 
111 -26.60748400  153.08783700 
111 -26.60746400  153.08784400 
111 -26.60744300  153.08785000 
111 -26.60733800  153.08788100 
111 -26.60730400  153.08789200 
112 -26.60729900  153.08802900 -26.60731800  153.08811400 
111 -26.60743100  153.08862500 
112 -26.60748400  153.08885400 -26.60750400  153.08893800 
112 -26.60762700  153.08894700 -26.60770200  153.08892500 
112 -26.60864800  153.08864800 -26.60872300  153.08862600 
112 -26.60873600  153.08848700 -26.60871900  153.08840200 
111 -26.60867900  153.08820000 
114 -26.60855700  153.08764600 -26.60853800  153.08756100 
111 -26.60153700  153.08539500 
111 -26.60145900  153.08549200 
111 -26.60139600  153.08557200 
111 -26.60134200  153.08564000  53 
112 -26.60136400  153.08580600 -26.60141500  153.08587100  53 
111 -26.60162100  153.08613500 
111 -26.60221300  153.08692800 
112 -26.60226900  153.08700300 -26.60230600  153.08705300 
111 -26.60239000  153.08702100 
111 -26.60240900  153.08700000 
111 -26.60312200  153.08635400 
111 -26.60314800  153.08623600 
111 -26.60311000  153.08617500 
111 -26.60304100  153.08606900 
111 -26.60302800  153.08604900 
111 -26.60301400  153.08602800 
111 -26.60289800  153.08585600 
111 -26.60289600  153.08585300 
111 -26.60289300  153.08585000 
111 -26.60282300  153.08574500 
111 -26.60280900  153.08572300 
111 -26.60279500  153.08570100 
111 -26.60272000  153.08560000 
111 -26.60271100  153.08558800 
111 -26.60270100  153.08557500 
111 -26.60265500  153.08551900 
111 -26.60199100  153.08502500 
114 -26.60181600  153.08504900 -26.60176400  153.08511400 
112 -26.60361100  153.08712100 -26.60367400  153.08706900 
112 -26.60363300  153.08694000 -26.60358500  153.08687100 
112 -26.60330700  153.08647200 -26.60325900  153.08640300 
111 -26.60317100  153.08642700 
111 -26.60252700  153.08701100 
111 -26.60253000  153.08701500 
112 -26.60244200  153.08709200 -26.60239900  153.08713000 
112 -26.60243400  153.08722800 -26.60247200  153.08728100 
111 -26.60249000  153.08730700 
112 -26.60275300  153.08767700 -26.60280200  153.08774500 
114 -26.60292000  153.08770100 -26.60298300  153.08764900 
110   1 0.00  13.97 Closed taxiway
112 -26.60630800  153.08757000 -26.60631500  153.08760300  53 
111 -26.60645100  153.08820200  53 
112 -26.60652800  153.08856700 -26.60653500  153.08860000  53 
112 -26.60650900  153.08865500 -26.60649000  153.08868100  53 
111 -26.60644300  153.08874500  53 
111 -26.60623200  153.08903300  53 
111 -26.60600800  153.08933600 
111 -26.60597300  153.08930400 
111 -26.60619800  153.08900100 
111 -26.60640900  153.08871300 
112 -26.60646100  153.08864300 -26.60648000  153.08861700 
112 -26.60648000  153.08855500 -26.60647300  153.08852200 
111 -26.60640700  153.08821400 
112 -26.60627600  153.08763200 -26.60626900  153.08759900 
112 -26.60622200  153.08759700 -26.60619300  153.08760600 
111 -26.60485800  153.08802900 
112 -26.60469600  153.08808000 -26.60466700  153.08808900 
112 -26.60462600  153.08805300 -26.60460800  153.08802600 
112 -26.60441600  153.08773300 -26.60439800  153.08770600 
112 -26.60435400  153.08772300 -26.60433100  153.08774400 
112 -26.60395100  153.08807600 -26.60392800  153.08809700 
112 -26.60394200  153.08814800 -26.60395900  153.08817500 
111 -26.60408600  153.08837200 
111 -26.60405000  153.08840100  53 
112 -26.60388000  153.08813800 -26.60386300  153.08811100  53 
112 -26.60388900  153.08806600 -26.60391200  153.08804500  53 
112 -26.60436200  153.08765100 -26.60438500  153.08763000  53 
112 -26.60442400  153.08766000 -26.60444200  153.08768700  53 
112 -26.60464400  153.08799600 -26.60466200  153.08802300  53 
112 -26.60471400  153.08802200 -26.60474300  153.08801300  53 
111 -26.60484600  153.08798100  53 
114 -26.60625400  153.08753500 -26.60628300  153.08752600  53 
110   1 0.00  13.97 Closed taxiway
112 -26.60715700  153.08809900 -26.60716000  153.08811200  53 
111 -26.60722900  153.08835800 
111 -26.60721200  153.08836400 
112 -26.60714500  153.08812300 -26.60714200  153.08811000 
112 -26.60712300  153.08810900 -26.60711200  153.08811200 
112 -26.60681300  153.08820300 -26.60680200  153.08820600 
112 -26.60680100  153.08822700 -26.60680400  153.08824000 
111 -26.60685900  153.08847900 
111 -26.60684200  153.08848400  53 
112 -26.60677900  153.08821300 -26.60677600  153.08820000  53 
112 -26.60679100  153.08818900 -26.60680200  153.08818600  53 
114 -26.60713500  153.08808500 -26.60714600  153.08808200  53 
110   1 0.00  13.97 Closed taxiway
112 -26.60662500  153.08783100 -26.60663600  153.08782800 
111 -26.60895700  153.08709800 
111 -26.60896200  153.08711700  53 
112 -26.60661300  153.08785500 -26.60660200  153.08785800  53 
112 -26.60659200  153.08784100 -26.60658900  153.08782800  53 
111 -26.60650800  153.08747800 
111 -26.60652500  153.08747300 
114 -26.60660400  153.08781700 -26.60660700  153.08783000 
110   1 0.00  13.97 Closed taxiway
112 -26.60853000  153.08770500 -26.60853300  153.08771800  53 
111 -26.60857900  153.08793800 
111 -26.60856100  153.08794300 
112 -26.60851600  153.08772900 -26.60851300  153.08771600 
112 -26.60849500  153.08771400 -26.60848400  153.08771700 
112 -26.60737300  153.08803500 -26.60736200  153.08803800 
112 -26.60736100  153.08805900 -26.60736400  153.08807200 
111 -26.60741600  153.08828500 
111 -26.60739900  153.08829000  53 
112 -26.60733900  153.08804500 -26.60733600  153.08803200  53 
112 -26.60735100  153.08802100 -26.60736200  153.08801800  53 
114 -26.60850900  153.08769000 -26.60852000  153.08768700  53 
110   1 0.00  13.97 Closed taxiway
112 -26.60263400  153.08553100 -26.60264500  153.08554700  53 
112 -26.60307500  153.08617600 -26.60308600  153.08619200  53 
112 -26.60307000  153.08621800 -26.60305600  153.08623000  53 
112 -26.60283600  153.08642100 -26.60282200  153.08643300  53 
112 -26.60279900  153.08641500 -26.60278800  153.08639900  53 
111 -26.60268200  153.08623800  53 
112 -26.60237400  153.08574800 -26.60236300  153.08573100  53 
112 -26.60238000  153.08570500 -26.60239500  153.08569300  53 
114 -26.60259600  153.08552500 -26.60261100  153.08551300  53 
112 -26.60262800  153.08557300 -26.60261700  153.08555700 
112 -26.60259000  153.08556700 -26.60257500  153.08557900 
112 -26.60241800  153.08571100 -26.60240300  153.08572300 
112 -26.60241100  153.08575400 -26.60242100  153.08577100 
111 -26.60270400  153.08622000 
112 -26.60280500  153.08637300 -26.60281600  153.08638900 
112 -26.60284200  153.08637800 -26.60285600  153.08636500 
112 -26.60303200  153.08621300 -26.60304600  153.08620000 
114 -26.60303700  153.08617000 -26.60302600  153.08615400 
110   1 0.00  13.97 Closed taxiway
112 -26.60824500  153.08585200 -26.60819900  153.08586700 
112 -26.60819000  153.08593200 -26.60819900  153.08597100 
112 -26.60820900  153.08600800 -26.60821800  153.08604700 
112 -26.60827500  153.08604900 -26.60831000  153.08603800 
111 -26.60862100  153.08593700 
111 -26.60863600  153.08599500 
111 -26.60821100  153.08613200 
111 -26.60803100  153.08619000 
111 -26.60707700  153.08649600 
111 -26.60672400  153.08661100 
111 -26.60647600  153.08668700 
111 -26.60646200  153.08662900 
112 -26.60662400  153.08657900 -26.60665900  153.08656800 
112 -26.60665900  153.08648500 -26.60664800  153.08643300 
112 -26.60665000  153.08644500 -26.60663900  153.08639300 
112 -26.60660600  153.08637300 -26.60658800  153.08637700 
111 -26.60657900  153.08638000 
112 -26.60643000  153.08643100 -26.60638400  153.08644600 
112 -26.60632800  153.08648800 -26.60630600  153.08651100 
112 -26.60629500  153.08652300 -26.60627300  153.08654600 
112 -26.60623400  153.08663100 -26.60621500  153.08668000 
112 -26.60616600  153.08681300 -26.60614700  153.08686200 
112 -26.60607100  153.08691600 -26.60602600  153.08693500 
112 -26.60574200  153.08705500 -26.60569700  153.08707400 
112 -26.60560500  153.08710300 -26.60555800  153.08711600 
112 -26.60537200  153.08716700 -26.60532500  153.08718000 
112 -26.60523000  153.08718500 -26.60518200  153.08718400 
112 -26.60503500  153.08718000 -26.60498700  153.08717900 
112 -26.60489900  153.08714300 -26.60485600  153.08711900 
112 -26.60466900  153.08701400 -26.60462600  153.08699000 
112 -26.60458800  153.08690000 -26.60457700  153.08684800 
112 -26.60457700  153.08685400 -26.60456600  153.08680200 
112 -26.60451900  153.08671000 -26.60449200  153.08666600 
111 -26.60447600  153.08664100 
111 -26.60439700  153.08651900 
112 -26.60398300  153.08595000 -26.60396000  153.08591900 
112 -26.60390700  153.08594200 -26.60387900  153.08596800 
111 -26.60381000  153.08603200 
111 -26.60346900  153.08631100 
111 -26.60343700  153.08626300 
111 -26.60377600  153.08598400 
112 -26.60387300  153.08589400 -26.60390100  153.08586900 
112 -26.60388200  153.08580900 -26.60386000  153.08577800 
112 -26.60329600  153.08497500 -26.60327400  153.08494400 
112 -26.60322400  153.08488600 -26.60319800  153.08485800 
112 -26.60317500  153.08483300 -26.60314900  153.08480500 
112 -26.60309300  153.08475500 -26.60306400  153.08473100 
112 -26.60240000  153.08418300 -26.60237100  153.08415900 
112 -26.60232900  153.08419800 -26.60231000  153.08423200 
111 -26.60200700  153.08477700 
111 -26.60196100  153.08474500 
112 -26.60228500  153.08416300 -26.60230400  153.08412900 
112 -26.60226800  153.08407900 -26.60223800  153.08405700 
111 -26.60136200  153.08341000 
111 -26.60139100  153.08335900 
111 -26.60236500  153.08407800 
112 -26.60312900  153.08470900 -26.60315800  153.08473300 
112 -26.60321100  153.08478700 -26.60323700  153.08481500 
112 -26.60326400  153.08484600 -26.60329000  153.08487400 
112 -26.60333600  153.08493500 -26.60335800  153.08496600 
111 -26.60397400  153.08584100 
112 -26.60440200  153.08643700 -26.60442500  153.08646800 
112 -26.60447200  153.08648500 -26.60449600  153.08648600 
112 -26.60449100  153.08648600 -26.60451500  153.08648700 
112 -26.60455400  153.08646100 -26.60457200  153.08644400 
112 -26.60458100  153.08643400 -26.60459900  153.08641700 
112 -26.60462100  153.08634900 -26.60463000  153.08631000 
111 -26.60469500  153.08600100 
112 -26.60479700  153.08558200 -26.60480600  153.08554300 
112 -26.60485700  153.08546200 -26.60488800  153.08542100 
112 -26.60502000  153.08523700 -26.60505100  153.08519600 
112 -26.60511800  153.08515900 -26.60515300  153.08514800 
112 -26.60523400  153.08512500 -26.60526900  153.08511400 
112 -26.60534000  153.08510400 -26.60537600  153.08510100 
112 -26.60559000  153.08508100 -26.60562600  153.08507800 
112 -26.60569800  153.08508100 -26.60573400  153.08508400 
112 -26.60590600  153.08509800 -26.60594200  153.08510100 
112 -26.60600900  153.08512800 -26.60604200  153.08514500 
112 -26.60615500  153.08520500 -26.60618800  153.08522200 
112 -26.60620600  153.08529000 -26.60620700  153.08533000 
111 -26.60622600  153.08576500 
112 -26.60625200  153.08621400 -26.60625400  153.08625400 
112 -26.60629000  153.08630500 -26.60631300  153.08632600 
112 -26.60632900  153.08633800 -26.60635200  153.08635900 
112 -26.60643300  153.08634600 -26.60647900  153.08633100 
111 -26.60656100  153.08630200 
111 -26.60665100  153.08628000 
111 -26.60673500  153.08625200 
111 -26.60684000  153.08621400 
112 -26.60687100  153.08620600 -26.60689100  153.08620100 
112 -26.60689100  153.08615600 -26.60688400  153.08612800 
111 -26.60688000  153.08611300 
111 -26.60660300  153.08497500 
111 -26.60667200  153.08495400 
111 -26.60695000  153.08609100 
112 -26.60696100  153.08613400 -26.60696800  153.08616200 
112 -26.60700100  153.08616600 -26.60702100  153.08615900 
111 -26.60703100  153.08615500 
111 -26.60742000  153.08603200 
112 -26.60745500  153.08602200 -26.60747800  153.08601500 
112 -26.60748300  153.08598300 -26.60747800  153.08596400 
111 -26.60747500  153.08595500 
111 -26.60718500  153.08479500 
111 -26.60725400  153.08477300 
111 -26.60754500  153.08593300 
112 -26.60755200  153.08596100 -26.60755700  153.08598000 
112 -26.60759700  153.08597600 -26.60762200  153.08596700 
111 -26.60763600  153.08596200 
111 -26.60801600  153.08584200 
111 -26.60813100  153.08580400 
112 -26.60823700  153.08577100 -26.60828300  153.08575600 
112 -26.60829900  153.08571900 -26.60829400  153.08569900 
111 -26.60829200  153.08568900 
111 -26.60820900  153.08533700 
111 -26.60827900  153.08531700 
111 -26.60836200  153.08566900 
112 -26.60836800  153.08569700 -26.60837300  153.08571600 
112 -26.60839700  153.08571800 -26.60841200  153.08571300 
111 -26.60841900  153.08571100 
112 -26.60891700  153.08555300 -26.60896300  153.08553800 
112 -26.60900400  153.08560900 -26.60901600  153.08566100 
112 -26.60950900  153.08772900 -26.60952100  153.08778100 
112 -26.60959600  153.08778600 -26.60964200  153.08777200 
111 -26.61043600  153.08752900 
111 -26.61234200  153.08697300 
111 -26.61236000  153.08705100 
111 -26.61045400  153.08760700 
112 -26.60954600  153.08788400 -26.60950000  153.08789800 
112 -26.60945900  153.08782700 -26.60944700  153.08777500 
112 -26.60895400  153.08570900 -26.60894200  153.08565700 
112 -26.60886700  153.08565300 -26.60882100  153.08566800 
111 -26.60843900  153.08578900 
113 -26.60836000  153.08581600 
111 -26.60754400  153.08607800 
111 -26.60744000  153.08611000 
111 -26.60705100  153.08623300 
111 -26.60695600  153.08626600 
111 -26.60686000  153.08629200 
111 -26.60675700  153.08632800 
112 -26.60673000  153.08633700 -26.60671200  153.08634300 
112 -26.60672000  153.08642400 -26.60673100  153.08647600 
112 -26.60672800  153.08646300 -26.60673900  153.08651500 
112 -26.60679700  153.08652400 -26.60683200  153.08651300 
111 -26.60706300  153.08643800 
111 -26.60801700  153.08613200 
112 -26.60811900  153.08609900 -26.60815400  153.08608800 
112 -26.60815700  153.08602400 -26.60814800  153.08598500 
112 -26.60813900  153.08594800 -26.60813000  153.08590900 
112 -26.60808100  153.08590500 -26.60805200  153.08591500 
111 -26.60803600  153.08592000 
113 -26.60765600  153.08604000 
112 -26.60603700  153.08679500 -26.60602000  153.08676900 
112 -26.60596100  153.08677800 -26.60592800  153.08679300 
111 -26.60563500  153.08692300 
112 -26.60532900  153.08702000 -26.60529400  153.08703100 
112 -26.60522300  153.08703800 -26.60518700  153.08703900 
112 -26.60505400  153.08704300 -26.60501800  153.08704400 
112 -26.60495000  153.08702100 -26.60491700  153.08700600 
112 -26.60486100  153.08697900 -26.60482800  153.08696400 
112 -26.60476800  153.08691900 -26.60473900  153.08689400 
112 -26.60473900  153.08689300 -26.60471000  153.08686800 
112 -26.60467100  153.08684100 -26.60465400  153.08683100 
112 -26.60465600  153.08687400 -26.60466300  153.08690600 
112 -26.60473100  153.08695800 -26.60477400  153.08698200 
112 -26.60491700  153.08706300 -26.60496000  153.08708700 
112 -26.60505300  153.08710100 -26.60510100  153.08710200 
112 -26.60522200  153.08710400 -26.60527000  153.08710500 
112 -26.60536400  153.08708700 -26.60541100  153.08707400 
112 -26.60558300  153.08702700 -26.60563000  153.08701400 
112 -26.60572000  153.08697900 -26.60576500  153.08696000 
114 -26.60599500  153.08686300 -26.60604000  153.08684400 
111 -26.60512800  153.08638300 
112 -26.60509500  153.08670300 -26.60509100  153.08674300 
112 -26.60514300  153.08677000 -26.60517900  153.08677500 
112 -26.60519300  153.08677700 -26.60522900  153.08678200 
112 -26.60529900  153.08676800 -26.60533400  153.08675700 
112 -26.60550800  153.08670300 -26.60554300  153.08669200 
112 -26.60561000  153.08666500 -26.60564300  153.08665000 
112 -26.60599100  153.08650000 -26.60602400  153.08648500 
112 -26.60604400  153.08642800 -26.60604600  153.08639500 
112 -26.60605000  153.08635200 -26.60605200  153.08631900 
112 -26.60605100  153.08625200 -26.60605000  153.08621900 
111 -26.60603100  153.08569500 
111 -26.60607600  153.08569300 
112 -26.60609700  153.08625200 -26.60609800  153.08628500 
112 -26.60609500  153.08635200 -26.60609200  153.08638500 
112 -26.60608800  153.08645500 -26.60608500  153.08648800 
112 -26.60607500  153.08655400 -26.60606900  153.08658700 
112 -26.60605400  153.08665900 -26.60604800  153.08669200 
112 -26.60607200  153.08674700 -26.60608900  153.08677300 
112 -26.60612600  153.08671200 -26.60614500  153.08666300 
112 -26.60617000  153.08659200 -26.60618900  153.08654300 
112 -26.60619900  153.08646800 -26.60620000  153.08643500 
111 -26.60620300  153.08628300 
111 -26.60617200  153.08576900 
112 -26.60615400  153.08533000 -26.60615300  153.08529000 
112 -26.60610300  153.08524500 -26.60607000  153.08522800 
112 -26.60599500  153.08518800 -26.60596200  153.08517100 
112 -26.60589200  153.08515800 -26.60585600  153.08515500 
112 -26.60569800  153.08514100 -26.60566200  153.08513800 
112 -26.60559000  153.08514100 -26.60555400  153.08514400 
112 -26.60536400  153.08516200 -26.60532800  153.08516500 
112 -26.60529100  153.08522400 -26.60527800  153.08526200 
112 -26.60524500  153.08536700 -26.60523200  153.08540500 
114 -26.60522000  153.08548400 -26.60521600  153.08552400 
112 -26.60508200  153.08629800 -26.60508600  153.08625800 
112 -26.60516800  153.08547000 -26.60517200  153.08543000 
112 -26.60519200  153.08535300 -26.60520400  153.08531500 
112 -26.60523000  153.08524000 -26.60524200  153.08520200 
112 -26.60519600  153.08519800 -26.60516100  153.08520800 
112 -26.60517800  153.08520400 -26.60514300  153.08521400 
112 -26.60508100  153.08528100 -26.60505100  153.08532200 
112 -26.60489400  153.08553800 -26.60486400  153.08557900 
112 -26.60483500  153.08565800 -26.60482600  153.08569700 
111 -26.60474700  153.08601500 
111 -26.60466700  153.08641400 
112 -26.60464000  153.08666700 -26.60463400  153.08672000 
112 -26.60467900  153.08677600 -26.60471100  153.08679500 
112 -26.60476900  153.08684300 -26.60479800  153.08686800 
112 -26.60479600  153.08686700 -26.60482500  153.08689200 
112 -26.60488900  153.08692700 -26.60492200  153.08694200 
112 -26.60496000  153.08696100 -26.60499300  153.08697600 
112 -26.60506400  153.08698300 -26.60510000  153.08698200 
112 -26.60521500  153.08697800 -26.60525100  153.08697700 
112 -26.60532100  153.08696000 -26.60535600  153.08694900 
111 -26.60561700  153.08686500 
112 -26.60595200  153.08671800 -26.60598500  153.08670300 
112 -26.60601100  153.08664700 -26.60601700  153.08661400 
112 -26.60602100  153.08659600 -26.60602700  153.08656300 
112 -26.60598000  153.08656900 -26.60594700  153.08658400 
112 -26.60562800  153.08672300 -26.60559500  153.08673800 
112 -26.60552600  153.08676100 -26.60549100  153.08677200 
112 -26.60530300  153.08683000 -26.60526800  153.08684100 
112 -26.60519700  153.08683900 -26.60516100  153.08683400 
112 -26.60508300  153.08682200 -26.60504700  153.08681700 
112 -26.60503500  153.08675500 -26.60503900  153.08671500 
112 -26.60506300  153.08648400 -26.60506700  153.08644400 
112 -26.60501800  153.08644400 -26.60498400  153.08645700 
111 -26.60492100  153.08648100 
111 -26.60490400  153.08642400 
114 -26.60502500  153.08637800 -26.60505900  153.08636500 
112 -26.60628500  153.08636400 -26.60626100  153.08634300 
112 -26.60624700  153.08638300 -26.60624600  153.08641600 
112 -26.60624500  153.08645700 -26.60624400  153.08649000 
112 -26.60627600  153.08647300 -26.60629800  153.08645000 
112 -26.60630500  153.08644400 -26.60632700  153.08642100 
114 -26.60630200  153.08637900 -26.60627800  153.08635800 
112 -26.60450300  153.08652600 -26.60447900  153.08652500 
112 -26.60448800  153.08652500 -26.60446400  153.08652400 
112 -26.60447700  153.08655300 -26.60449400  153.08657200 
111 -26.60451800  153.08660300 
112 -26.60454400  153.08663100 -26.60456100  153.08665000 
112 -26.60457900  153.08657900 -26.60458600  153.08652600 
112 -26.60458100  153.08655800 -26.60458800  153.08650500 
114 -26.60456500  153.08650300 -26.60454800  153.08652000 
110   1 0.00  13.97 Closed taxiway
111 -26.60415000  153.08718000  53 
111 -26.60443800  153.08759500 
111 -26.60440200  153.08762500  53 
111 -26.60411400  153.08721200  53 
111 -26.60398500  153.08731200 
111 -26.60396900  153.08728800 
111 -26.60425200  153.08705700 
113 -26.60426800  153.08708100  53 
110   1 0.00  13.97 Closed taxiway
112 -26.60874600  153.08761800 -26.60876300  153.08761300  53 
111 -26.60907200  153.08751800 
111 -26.60908000  153.08754800 
112 -26.60877800  153.08764000 -26.60876100  153.08764500 
112 -26.60875800  153.08767700 -26.60876200  153.08769600 
111 -26.60880300  153.08788100 
111 -26.60877700  153.08788800  53 
114 -26.60872600  153.08765500 -26.60872200  153.08763600  53 
110   1 0.00  13.97 Closed taxiway
112 -26.60526900  153.08928800 -26.60529800  153.08927900 
112 -26.60538800  153.08924800 -26.60541700  153.08923900 
112 -26.60547600  153.08922800 -26.60550600  153.08922400 
112 -26.60558300  153.08921300 -26.60561300  153.08920900 
112 -26.60566300  153.08923900 -26.60568600  153.08926000 
111 -26.60583400  153.08939300 
111 -26.60580500  153.08943200  53 
112 -26.60564900  153.08929100 -26.60562600  153.08927000  53 
112 -26.60556900  153.08926500 -26.60553900  153.08926900  53 
112 -26.60548600  153.08927800 -26.60545600  153.08928200  53 
112 -26.60539800  153.08929800 -26.60536900  153.08930700  53 
112 -26.60528700  153.08933400 -26.60525800  153.08934300  53 
112 -26.60520500  153.08937200 -26.60517900  153.08938800  53 
112 -26.60509700  153.08943900 -26.60507100  153.08945500  53 
112 -26.60504100  153.08950900 -26.60503000  153.08954000  53 
111 -26.60497500  153.08968800 
111 -26.60493400  153.08966900 
112 -26.60500500  153.08947400 -26.60501600  153.08944300 
112 -26.60506100  153.08940300 -26.60508700  153.08938700 
114 -26.60518700  153.08932600 -26.60521300  153.08931000 
110   2 0.00  13.97 Closed taxiway
111 -26.60334900  153.08611800 
111 -26.60361500  153.08587900 
111 -26.60367100  153.08595800 
113 -26.60340500  153.08619700 
110   2 0.00  13.97 Closed taxiway
111 -26.60351500  153.08636100 
111 -26.60376800  153.08614000 
111 -26.60382300  153.08622000 
113 -26.60357000  153.08644100 
110   2 0.00  13.97 Closed taxiway
112 -26.60528200  153.08732000 -26.60525800  153.08732000 
112 -26.60526700  153.08738600 -26.60528100  153.08743000 
111 -26.60528800  153.08745200 
111 -26.60522000  153.08747900 
112 -26.60519100  153.08738900 -26.60517500  153.08733800 
112 -26.60513200  153.08730500 -26.60510900  153.08730000 
112 -26.60508400  153.08729500 -26.60506100  153.08729000 
112 -26.60501600  153.08727000 -26.60499400  153.08725900 
112 -26.60481000  153.08716700 -26.60478800  153.08715600 
112 -26.60479400  153.08712700 -26.60480500  153.08711200 
112 -26.60496200  153.08690400 -26.60497300  153.08688900 
112 -26.60500600  153.08688000 -26.60502400  153.08687900 
112 -26.60511400  153.08687300 -26.60513200  153.08687200 
112 -26.60514500  153.08683200 -26.60514800  153.08680500 
111 -26.60516100  153.08664800 
111 -26.60523600  153.08589900 
111 -26.60527200  153.08590300 
111 -26.60519700  153.08665200 
112 -26.60518100  153.08683200 -26.60517800  153.08685900 
112 -26.60520400  153.08687300 -26.60522200  153.08687400 
112 -26.60537100  153.08688300 -26.60538900  153.08688400 
112 -26.60541200  153.08690900 -26.60542100  153.08692600 
112 -26.60557200  153.08719100 -26.60558100  153.08720800 
112 -26.60562100  153.08720500 -26.60564400  153.08719800 
112 -26.60566100  153.08719100 -26.60568400  153.08718400 
112 -26.60572200  153.08718800 -26.60573900  153.08719300 
112 -26.60597200  153.08725900 -26.60598900  153.08726400 
112 -26.60602400  153.08726100 -26.60604100  153.08725700 
112 -26.60606400  153.08725300 -26.60608100  153.08724900 
112 -26.60606700  153.08723000 -26.60605200  153.08721900 
111 -26.60603000  153.08720300 
111 -26.60604500  153.08717800 
112 -26.60610500  153.08722200 -26.60612000  153.08723300 
112 -26.60615300  153.08723100 -26.60617000  153.08722600 
112 -26.60617900  153.08722300 -26.60619600  153.08721800 
112 -26.60618400  153.08719600 -26.60617000  153.08718300 
111 -26.60614100  153.08715900 
111 -26.60615800  153.08713500 
112 -26.60621700  153.08718600 -26.60623100  153.08719900 
112 -26.60626400  153.08719600 -26.60628100  153.08719000 
112 -26.60629100  153.08718600 -26.60630800  153.08718000 
112 -26.60629600  153.08715800 -26.60628200  153.08714500 
111 -26.60625600  153.08712400 
111 -26.60627300  153.08710000 
112 -26.60632800  153.08714800 -26.60634200  153.08716100 
112 -26.60637500  153.08715900 -26.60639200  153.08715400 
112 -26.60638200  153.08715800 -26.60639900  153.08715300 
112 -26.60638600  153.08713200 -26.60637100  153.08712000 
111 -26.60633600  153.08709100 
111 -26.60635200  153.08706700 
112 -26.60642000  153.08712300 -26.60643500  153.08713500 
112 -26.60646800  153.08713300 -26.60648500  153.08712800 
112 -26.60652400  153.08711600 -26.60654100  153.08711100 
112 -26.60654600  153.08708800 -26.60654300  153.08707500 
112 -26.60648300  153.08675800 -26.60648000  153.08674500 
112 -26.60649600  153.08673300 -26.60650700  153.08673000 
111 -26.60702500  153.08657200 
111 -26.60709000  153.08655100 
111 -26.60709500  153.08657000 
112 -26.60705500  153.08658300 -26.60704400  153.08658700 
112 -26.60704300  153.08660800 -26.60704600  153.08662100 
111 -26.60711800  153.08692500 
111 -26.60710100  153.08693000 
112 -26.60702600  153.08661300 -26.60702300  153.08660000 
112 -26.60700400  153.08659900 -26.60699300  153.08660200 
112 -26.60651800  153.08674700 -26.60650700  153.08675000 
112 -26.60650500  153.08677200 -26.60650800  153.08678500 
111 -26.60657000  153.08711800 
111 -26.60663700  153.08739200 
111 -26.60662000  153.08739700 
112 -26.60656100  153.08715600 -26.60655800  153.08714300 
112 -26.60653000  153.08714500 -26.60651300  153.08715000 
111 -26.60644200  153.08717200 
111 -26.60635000  153.08719700 
111 -26.60623900  153.08723600 
111 -26.60612800  153.08727000 
112 -26.60602500  153.08729100 -26.60600700  153.08729500 
112 -26.60597200  153.08729000 -26.60595500  153.08728500 
112 -26.60574000  153.08722300 -26.60572300  153.08721800 
112 -26.60567900  153.08722700 -26.60565600  153.08723400 
111 -26.60558700  153.08725700 
114 -26.60535200  153.08731100 -26.60532900  153.08731600 
112 -26.60523900  153.08728000 -26.60526300  153.08728000 
112 -26.60527700  153.08727900 -26.60530100  153.08727900 
112 -26.60534800  153.08727100 -26.60537100  153.08726600 
112 -26.60552300  153.08723100 -26.60554600  153.08722600 
112 -26.60554400  153.08719800 -26.60553500  153.08718100 
112 -26.60539600  153.08693900 -26.60538700  153.08692200 
112 -26.60535500  153.08691200 -26.60533700  153.08691100 
112 -26.60518500  153.08690300 -26.60516700  153.08690200 
112 -26.60513100  153.08690300 -26.60511300  153.08690400 
112 -26.60502000  153.08690900 -26.60500200  153.08691000 
112 -26.60497600  153.08693400 -26.60496500  153.08694900 
112 -26.60484400  153.08710700 -26.60483300  153.08712200 
112 -26.60486000  153.08714700 -26.60488200  153.08715800 
112 -26.60502800  153.08723200 -26.60505000  153.08724300 
112 -26.60509600  153.08725700 -26.60511900  153.08726200 
114 -26.60516800  153.08727200 -26.60519100  153.08727700 
110   2 0.00  13.97 Closed taxiway
112 -26.60564900  153.08772100 -26.60563200  153.08772600 
112 -26.60562600  153.08774900 -26.60562800  153.08776200 
111 -26.60570200  153.08828600 
111 -26.60568500  153.08829000 
112 -26.60560800  153.08775400 -26.60560600  153.08774100 
112 -26.60557900  153.08774200 -26.60556200  153.08774700 
112 -26.60502000  153.08790500 -26.60500300  153.08791000 
112 -26.60499900  153.08793200 -26.60500200  153.08794500 
111 -26.60507500  153.08821700 
111 -26.60505800  153.08822300 
112 -26.60498100  153.08793700 -26.60497800  153.08792400 
112 -26.60495000  153.08792500 -26.60493300  153.08793000 
111 -26.60478100  153.08797200 
111 -26.60446500  153.08805600 
111 -26.60446100  153.08803700 
111 -26.60477500  153.08794800 
111 -26.60497800  153.08788600 
111 -26.60560800  153.08770200 
112 -26.60619100  153.08751700 -26.60620800  153.08751200 
112 -26.60622200  153.08752800 -26.60622500  153.08754100 
111 -26.60631300  153.08790500 
111 -26.60629600  153.08791000 
112 -26.60621200  153.08756200 -26.60620900  153.08754900 
114 -26.60618100  153.08755100 -26.60616400  153.08755600 
110   1 0.00  13.97 Apron
111 -26.60423400  153.08865800 
111 -26.60482900  153.08873400 
111 -26.60519700  153.08931100 
111 -26.60538800  153.08924900 
111 -26.60547800  153.08843100 
111 -26.60649800  153.08812000 
111 -26.60660100  153.08854400 
111 -26.60645100  153.08871500 
111 -26.60635900  153.08883400 
111 -26.60629400  153.08893300 
111 -26.60605200  153.08920700 
111 -26.60595100  153.08932500 
111 -26.60592600  153.08957300 
111 -26.60563100  153.08925500 
111 -26.60533600  153.08926700 
111 -26.60507400  153.08940100 
111 -26.60498900  153.08963300 
111 -26.60472700  153.08971200 
113 -26.60451700  153.08908700 
110   1 0.00  13.97 Apron
111 -26.60966500  153.08969000 
111 -26.60999200  153.08959600 
111 -26.61015300  153.09032300 
111 -26.60981700  153.09041000 
113 -26.60952600  153.09011800 
110   1 0.00  13.97 Apron
111 -26.59444400  153.09472600 
111 -26.59429100  153.09391800 
111 -26.59465100  153.09382300 
111 -26.59498600  153.09415000 
113 -26.59479600  153.09463300 
110   1 0.00  13.97 Apron
111 -26.60141900  153.08549600 
111 -26.60148600  153.08542600 
111 -26.60148600  153.08556700 
111 -26.60147900  153.08563200 
111 -26.60147200  153.08568400 
111 -26.60158400  153.08585900 
111 -26.60157800  153.08607800 
111 -26.60153100  153.08610800 
113 -26.60123000  153.08570500 
110   1 0.00  13.97 Apron
111 -26.60436700  153.09003100 
111 -26.60440400  153.09007600 
111 -26.60444800  153.09011800 
111 -26.60449200  153.09013500 
111 -26.60459500  153.09014300 
111 -26.60460500  153.09015700 
111 -26.60461700  153.09023000 
111 -26.60425100  153.09034200 
111 -26.60423500  153.09026200 
111 -26.60426300  153.09021600 
111 -26.60427300  153.09018100 
111 -26.60427300  153.09014600 
113 -26.60426700  153.09009700 
110   1 0.00  13.97 Apron
111 -26.60312900  153.08616000 
111 -26.60282000  153.08643700 
111 -26.60236200  153.08572800 
111 -26.60265500  153.08548800 
113 -26.60309600  153.08611100 
110   1 0.00  13.97 Apron
111 -26.60401900  153.08706900 
111 -26.60404200  153.08712700 
111 -26.60406600  153.08726400 
111 -26.60383500  153.08745400 
111 -26.60371300  153.08728300 
111 -26.60383500  153.08717700 
111 -26.60383700  153.08710600 
111 -26.60289100  153.08567800 
111 -26.60268100  153.08545800 
111 -26.60100100  153.08417900 
111 -26.60107500  153.08406500 
111 -26.60262100  153.08519300 
111 -26.60273400  153.08528200 
113 -26.60283700  153.08537500 
110   2 0.00  13.97 Apron
111 -26.60190300  153.08470500 
111 -26.60156200  153.08446500 
111 -26.60188600  153.08391700 
113 -26.60222700  153.08415900 
110   1 0.00  13.97 Apron
111 -26.60401600  153.08719000 
111 -26.60424300  153.08701200 
111 -26.60461600  153.08757300 
111 -26.60548600  153.08728000 
111 -26.60556500  153.08755700 
111 -26.60559700  153.08766500 
111 -26.60460200  153.08794600 
111 -26.60440600  153.08773800 
113 -26.60429700  153.08757900 
110   2 0.00  13.97 Apron
111 -26.60424200  153.08704200 
111 -26.60406300  153.08720700 
111 -26.60402200  153.08720700 
111 -26.60398100  153.08714100 
111 -26.60399300  153.08706300 
111 -26.60357800  153.08645500 
111 -26.60386100  153.08620800 
113 -26.60435800  153.08694400 
110   1 0.00  13.97 Apron
111 -26.60414100  153.08735500 
111 -26.60397000  153.08733300 
111 -26.60403800  153.08723200 
111 -26.60409800  153.08723200 
111 -26.60416700  153.08734100 
113 -26.60414500  153.08735900 
110   1 0.00  13.97 Apron
111 -26.60665500  153.08852100 
111 -26.60658300  153.08857600 
111 -26.60635100  153.08750800 
111 -26.60892000  153.08673800 
113 -26.60915000  153.08779100 
110   1 0.00  13.97 Apron
111 -26.60924600  153.08847800 
111 -26.60938400  153.08840100 
111 -26.60951200  153.08832900 
111 -26.60965800  153.08828100 
111 -26.60977600  153.08824400 
111 -26.60985200  153.08824100 
111 -26.60991600  153.08825700 
111 -26.60994600  153.08835400 
111 -26.60997200  153.08847300 
111 -26.60998000  153.08859300 
111 -26.61000000  153.08875000 
111 -26.60997800  153.08895600 
111 -26.60993600  153.08923700 
111 -26.60990300  153.08940400 
111 -26.60986400  153.08942300 
111 -26.60962400  153.08861200 
111 -26.60952500  153.08852200 
113 -26.60926800  153.08859800 
110   1 0.00  13.97 Apron
111 -26.60729800  153.08723300 
111 -26.60712800  153.08651400 
111 -26.60741000  153.08642300 
113 -26.60758200  153.08716100 
110   1 0.00  13.97 Apron
111 -26.60015500  153.09119900 
111 -26.60040600  153.09120500 
111 -26.60052100  153.09121700 
111 -26.60064800  153.09121700 
111 -26.60065900  153.09131800 
111 -26.60033000  153.09140700 
111 -26.60023900  153.09159800 
111 -26.60041400  153.09232500 
111 -26.59999200  153.09173900 
111 -26.59995000  153.09166800 
111 -26.59992100  153.09161400 
111 -26.59990100  153.09152900 
111 -26.59989900  153.09145100 
111 -26.59990100  153.09137200 
111 -26.59993600  153.09129000 
111 -26.59997200  153.09123700 
113 -26.60010400  153.09119900 
110   2 0.00  13.97 Apron
111 -26.60285000  153.08541900 
111 -26.60265100  153.08523300 
111 -26.60272100  153.08503600 
113 -26.60296100  153.08523900 
110   2 0.00  13.97 Apron
111 -26.60329900  153.08604200 
111 -26.60311900  153.08579700 
111 -26.60327800  153.08564500 
113 -26.60345300  153.08588900 
110   2 0.00  13.97 Apron
111 -26.60205900  153.08479200 
111 -26.60237200  153.08422300 
111 -26.60296400  153.08473900 
111 -26.60265400  153.08523400 
113 -26.60219500  153.08489100 
110   1 0.00  13.97 Apron
111 -26.60388600  153.08808300 
111 -26.60444000  153.08760300 
111 -26.60446400  153.08762900 
111 -26.60466000  153.08792800 
111 -26.60630400  153.08742600 
111 -26.60634800  153.08741300 
111 -26.60651600  153.08813500 
111 -26.60547500  153.08845000 
111 -26.60539900  153.08924300 
111 -26.60530500  153.08930200 
111 -26.60519400  153.08934500 
111 -26.60480700  153.08873200 
113 -26.60424400  153.08866800 
110   1 0.00  13.97 Apron
111 -26.59434200  153.09418100 
111 -26.59434900  153.09417300 
111 -26.59440800  153.09446500 
111 -26.59403600  153.09455400 
113 -26.59398400  153.09427000 
110   1 0.00  13.97 Apron
111 -26.60803600  153.08616500 
111 -26.60813700  153.08665700 
111 -26.60787500  153.08673500 
111 -26.60781700  153.08645300 
111 -26.60802200  153.08639400 
111 -26.60798400  153.08620600 
113 -26.60794100  153.08619400 
110   1 0.00  13.97 Apron
111 -26.60817800  153.08620300 
111 -26.60816300  153.08612400 
111 -26.60824500  153.08609300 
111 -26.60826200  153.08617900 
111 -26.60832700  153.08616000 
111 -26.60840300  153.08654500 
111 -26.60819800  153.08660100 
113 -26.60810800  153.08622700 
110   1 0.00  13.97 Apron
111 -26.60834900  153.08607100 
111 -26.60840200  153.08605500 
111 -26.60847000  153.08641100 
111 -26.60860800  153.08637400 
111 -26.60864500  153.08658000 
113 -26.60846200  153.08662700 
110   2 0.00  13.97 Apron
111 -26.60705100  153.08729900 
111 -26.60701900  153.08712700 
111 -26.60726000  153.08705000 
113 -26.60729900  153.08722700 
110   4 0.00  13.97 Apron
111 -26.60654200  153.08689300 
111 -26.60671800  153.08684200 
111 -26.60684000  153.08736800 
111 -26.60671900  153.08740000 
111 -26.60669700  153.08728500 
111 -26.60668400  153.08727600 
111 -26.60666700  153.08727200 
111 -26.60664600  153.08726800 
113 -26.60662200  153.08726800 
110   1 0.00  13.97 Apron
111 -26.60643200  153.08667400 
111 -26.60647100  153.08656700 
111 -26.60662800  153.08652000 
113 -26.60664000  153.08658400 
110   1 0.00  13.97 Apron
111 -26.60709000  153.08655000 
111 -26.60644100  153.08675900 
111 -26.60642600  153.08668500 
111 -26.60643900  153.08664700 
113 -26.60707500  153.08648100 
110   4 0.00  13.97 Apron
111 -26.60665900  153.08685700 
111 -26.60663000  153.08669800 
111 -26.60668900  153.08668000 
111 -26.60672000  153.08684700 
113 -26.60666100  153.08686300 
110   1 0.00  13.97 Apron
111 -26.60678200  153.08653100 
111 -26.60676600  153.08646300 
111 -26.60703900  153.08637900 
111 -26.60705900  153.08645800 
113 -26.60678500  153.08653500 
110   1 0.00  13.97 Apron
111 -26.60622200  153.08685200 
111 -26.60639300  153.08640500 
111 -26.60642000  153.08639100 
111 -26.60647500  153.08639900 
111 -26.60645300  153.08644500 
111 -26.60639600  153.08656500 
111 -26.60635700  153.08669500 
111 -26.60637300  153.08686000 
111 -26.60643000  153.08714600 
111 -26.60600700  153.08727300 
111 -26.60565100  153.08708000 
111 -26.60573600  153.08702900 
111 -26.60582500  153.08706700 
111 -26.60607600  153.08697800 
111 -26.60615800  153.08694200 
113 -26.60618800  153.08691100 
110   1 0.00  13.97 Apron
111 -26.60640100  153.08701500 
111 -26.60649800  153.08712900 
111 -26.60643500  153.08714400 
113 -26.60637000  153.08708200 
110  15 0.00  13.97 Apron
111 -26.60443200  153.08649400 
111 -26.60454500  153.08649400 
111 -26.60461100  153.08647700 
111 -26.60459900  153.08663100 
113 -26.60457000  153.08669000 
110   1 0.00  13.97 Apron
111 -26.60322500  153.08541700 
111 -26.60315300  153.08530500 
111 -26.60333000  153.08512200 
111 -26.60351400  153.08535700 
111 -26.60323100  153.08560100 
113 -26.60315200  153.08548600 
110   1 0.00  13.97 Apron
111 -26.60336500  153.08516900 
111 -26.60342300  153.08509800 
111 -26.60347300  153.08515800 
113 -26.60341200  153.08522900 
110   2 0.00  13.97 Apron
111 -26.60471900  153.08722900 
111 -26.60480100  153.08714000 
111 -26.60495100  153.08722300 
111 -26.60513100  153.08722000 
111 -26.60526300  153.08720600 
111 -26.60547500  153.08714800 
111 -26.60570400  153.08709700 
111 -26.60581600  153.08716800 
113 -26.60495900  153.08745700 
110   1 0.00  13.97 Apron
111 -26.60431900  153.08713100 
111 -26.60460500  153.08689400 
111 -26.60470000  153.08700400 
111 -26.60483100  153.08708800 
111 -26.60472600  153.08722800 
111 -26.60496900  153.08745700 
113 -26.60460200  153.08758700 
110   4 0.00  13.97 Apron
111 -26.60418300  153.08604200 
111 -26.60441900  153.08578400 
111 -26.60457300  153.08599500 
111 -26.60431000  153.08625400 
111 -26.60431000  153.08632800 
113 -26.60412100  153.08605100 
110   1 0.00  13.97 Apron
111 -26.60478400  153.08651100 
111 -26.60480600  153.08663200 
111 -26.60462300  153.08670600 
111 -26.60462300  153.08664700 
111 -26.60472000  153.08660400 
113 -26.60470700  153.08654500 
110   1 0.00  13.97 Apron
111 -26.60501700  153.08643800 
111 -26.60500700  153.08653100 
111 -26.60492500  153.08655900 
111 -26.60492800  153.08643700 
113 -26.60500600  153.08642600 
110   1 0.00  13.97 Apron
111 -26.60599200  153.08578000 
111 -26.60600700  153.08623300 
111 -26.60600800  153.08630900 
111 -26.60600100  153.08638100 
111 -26.60605700  153.08636000 
111 -26.60605700  153.08642500 
111 -26.60592200  153.08648900 
111 -26.60558200  153.08662800 
111 -26.60542300  153.08669200 
111 -26.60531900  153.08671400 
111 -26.60523000  153.08671800 
111 -26.60531900  153.08591100 
111 -26.60604600  153.08568300 
113 -26.60604400  153.08577100 
110   2 0.00  13.97 Apron
111 -26.60481800  153.08714300 
111 -26.60483900  153.08710500 
111 -26.60498100  153.08714800 
111 -26.60531000  153.08715700 
111 -26.60569600  153.08704600 
111 -26.60571300  153.08710400 
111 -26.60528700  153.08721200 
111 -26.60507900  153.08726600 
113 -26.60494900  153.08721000 
110   2 0.00  13.97 Apron
111 -26.60579400  153.08757700 
111 -26.60579800  153.08758700 
111 -26.60559200  153.08764700 
111 -26.60548400  153.08728500 
111 -26.60548300  153.08725900 
111 -26.60555400  153.08724400 
113 -26.60569300  153.08719600 
110   1 0.00  13.97 Apron
111 -26.60410400  153.09142000 
111 -26.60419000  153.09126500 
111 -26.60425300  153.09134000 
111 -26.60437400  153.09135000 
111 -26.60453600  153.09135900 
111 -26.60455800  153.09156500 
113 -26.60417200  153.09165500 
120 Centreline for Taxi
111 -26.60389800  153.08721800  51 
112 -26.60385800  153.08715900 -26.60381100  153.08709000  51 
112 -26.60371600  153.08695200 -26.60366800  153.08688300  51 
112 -26.60332700  153.08639500 -26.60327900  153.08632600  51 
112 -26.60318900  153.08618700 -26.60314500  153.08611700  51 
112 -26.60306400  153.08599400 -26.60302500  153.08593500  51 
112 -26.60295500  153.08583200 -26.60292200  153.08578300  51 
112 -26.60285600  153.08568400 -26.60282300  153.08563400  51 
112 -26.60275800  153.08554900 -26.60272500  153.08550800  51 
112 -26.60270200  153.08548100 -26.60269800  153.08547600  51 
112 -26.60259900  153.08540000 -26.60253400  153.08535200  51 
112 -26.60198100  153.08493900 -26.60191600  153.08489000  51 
112 -26.60178600  153.08479400 -26.60172100  153.08474600  51 
115 -26.60103800  153.08424400 
120 Centreline for Taxi L
111 -26.60246700  153.08700700  51 
112 -26.60319100  153.08635000 -26.60323400  153.08631100  51 
116 -26.60332700  153.08639500 -26.60337500  153.08646400 
120 Centreline for Path
112 -26.60449400  153.08792700 -26.60440100  153.08800700  51 
112 -26.60431500  153.08807800 -26.60428800  153.08809900  51 
112 -26.60422700  153.08808800 -26.60419500  153.08807300  51 
112 -26.60413000  153.08809600 -26.60409800  153.08811600  51 
112 -26.60407100  153.08819100 -26.60406400  153.08823400  51 
116 -26.60410900  153.08832900 -26.60414000  153.08837800 
120 Centreline for Path
112 -26.60442200  153.08798300 -26.60449200  153.08809600  51 
112 -26.60452500  153.08822800 -26.60452400  153.08827700  51 
112 -26.60448700  153.08836200 -26.60446400  153.08840200  51 
112 -26.60442700  153.08848900 -26.60441100  153.08853300  51 
112 -26.60440700  153.08865800 -26.60440900  153.08872700  51 
116 -26.60452100  153.08893600 -26.60459500  153.08905300 
120 Centreline for Path
111 -26.60495600  153.08807600  51 
112 -26.60496900  153.08817600 -26.60498700  153.08831700  51 
112 -26.60501700  153.08854600 -26.60503100  153.08865000  51 
112 -26.60508500  153.08875500 -26.60511600  153.08879100  51 
112 -26.60514800  153.08889300 -26.60516000  153.08895100  51 
112 -26.60512500  153.08905600 -26.60509900  153.08910800  51 
112 -26.60503900  153.08916800 -26.60500800  153.08919100  51 
112 -26.60494600  153.08925300 -26.60491500  153.08928700  51 
112 -26.60482700  153.08941500 -26.60478000  153.08948800  51 
116 -26.60478600  153.08964700 -26.60480700  153.08972700 
120 Centreline for Path
111 -26.60496300  153.08815800  51 
112 -26.60496200  153.08815800 -26.60483500  153.08817800  51 
112 -26.60472600  153.08826000 -26.60469600  153.08830900  51 
112 -26.60467500  153.08842400 -26.60467200  153.08848400  51 
112 -26.60470800  153.08872400 -26.60473300  153.08886500  51 
115 -26.60471300  153.08875300 
120 Centreline for Path
111 -26.60558800  153.08789000  51 
112 -26.60555700  153.08808400 -26.60553500  153.08822500  51 
112 -26.60549900  153.08844200 -26.60548200  153.08854000  51 
112 -26.60542000  153.08863900 -26.60538400  153.08867200  51 
112 -26.60535100  153.08877400 -26.60534000  153.08883200  51 
112 -26.60537300  153.08892100 -26.60539900  153.08896100  51 
112 -26.60549700  153.08902300 -26.60555300  153.08905200  51 
112 -26.60573400  153.08919500 -26.60583700  153.08928100  51 
112 -26.60573900  153.08919800 -26.60584100  153.08928400  51 
112 -26.60593600  153.08919800 -26.60596500  153.08911200  51 
112 -26.60606300  153.08895600 -26.60611800  153.08888100  51 
112 -26.60624500  153.08872900 -26.60631100  153.08865400  51 
112 -26.60637700  153.08854900 -26.60639900  153.08850400  51 
112 -26.60639900  153.08841700 -26.60639100  153.08837400  51 
112 -26.60634500  153.08830600 -26.60631700  153.08827600  51 
112 -26.60627600  153.08814100 -26.60625900  153.08806200  51 
112 -26.60620400  153.08781400 -26.60617300  153.08767500  51 
115 -26.60618100  153.08771200 
120 Centreline for Path
111 -26.60557100  153.08803900  51 
112 -26.60561800  153.08805400 -26.60574100  153.08809300  51 
112 -26.60583400  153.08820300 -26.60585500  153.08826400  51 
112 -26.60587000  153.08839200 -26.60587300  153.08845700  51 
112 -26.60585800  153.08856700 -26.60584700  153.08861800  51 
112 -26.60579700  153.08870000 -26.60576600  153.08873800  51 
112 -26.60580200  153.08896400 -26.60583600  153.08910200  51 
112 -26.60584100  153.08912000 -26.60587500  153.08925800  51 
116 -26.60593600  153.08919800 -26.60596500  153.08911200 
120 Centreline for Path
111 -26.60623200  153.08875100  51 
112 -26.60620600  153.08861200 -26.60617900  153.08847200  51 
112 -26.60611200  153.08837800 -26.60607500  153.08836200  51 
112 -26.60601600  153.08824500 -26.60598900  153.08817100  51 
112 -26.60599300  153.08802000 -26.60600500  153.08794200  51 
112 -26.60619000  153.08782800 -26.60631000  153.08777700  51 
115 -26.60620400  153.08782200 
120 Centreline for Closed
111 -26.61231600  153.08702200  51 
112 -26.61051500  153.08754800 -26.61046800  153.08756100  51 
112 -26.61037600  153.08758900 -26.61032900  153.08760300  51 
112 -26.60957100  153.08783500 -26.60952500  153.08784900  51 
112 -26.60948400  153.08777800 -26.60947100  153.08772600  51 
112 -26.60897900  153.08565900 -26.60896700  153.08560700  51 
112 -26.60889200  153.08560300 -26.60884600  153.08561800  51 
112 -26.60849800  153.08572800 -26.60845200  153.08574300  51 
116 -26.60839000  153.08576300 -26.60836300  153.08577300 
120 Centreline for Closed
111 -26.60664700  153.08500300  51 
112 -26.60689600  153.08602400 -26.60690900  153.08607600  51 
116 -26.60693100  153.08616400 -26.60694100  153.08620600 
120 Centreline for Closed
111 -26.60825300  153.08536600  51 
112 -26.60830900  153.08560100 -26.60832100  153.08565300  51 
116 -26.60833900  153.08572800 -26.60834600  153.08576100 
120 Centreline for Closed
111 -26.60722900  153.08482300  51 
112 -26.60749100  153.08586700 -26.60750400  153.08591800  51 
116 -26.60752200  153.08599200 -26.60753000  153.08602300 
120 Centreline for Path
111 -26.60898100  153.08731600  51 
112 -26.60868400  153.08740500 -26.60860900  153.08742800  51 
116 -26.60859900  153.08756600 -26.60861800  153.08765000 
120 Centreline for Taxi
111 -26.60247200  153.08700700  51 
112 -26.60237000  153.08709700 -26.60232700  153.08713500  51 
116 -26.60223700  153.08706200 -26.60219100  153.08700100 
120 Centreline for Taxi C
112 -26.60971300  153.09005300 -26.60988700  153.09000500  51 
112 -26.60994400  153.08985500 -26.60992500  153.08977000  51 
112 -26.60992200  153.08975700 -26.60990200  153.08967300  51 
112 -26.60986500  153.08950400 -26.60984600  153.08941900  51 
112 -26.60980400  153.08922600 -26.60978600  153.08914100  51 
112 -26.60974600  153.08897300 -26.60972500  153.08888900  51 
112 -26.60964400  153.08856600 -26.60962300  153.08848200  51 
116 -26.60950000  153.08847300 -26.60942500  153.08849500 
120 Centreline for Taxi D
112 -26.60744200  153.08893400 -26.60746200  153.08901800  51 
112 -26.60758500  153.08902700 -26.60766000  153.08900500  51 
112 -26.60871700  153.08869500 -26.60879200  153.08867300  51 
112 -26.60894300  153.08863100 -26.60901900  153.08861000  51 
112 -26.60916200  153.08857000 -26.60923700  153.08854900  51 
112 -26.60938800  153.08850600 -26.60946300  153.08848400  51 
116 -26.60950000  153.08847300 -26.60957500  153.08845100 
120 Centreline for Taxi B2
112 -26.60604300  153.08949200 -26.60596900  153.08951800  51 
112 -26.60596800  153.08967500 -26.60599200  153.08977100  51 
112 -26.60602900  153.08993200 -26.60604700  153.09000700  51 
112 -26.60610300  153.09025200 -26.60613500  153.09039000  51 
112 -26.60614900  153.09045100 -26.60618100  153.09059000  51 
112 -26.60623700  153.09083400 -26.60626400  153.09095100  51 
116 -26.60653800  153.09093700 -26.60671100  153.09088800 
120 Centreline for Taxi D
112 -26.60437700  153.09015500 -26.60442300  153.09022300  51 
112 -26.60433200  153.09028700 -26.60425600  153.09030700  51 
112 -26.60393500  153.09039200 -26.60385900  153.09041200  51 
112 -26.60370700  153.09045300 -26.60363200  153.09047400  51 
112 -26.60365600  153.09046700 -26.60358000  153.09048800  51 
112 -26.60342900  153.09052900 -26.60335300  153.09055000  51 
112 -26.60337700  153.09054400 -26.60330200  153.09056500  51 
112 -26.60315100  153.09060600 -26.60307500  153.09062700  51 
112 -26.60073800  153.09127500 -26.60066300  153.09129600  51 
112 -26.60051200  153.09133700 -26.60043600  153.09135800  51 
112 -26.60029800  153.09139700 -26.60022300  153.09141800  51 
116 -26.60022200  153.09155200 -26.60024700  153.09163500 
120 Centreline for Taxi A
112 -26.60078900  153.09252700 -26.60061500  153.09257500  51 
112 -26.60049300  153.09247400 -26.60047000  153.09239100  51 
112 -26.60046800  153.09238500 -26.60044500  153.09230200  51 
112 -26.60039600  153.09213600 -26.60037100  153.09205300  51 
112 -26.60035800  153.09200900 -26.60033300  153.09192600  51 
112 -26.60028400  153.09176100 -26.60025900  153.09167800  51 
116 -26.60022200  153.09155200 -26.60019700  153.09146900 
120 Centreline for Taxi B1
112 -26.60544000  153.09124000 -26.60526600  153.09128800  51 
112 -26.60514100  153.09113800 -26.60511600  153.09102300  51 
112 -26.60505300  153.09075800 -26.60502000  153.09062000  51 
112 -26.60495000  153.09033100 -26.60491700  153.09019300  51 
112 -26.60485800  153.08994600 -26.60483100  153.08982700  51 
112 -26.60478600  153.08964700 -26.60476600  153.08956500  51 
112 -26.60469900  153.08932600 -26.60466200  153.08919400  51 
112 -26.60453200  153.08895300 -26.60445800  153.08883600  51 
112 -26.60452100  153.08893600 -26.60444700  153.08881900  51 
112 -26.60429100  153.08859300 -26.60421200  153.08848100  51 
112 -26.60427500  153.08857000 -26.60419600  153.08845800  51 
116 -26.60410900  153.08832900 -26.60407700  153.08828000 
120 Centreline for Taxi E
112 -26.60455900  153.09022400 -26.60448400  153.09024600  51 
112 -26.60437700  153.09015500 -26.60433100  153.09008700  51 
112 -26.60423700  153.08994900 -26.60419000  153.08988000  51 
112 -26.60288700  153.08797300 -26.60284000  153.08790400  51 
112 -26.60274300  153.08776700 -26.60269400  153.08769900  51 
112 -26.60251700  153.08745000 -26.60246800  153.08738200  51 
112 -26.60237400  153.08725100 -26.60232800  153.08718600  51 
112 -26.60223700  153.08706200 -26.60219100  153.08700100  51 
112 -26.60209300  153.08687000 -26.60204300  153.08680300  51 
112 -26.60165200  153.08627700 -26.60160200  153.08621000  51 
112 -26.60150000  153.08607900 -26.60144900  153.08601300  51 
112 -26.60128600  153.08580500 -26.60123500  153.08574000  51 
116 -26.60112300  153.08579500 -26.60106500  153.08585400 
120 Centreline for Taxi J
112 -26.60067800  153.08646300 -26.60061100  153.08636800  51 
112 -26.60066900  153.08624100 -26.60073100  153.08618800  51 
112 -26.60068100  153.08623100 -26.60074200  153.08617800  51 
112 -26.60085900  153.08606300 -26.60091700  153.08600400  51 
112 -26.60112300  153.08579500 -26.60118000  153.08573600  51 
112 -26.60128100  153.08561800 -26.60132800  153.08555900  51 
112 -26.60137800  153.08549600 -26.60139600  153.08547300  51 
112 -26.60148300  153.08536500 -26.60153500  153.08530000  51 
112 -26.60180600  153.08496300 -26.60185800  153.08489800  51 
116 -26.60198100  153.08493900 -26.60204600  153.08498700 
120 Centreline for Taxi M
112 -26.60385800  153.08715900 -26.60381100  153.08709000  51 
112 -26.60369400  153.08713300 -26.60363200  153.08718600  51 
112 -26.60291000  153.08779100 -26.60284700  153.08784300  51 
116 -26.60274300  153.08776700 -26.60269400  153.08769900 
120 Centreline for Taxi D
112 -26.60624200  153.08942400 -26.60619600  153.08943900  51 
112 -26.60606200  153.08948500 -26.60598700  153.08951200  51 
112 -26.60604300  153.08949200 -26.60596900  153.08951800  51 
116 -26.60591200  153.08942900 -26.60589900  153.08936100 
120 Centreline for Taxi D
112 -26.60528400  153.09002800 -26.60520900  153.09004900  51 
112 -26.60505700  153.09008700 -26.60498000  153.09010500  51 
112 -26.60501400  153.09009700 -26.60493800  153.09011500  51 
112 -26.60478800  153.09015700 -26.60471400  153.09017800  51 
116 -26.60456400  153.09022200 -26.60448900  153.09024400 
120 Centreline for Taxi D
112 -26.60565400  153.08992600 -26.60572900  153.08990500  51 
112 -26.60587900  153.08985800 -26.60595400  153.08983500  51 
112 -26.60589200  153.08985500 -26.60596700  153.08983100  51 
116 -26.60596800  153.08967500 -26.60594400  153.08957900 
120 Centreline for Taxi
112 -26.60664200  153.08815200 -26.60662300  153.08806700  51 
112 -26.60672800  153.08799500 -26.60680400  153.08797500  51 
112 -26.60673800  153.08799200 -26.60681400  153.08797200  51 
112 -26.60693800  153.08793600 -26.60699500  153.08791900  51 
112 -26.60711200  153.08788300 -26.60717000  153.08786500  51 
112 -26.60728800  153.08782900 -26.60734700  153.08781100  51 
112 -26.60745000  153.08778000 -26.60749800  153.08776500  51 
112 -26.60758500  153.08773900 -26.60762600  153.08772600  51 
112 -26.60771600  153.08769900 -26.60776200  153.08768500  51 
112 -26.60785300  153.08765700 -26.60789900  153.08764300  51 
112 -26.60799600  153.08761400 -26.60804400  153.08759900  51 
112 -26.60813700  153.08757000 -26.60818300  153.08755700  51 
112 -26.60828200  153.08752600 -26.60833300  153.08751100  51 
112 -26.60846500  153.08747100 -26.60853600  153.08745000  51 
112 -26.60859900  153.08756600 -26.60861800  153.08765000  51 
112 -26.60870800  153.08805800 -26.60872700  153.08814300  51 
112 -26.60876100  153.08831300 -26.60877800  153.08839800  51 
112 -26.60880500  153.08853400 -26.60882200  153.08861900  51 
116 -26.60871700  153.08869500 -26.60864200  153.08871700 
120 Centreline for Taxi G
112 -26.60735900  153.08909300 -26.60743400  153.08907100  51 
112 -26.60744200  153.08893400 -26.60742300  153.08884900  51 
112 -26.60740400  153.08876700 -26.60738400  153.08868300  51 
112 -26.60734600  153.08851400 -26.60732700  153.08843000  51 
112 -26.60722800  153.08798300 -26.60720900  153.08789800  51 
116 -26.60711200  153.08788300 -26.60705300  153.08790100 
120 Centreline for Taxi
116 -26.60410900  153.08832900 -26.60414000  153.08837800 
120 Centreline for Taxi
112 -26.60596800  153.08967500 -26.60594400  153.08957900  51 
112 -26.60591200  153.08942900 -26.60589900  153.08936100  51 
116 -26.60593600  153.08919800 -26.60596500  153.08911200 
120 Centreline for Closed
112 -26.60661500  153.08633000 -26.60658500  153.08633700  51 
112 -26.60650100  153.08636400 -26.60645500  153.08638000  51 
112 -26.60644200  153.08638500 -26.60639600  153.08640000  51 
116 -26.60634000  153.08644200 -26.60631800  153.08646500 
120 Centreline for Closed
112 -26.60748200  153.08605500 -26.60744700  153.08606600  51 
112 -26.60736100  153.08609300 -26.60731500  153.08610700  51 
112 -26.60711000  153.08617200 -26.60706400  153.08618700  51 
116 -26.60699400  153.08621000 -26.60696200  153.08622200 
120 Centreline for Closed
112 -26.60808300  153.08586200 -26.60804500  153.08587500  51 
112 -26.60795700  153.08590300 -26.60791100  153.08591700  51 
112 -26.60771500  153.08597900 -26.60766900  153.08599400  51 
116 -26.60759000  153.08602000 -26.60755300  153.08603300 
120 Centreline for Closed
112 -26.60670300  153.08630400 -26.60673200  153.08629500  51 
112 -26.60679800  153.08627200 -26.60683300  153.08625900  51 
116 -26.60689800  153.08624000 -26.60693000  153.08623100 
120 Centreline for Path
112 -26.60318900  153.08618700 -26.60314500  153.08611700  51 
112 -26.60302900  153.08616000 -26.60296700  153.08621300  51 
112 -26.60292000  153.08625300 -26.60285700  153.08630500  51 
112 -26.60276300  153.08623200 -26.60272100  153.08616700  51 
112 -26.60265600  153.08606500 -26.60262700  153.08602000  51 
112 -26.60256100  153.08592100 -26.60252600  153.08587000  51 
112 -26.60246000  153.08578400 -26.60242700  153.08574300  51 
112 -26.60247400  153.08567600 -26.60251500  153.08564500  51 
112 -26.60262300  153.08555800 -26.60268000  153.08551100  51 
116 -26.60275800  153.08554900 -26.60279100  153.08558900 
120 Centreline for Path
112 -26.60246000  153.08578400 -26.60249300  153.08582500  51 
112 -26.60256900  153.08580200 -26.60260800  153.08577200  51 
112 -26.60271700  153.08568400 -26.60277700  153.08563400  51 
116 -26.60275800  153.08554900 -26.60272500  153.08550800 
120 Centreline for Path
112 -26.60285600  153.08568400 -26.60288900  153.08573400  51 
112 -26.60281200  153.08583600 -26.60275000  153.08588700  51 
112 -26.60266600  153.08595500 -26.60263000  153.08598300  51 
116 -26.60256100  153.08592100 -26.60252600  153.08587000 
120 Centreline for Path
112 -26.60265600  153.08606500 -26.60268500  153.08611100  51 
112 -26.60275300  153.08609200 -26.60278900  153.08606400  51 
112 -26.60290600  153.08597800 -26.60297200  153.08593000  51 
116 -26.60295500  153.08583200 -26.60292200  153.08578300 
120 Centreline for Taxi
112 -26.60758500  153.08902700 -26.60751000  153.08904900  51 
112 -26.60735900  153.08909300 -26.60728400  153.08911500  51 
112 -26.60642400  153.08936900 -26.60634900  153.08939100  51 
116 -26.60624200  153.08942400 -26.60619600  153.08943900 
120 Centreline for Path
112 -26.60662500  153.08788900 -26.60656700  153.08794800  51 
112 -26.60657600  153.08800100 -26.60660100  153.08801700  51 
116 -26.60672800  153.08799500 -26.60680400  153.08797500 
120 Centreline for Taxi
112 -26.60433200  153.09028700 -26.60440800  153.09026700  51 
112 -26.60455900  153.09022400 -26.60463400  153.09020200  51 
116 -26.60456400  153.09022200 -26.60463900  153.09020000 
120 Centreline for Taxi
112 -26.60528400  153.09002800 -26.60536000  153.09000700  51 
116 -26.60565400  153.08992600 -26.60572900  153.08990500 
120 Centreline for Taxi D
112 -26.60365600  153.09046700 -26.60358000  153.09048800  51 
116 -26.60344800  153.09036600 -26.60338600  153.09027800 
120 Centreline for Taxi D
112 -26.60342900  153.09052900 -26.60350400  153.09050800  51 
116 -26.60344800  153.09036600 -26.60338600  153.09027800 
120 Centreline for Taxi B2
112 -26.60601600  153.09108100 -26.60619000  153.09103300  51 
116 -26.60623700  153.09083400 -26.60621000  153.09071700 
120 Centreline for Taxi B1
112 -26.60491800  153.09138400 -26.60509200  153.09133600  51 
116 -26.60514100  153.09113800 -26.60511600  153.09102300 
120 Centreline for Taxi join
112 -26.60894300  153.08863100 -26.60886800  153.08865200  51 
116 -26.60880500  153.08853400 -26.60878800  153.08844900 
120 Centreline for Taxi join
112 -26.60589200  153.08985500 -26.60596700  153.08983100  51 
116 -26.60602900  153.08993200 -26.60604700  153.09000700 
120 Centreline for Taxi join
112 -26.60495000  153.09033100 -26.60491700  153.09019300  51 
116 -26.60501400  153.09009700 -26.60509100  153.09007900 
120 Centreline for Taxi join
112 -26.60495000  153.09033100 -26.60491700  153.09019300  51 
116 -26.60478800  153.09015700 -26.60471400  153.09017800 
120 Centreline for Taxi join
112 -26.60485800  153.08994600 -26.60488600  153.09006500  51 
116 -26.60501400  153.09009700 -26.60509100  153.09007900 
120 Centreline for Taxi join
112 -26.60485800  153.08994600 -26.60488600  153.09006500  51 
116 -26.60478800  153.09015700 -26.60471400  153.09017800 
120 Centreline for Taxi join
112 -26.60291000  153.08779100 -26.60284700  153.08784300  51 
116 -26.60288700  153.08797300 -26.60293400  153.08804200 
120 Centreline for Taxi join
112 -26.60237400  153.08725100 -26.60232800  153.08718600  51 
116 -26.60237000  153.08709700 -26.60241300  153.08705900 
120 Centreline for Taxi join
112 -26.60128600  153.08580500 -26.60123500  153.08574000  51 
116 -26.60128100  153.08561800 -26.60132800  153.08555900 
120 Centreline for Taxi join
112 -26.60319100  153.08635000 -26.60323400  153.08631100  51 
116 -26.60318900  153.08618700 -26.60314500  153.08611700 
120 Centreline for Taxi join
112 -26.60369400  153.08713300 -26.60375700  153.08708100  51 
116 -26.60371600  153.08695200 -26.60366800  153.08688300 
120 Centreline for Taxi join
112 -26.60722800  153.08798300 -26.60720900  153.08789800  51 
116 -26.60728800  153.08782900 -26.60734700  153.08781100 
120 Centreline for Taxi join
112 -26.60178600  153.08479400 -26.60185100  153.08484200  51 
116 -26.60180600  153.08496300 -26.60175400  153.08502800 
120 Centreline for Taxi join
112 -26.60429100  153.08859300 -26.60437000  153.08870500  51 
116 -26.60440700  153.08865800 -26.60440400  153.08858900 
120 Centreline for Taxi join
112 -26.60469900  153.08932600 -26.60473700  153.08945900  51 
116 -26.60482700  153.08941500 -26.60487500  153.08934100 
120 Centreline for Path
112 -26.60573900  153.08919800 -26.60584100  153.08928400  51 
116 -26.60584100  153.08912000 -26.60580700  153.08898200 
120 Centreline for Taxi join
112 -26.60573900  153.08919800 -26.60584100  153.08928400  51 
116 -26.60591200  153.08942900 -26.60592500  153.08949700 
120 Centreline for Taxi join
112 -26.60584100  153.08912000 -26.60587500  153.08925800  51 
116 -26.60591200  153.08942900 -26.60592500  153.08949700 
120 Centreline for Taxi join
112 -26.60846500  153.08747100 -26.60853600  153.08745000  51 
116 -26.60868400  153.08740500 -26.60875900  153.08738300 
120 Centreline for Path
112 -26.60664000  153.08814200 -26.60662300  153.08806400  51 
116 -26.60657600  153.08800100 -26.60655100  153.08798500 
120 Centreline for Taxi join
112 -26.60673800  153.08799200 -26.60681400  153.08797200  51 
116 -26.60687400  153.08808000 -26.60688900  153.08815900 
120 Centreline for Taxi join
112 -26.60687400  153.08808000 -26.60685900  153.08800100  51 
116 -26.60693800  153.08793600 -26.60699500  153.08791900 
120 Centreline for Taxi join
112 -26.60693800  153.08793600 -26.60699500  153.08791900  51 
116 -26.60704500  153.08802800 -26.60706000  153.08810700 
120 Centreline for Taxi join
112 -26.60711200  153.08788300 -26.60705300  153.08790100  51 
116 -26.60704500  153.08802800 -26.60706000  153.08810700 
120 Centreline for Taxi join
112 -26.60728800  153.08782900 -26.60734700  153.08781100  51 
116 -26.60740200  153.08791900 -26.60741800  153.08799800 
120 Centreline for Taxi join
112 -26.60740200  153.08791900 -26.60738500  153.08784100  51 
116 -26.60745000  153.08778000 -26.60749800  153.08776500 
120 Centreline for Taxi join
112 -26.60745000  153.08778000 -26.60749800  153.08776500  51 
116 -26.60754800  153.08787500 -26.60756500  153.08795300 
120 Centreline for Taxi join
112 -26.60745000  153.08778000 -26.60749800  153.08776500  51 
116 -26.60749600  153.08764100 -26.60747900  153.08756300 
120 Centreline for Taxi join
112 -26.60754800  153.08787500 -26.60753100  153.08779700  51 
116 -26.60758500  153.08773900 -26.60762600  153.08772600 
120 Centreline for Taxi join
112 -26.60758500  153.08773900 -26.60754300  153.08775200  51 
116 -26.60749600  153.08764100 -26.60747900  153.08756300 
120 Centreline for Taxi join
112 -26.60758500  153.08773900 -26.60762600  153.08772600  51 
116 -26.60767500  153.08783700 -26.60769300  153.08791400 
120 Centreline for Taxi join
112 -26.60767500  153.08783700 -26.60765600  153.08775900  51 
116 -26.60771600  153.08769900 -26.60776200  153.08768500 
120 Centreline for Taxi join
112 -26.60771600  153.08769900 -26.60776200  153.08768500  51 
116 -26.60781400  153.08779400 -26.60783300  153.08787200 
120 Centreline for Taxi join
112 -26.60781400  153.08779400 -26.60779500  153.08771700  51 
116 -26.60785300  153.08765700 -26.60789900  153.08764300 
120 Centreline for Taxi join
112 -26.60785300  153.08765700 -26.60789900  153.08764300  51 
116 -26.60795000  153.08775300 -26.60796800  153.08783000 
120 Centreline for Taxi join
112 -26.60795000  153.08775300 -26.60793100  153.08767500  51 
116 -26.60799600  153.08761400 -26.60804400  153.08759900 
120 Centreline for Taxi join
112 -26.60799600  153.08761400 -26.60804400  153.08759900  51 
116 -26.60809600  153.08770800 -26.60811400  153.08778600 
120 Centreline for Taxi join
112 -26.60809600  153.08770800 -26.60807800  153.08763000  51 
116 -26.60813700  153.08757000 -26.60818300  153.08755700 
120 Centreline for Taxi join
112 -26.60813700  153.08757000 -26.60818300  153.08755700  51 
116 -26.60823100  153.08766700 -26.60824800  153.08774500 
120 Centreline for Taxi join
112 -26.60823100  153.08766700 -26.60821400  153.08758900  51 
116 -26.60828200  153.08752600 -26.60833300  153.08751100 
120 Centreline for Taxi join
112 -26.60828200  153.08752600 -26.60833300  153.08751100  51 
116 -26.60838500  153.08762000 -26.60840200  153.08769800 
120 Centreline for Taxi join
112 -26.60846500  153.08747100 -26.60839300  153.08749200  51 
116 -26.60838500  153.08762000 -26.60840200  153.08769800 
120 Centreline for Closed
112 -26.60633700  153.08637700 -26.60636100  153.08639800  51 
116 -26.60644200  153.08638500 -26.60648800  153.08636900 
120 Centreline for Taxi join
112 -26.60302900  153.08616000 -26.60309200  153.08610800  51 
116 -26.60306400  153.08599400 -26.60302500  153.08593500 
120 Centreline for Path
112 -26.60256900  153.08580200 -26.60252900  153.08583100  51 
116 -26.60256100  153.08592100 -26.60259500  153.08597200 
120 Centreline for Taxi join
112 -26.60271700  153.08568400 -26.60277700  153.08563400  51 
116 -26.60285600  153.08568400 -26.60288900  153.08573400 
120 Centreline for Taxi join
112 -26.60270200  153.08548100 -26.60270700  153.08548600  51 
116 -26.60262300  153.08555800 -26.60256500  153.08560600 
120 Centreline for Taxi join
112 -26.60281200  153.08583600 -26.60287400  153.08578500  51 
116 -26.60295500  153.08583200 -26.60298800  153.08588100 
120 Centreline for Path
112 -26.60266600  153.08595500 -26.60263000  153.08598300  51 
116 -26.60265600  153.08606500 -26.60268500  153.08611100 
120 Centreline for Path
112 -26.60276300  153.08623200 -26.60272100  153.08616700  51 
116 -26.60275300  153.08609200 -26.60278900  153.08606400 
120 Centreline for Taxi join
112 -26.60306400  153.08599400 -26.60302500  153.08593500  51 
116 -26.60290600  153.08597800 -26.60284000  153.08602600 
120 Centreline for Path
112 -26.60652100  153.08790900 -26.60653300  153.08795400  51 
116 -26.60657600  153.08800100 -26.60660100  153.08801700 
120 Centreline for Taxi join
112 -26.60148300  153.08536500 -26.60143100  153.08543000  51 
116 -26.60140600  153.08556300 -26.60140800  153.08563000 
120 Centreline for Taxi join
112 -26.60140600  153.08556300 -26.60140500  153.08549600  51 
116 -26.60137800  153.08549600 -26.60136100  153.08551800 
120 Taxi C hold short
111 -26.60994400  153.08961600  54 
115 -26.60984000  153.08964600 
120 Taxi B2 hold short
111 -26.60610800  153.09068400  54 
115 -26.60628600  153.09063400 
120 Taxi D hold short
111 -26.60380800  153.09036300  54 
115 -26.60383400  153.09048100 
120 Taxi D hold short
111 -26.60325100  153.09051600  54 
115 -26.60327700  153.09063400 
120 Taxi A hold short
111 -26.60038100  153.09227800  54 
115 -26.60048500  153.09224200 
120 Taxi B1 hold short
111 -26.60501500  153.09099200  54 
115 -26.60519100  153.09093800 
120 Taxi B1 hold short
111 -26.60490600  153.08974200  56 103 
115 -26.60472800  153.08979400 
120 Taxi J hold short
111 -26.60074000  153.08610300  54 
115 -26.60080600  153.08619900 
120 Taxi D hold short
111 -26.60615700  153.08938900  56 103 
115 -26.60618900  153.08950300 
120 Taxi D hold short
111 -26.60516000  153.09000100  56 103 
115 -26.60518200  153.09011900 
120 Taxi D hold short
111 -26.60578200  153.08995200  56 103 
115 -26.60575200  153.08983600 
120 Taxi D hold short
111 -26.60469100  153.09024700  56 103 
115 -26.60466300  153.09013100 
120 Taxi C hold short
111 -26.60972500  153.08911300  56 103 
115 -26.60982900  153.08908500 
120 Taxi A hold short
111 -26.60037200  153.09186600  56 103 
115 -26.60027000  153.09190400 
120 Taxi G hold short
111 -26.60732200  153.08865600  56 103 
115 -26.60742600  153.08862600 
120 Taxi hold short
111 -26.60868300  153.08819800  56 103 
115 -26.60878900  153.08817200 
120 Taxi E hold short
111 -26.60220900  153.08693100  56 103 
115 -26.60212700  153.08700900 
120 Taxi E hold short
111 -26.60240200  153.08738600  56 103 
115 -26.60248600  153.08731000 
120 Taxi L hold short
111 -26.60249000  153.08703900  56 103 
115 -26.60244400  153.08697500 
120 Taxi B2 hold short
111 -26.60614400  153.09001900  56 103 
115 -26.60596600  153.09006900 
120 Gate 4
111 -26.60438400  153.08808900  51 
115 -26.60432600  153.08800500 
120 Gate 4
111 -26.60432800  153.08800400  51 
115 -26.60438200  153.08809000 
120 Gate 3
111 -26.60504400  153.08838000  51 
115 -26.60494800  153.08839600 
120 Gate 3
111 -26.60494900  153.08839600  51 
115 -26.60504300  153.08838000 
120 Gate 2
111 -26.60557100  153.08830400  51 
115 -26.60547700  153.08828600 
120 Gate 2
111 -26.60547700  153.08828500  51 
115 -26.60557100  153.08830500 
120 Gate 1
111 -26.60620300  153.08803500  51 
115 -26.60629700  153.08800900 
120 Gate 1
111 -26.60629700  153.08800900  51 
115 -26.60620300  153.08803500 
120 GA Ramp 16
111 -26.60273600  153.08593900  51 
115 -26.60270200  153.08588700 
120 GA Ramp 16
111 -26.60270200  153.08588600  51 
115 -26.60273600  153.08594000 
120 GA Ramp 17
111 -26.60261200  153.08573100  51 
115 -26.60264400  153.08578500 
120 GA Ramp 17
111 -26.60264500  153.08578400  51 
115 -26.60261100  153.08573200 
120 GA Ramp 18
111 -26.60252000  153.08560200  51 
115 -26.60255200  153.08565600 
120 GA Ramp 18
111 -26.60255300  153.08565500  51 
115 -26.60251900  153.08560300 
120 GA Ramp 19
111 -26.60277900  153.08600600  51 
115 -26.60283500  153.08609400 
120 GA Ramp 19
111 -26.60283300  153.08609500  51 
115 -26.60278100  153.08600500 
120 Apron edge
111 -26.60387800  153.08810700 102 
115 -26.60413400  153.08853000 
120 Apron edge
111 -26.60386300  153.08809700 102 
111 -26.60443500  153.08760300 102 
111 -26.60464700  153.08791200 102 
111 -26.60634300  153.08741900 102 
115 -26.60660000  153.08857200 
120 Apron edge
111 -26.60659600  153.08856700 102 
111 -26.60638600  153.08881300 102 
115 -26.60601400  153.08932900 
120 Apron edge
111 -26.60581400  153.08947100 102 
111 -26.60562000  153.08928000 102 
115 -26.60540800  153.08928000 
120 Apron edge
111 -26.60541400  153.08928000 102 
115 -26.60521900  153.08937900 
120 Apron edge
111 -26.60520800  153.08937200 102 
111 -26.60503700  153.08949100 102 
115 -26.60493600  153.08978700 
120 Apron edge
111 -26.60957100  153.08994400 102 
111 -26.60966300  153.08968300 102 
115 -26.60981200  153.08964400 
120 Apron edge
111 -26.60554600  153.08815300 102 
111 -26.60547100  153.08860600 102 
111 -26.60537400  153.08868300 102 
111 -26.60534000  153.08884700 102 
115 -26.60541500  153.08896900 
120 Apron edge
111 -26.60620800  153.08782200 102 
115 -26.60629300  153.08823800 
120 Apron edge
111 -26.60495600  153.08816300 102 
115 -26.60503300  153.08869000 
120 Apron edge
111 -26.60447600  153.08790200 102 
115 -26.60426600  153.08813300 
14  -26.60485700  153.08728200    0 0 Maroochydore Sunshine Coast Tower
15  -26.60773500  153.08809200 103.96 GA Ramp 10
15  -26.60787900  153.08805800 106.78 GA Ramp 11
15  -26.60668900  153.08836200 102.38 GA Ramp 11
15  -26.60801200  153.08801400 106.20 GA Ramp 12
15  -26.60815600  153.08796500 104.29 GA Ramp 13
15  -26.60828700  153.08792600 105.69 GA Ramp 14
15  -26.60844300  153.08787600 104.66 GA Ramp 15
15  -26.60271900  153.08591300 215.89 GA Ramp 16
15  -26.60262800  153.08575800 213.39 GA Ramp 17
15  -26.60253600  153.08562900 215.97 GA Ramp 18
15  -26.60280700  153.08605000 215.90 GA Ramp 19
15  -26.60691700  153.08831200 103.09 GA Ramp 6
15  -26.60708900  153.08826300 101.88 GA Ramp 7
15  -26.60745200  153.08815900 100.37 GA Ramp 8
15  -26.60760400  153.08812900 103.48 GA Ramp 9
15  -26.60625000  153.08802200 282.96 Gate 1
15  -26.60552400  153.08829500 259.07 Gate 2
15  -26.60499600  153.08838800 278.40 Gate 3
15  -26.60435500  153.08804700 217.76 Gate 4
15  -26.60668300  153.08761800  45.00 Mil Cargo Ramp 20
15  -26.60695900  153.08755200  45.00 Mil Cargo Ramp 21
15  -26.60745100  153.08743900  13.00 Mil Cargo Ramp 22
15  -26.60148600  153.08580600 281.48 Mil Cargo Ramp 23
18  -26.60428703  153.08745032 1 BCN
19  -26.60271221  153.09040734 1 New Windsock 10
19  -26.60825326  153.08826532 1 New Windsock 11
19  -26.59515478  153.09254024 0 New Windsock 12
20  -26.60029500  153.09226800  92.29  0 4 {@L}A{@R}18-36
20  -26.60055000  153.09217700  96.55  0 4 {@L}A{@R}18-36
20  -26.60036200  153.09163700 278.07  0 4 {@L}A{@Y}{^l}D
20  -26.60493200  153.09097700  93.02  0 4 {@L}B1{@R}18-36
20  -26.60527000  153.09088200  95.90  0 4 {@L}B1{@R}18-36
20  -26.60480000  153.09045000 275.42  0 4 {@L}B1{@Y}{^l}D{^r}
20  -26.60514000  153.09034700 273.36  0 4 {@L}B1{@Y}{^l}D{^r}
20  -26.60600500  153.09065200  93.36  0 4 {@L}B2{@R}18-36
20  -26.60635000  153.09056000  92.26  0 4 {@L}B2{@R}18-36
20  -26.60590700  153.09012000 273.41  0 4 {@L}B2{@Y}{^l}D{^r}
20  -26.60621800  153.09003700 271.71  0 4 {@L}B2{@Y}{^l}D{^r}
20  -26.60974000  153.08955500  91.88  0 4 {@L}C{@R}18-36
20  -26.60999000  153.08949200  92.51  0 4 {@L}C{@R}18-36
20  -26.60381300  153.09027800   0.03  0 4 {@L}D{@R}12-30
20  -26.60389000  153.09054500   4.33  0 4 {@L}D{@R}12-30
20  -26.60324700  153.09071200 181.04  0 4 {@L}D{@R}12-30
20  -26.60320000  153.09046800 181.00  0 4 {@L}D{@R}12-30
20  -26.60465500  153.09007300 183.99  0 4 {@L}D{@Y}{^l}B1{^r}
20  -26.60471300  153.09030500 180.99  0 4 {@L}D{@Y}{^l}B1{^r}
20  -26.60513000  153.08992800   3.42  0 4 {@L}D{@Y}{^l}B1{^r}
20  -26.60518500  153.09017300   3.44  0 4 {@L}D{@Y}{^l}B1{^r}
20  -26.60622500  153.08929300   3.91  0 4 {@L}D{@Y}{^l}B2{^r}
20  -26.60628700  153.08953000   7.85  0 4 {@L}D{@Y}{^l}B2{^r}
20  -26.60580300  153.09000000 182.60  0 4 {@L}D{@Y}{^l}B2{^r}
20  -26.60575200  153.08977000 182.60  0 4 {@L}D{@Y}{^l}B2{^r}
20  -26.60042000  153.09148700   4.99  0 4 {@L}D{@Y}A{^r}
20  -26.60412300  153.09018700 179.73  0 4 {@L}D{@Y}E{^r}
20  -26.60722700  153.08899200 182.60  0 4 {@L}D{@Y}G{^r}
20  -26.60858000  153.08860500 184.93  0 4 {@L}D{@Y}H{^r}
20  -26.60437500  153.08994200 118.50  0 4 {@L}E{@Y}{^l}D{^r}
20  -26.60419200  153.09009000 114.85  0 4 {@L}E{@Y}{^l}D{^r}
20  -26.60145500  153.08580200 300.14  0 4 {@L}E{@Y}{^l}J{^r}
20  -26.60126200  153.08599500 302.68  0 4 {@L}E{@Y}{^l}J{^r}
20  -26.60224200  153.08686300 120.54  0 4 {@L}E{@Y}L{^r}
20  -26.60276300  153.08758300 120.13  0 4 {@L}E{@Y}M{^r}
20  -26.60075300  153.08601700  27.42  0 4 {@L}J{@R}12-30
20  -26.60088500  153.08620300  28.08  0 4 {@L}J{@R}12-30
20  -26.60147000  153.08559000  37.65  0 4 {@L}J{@Y}E{^r}
20  -26.60256800  153.08708500  29.95  0 4 {@L}L{@Y}{^l}E{^r}
20  -26.60242000  153.08689000  28.47  0 4 {@L}L{@Y}{^l}E{^r}
20  -26.60308200  153.08780800  30.54  0 4 {@L}M{@Y}{^l}E{^r}
20  -26.60294000  153.08761000  25.99  0 4 {@L}M{@Y}{^l}E{^r}
20  -26.60075500  153.09222500  18.02  0 4 {@Y}{^l}A
20  -26.60545000  153.09092300  17.19  0 4 {@Y}{^l}B1
20  -26.60656700  153.09061000  17.19  0 4 {@Y}{^l}B2
20  -26.60941300  153.08862800 184.14  0 4 {@Y}{^l}C{@L}D
20  -26.60113300  153.08597500 208.96  0 4 {@Y}{^l}E{@L}J
20  -26.60456800  153.09008800   4.00  0 4 {@Y}{^l}E|D
20  -26.60767300  153.08885200   4.68  0 4 {@Y}{^l}G{@L}D
20  -26.60903200  153.08847000   2.03  0 4 {@Y}{^l}H{@L}D
20  -26.60256200  153.08731300 297.51  0 4 {@Y}{^l}L|E
20  -26.60305800  153.08802500 293.48  0 4 {@Y}{^l}M|E
20  -26.60016200  153.09239700 200.46  0 4 {@Y}A{^r}
20  -26.60480800  153.09106200 195.29  0 4 {@Y}B1{^r}
20  -26.60592000  153.09074000 196.23  0 4 {@Y}B2{^r}
20  -26.60942000  153.08980300 199.24  0 4 {@Y}C{^r}
20  -26.60955000  153.08869500 277.01  0 4 {@Y}D{^r}
50 11980 YBMC ATIS
51 12440 ACTIVATE LIGHTS ONLY MULT
53 12110 MAROOCHY GND
54 12440 MAROOCHY TWR
54 12300 BRISBANE CNTR
54 12900 BRISBANE CNTR
