1      654 0 0 YBTC BEATRICE DOWNS
100   27.13   4   0 0.25 0 0 0 13  -24.18169901  142.88134996    0.00    0.00 0  0 0 0 31  -24.18533069  142.88572321    0.00    0.00 0  0 0 0
110   4 0.25   0.00 New Taxiway 39
111 -24.18526244  142.88546364 
111 -24.18646782  142.88522112 
111 -24.18670432  142.88456046 
111 -24.18675009  142.88456882 
111 -24.18652122  142.88527966 
113 -24.18531584  142.88554727 
14  -24.18555234  142.88527130    6 0 New Tower Viewpoint 55
15  -24.18532347  142.88559744   0.00 New Ramp Start 53
19  -24.18487336  142.88568107 0 New Windsock 54
