1       55 0 0 YCLQ CAPE LEVEQUE
100   49.99   4   0 0.25 0 0 0 13  -16.39662090  122.92767826    0.00    0.00 0  0 0 0 31  -16.40494200  122.93584700    0.00    0.00 0  0 0 0
110   4 0.25   0.00 New Taxiway 27
111 -16.39796220  122.92921835 
112 -16.39765583  122.92921835 -16.39761907  122.92921835 
112 -16.39736172  122.92891177 -16.39736172  122.92886067 
113 -16.39739849  122.92865628 
14  -16.39608723  122.92742996    6 0 New Tower Viewpoint 27
15  -16.39657742  122.92786428 192.09 New Ramp Start 26
19  -16.39744750  122.92905228 0 New Windsock 28
