1      837 0 0 YCLR CLARENDON
100   28.96   4   0 0.25 0 0 0 2   -24.24887410  145.22636287    0.00    0.00 0  0 0 0 20  -24.25747112  145.22104812    0.00    0.00 0  0 0 0
110   4 0.25   0.00 New Taxiway 1
111 -24.25280578  145.22390267 
111 -24.25285457  145.22233744 
112 -24.25300094  145.22215015 -24.25317171  145.22224379 
113 -24.25374500  145.22327390 
14  -24.25295215  145.22236420    6 0 New Tower Viewpoint 3
15  -24.25329368  145.22273878  95.12 New Ramp Start 1
19  -24.25347665  145.22399632 0 New Windsock 2
