1     1177 0 0 YCLS COLONSAY
100    9.14   4   0 0.25 0 0 0 9   -27.48088362  151.38096923    0.00    0.00 0  0 0 0 27  -27.48207928  151.38988071    0.00    0.00 0  0 0 0
110   4 0.25  98.60 New Taxiway 2
111 -27.48211690  151.38986348 
112 -27.48216442  151.39005434 -27.48219710  151.39011796 
111 -27.48233672  151.39017823 
111 -27.48291894  151.39013135 
111 -27.48293379  151.39038918 
111 -27.48245851  151.39040592 
112 -27.48235454  151.39027199 -27.48230701  151.39026529 
112 -27.48212284  151.39014475 -27.48205451  151.39009452 
111 -27.48205748  151.39007108 
113 -27.48204263  151.38987688 
110   4 0.25  98.60 New Taxiway 1
111 -27.48089471  151.38131328 
112 -27.48080325  151.38124455 -27.48078953  151.38122737 
111 -27.48075447  151.38099197 
111 -27.48099074  151.38095073 
113 -27.48097398  151.38138029 
14  -27.48220601  151.39030547    6 0 New Tower Viewpoint 3
15  -27.48245257  151.39023515   0.00 New Ramp Start 1
19  -27.48204263  151.39026194 0 New Windsock 2
