1      732 0 0 YDMR Delamere Station
100   36.88   4   0 0.25 0 0 0 08  -15.62159911  131.64089804    0.00    0.00 0  0 0 0 26  -15.62581600  131.65635800    0.00    0.00 0  0 0 0
110   4 0.25   0.00 New Taxiway 27
111 -15.62173139  131.64101144 
112 -15.62269276  131.64126100 -15.62283697  131.64141073 
112 -15.62276487  131.64195976 -15.62264469  131.64218436 
112 -15.62228418  131.64242144 -15.62224813  131.64252127 
113 -15.62217603  131.64273339 
14  -15.62246444  131.64213445    6 0 New Tower Viewpoint 10
15  -15.62221208  131.64136082  14.04 New Ramp Start 8
19  -15.62120264  131.64181003 0 New Windsock 9
51 12670 CTAF
