1      374 0 0 YGGI GOOLGOWI
100   84.12   4   0 0.25 0 0 0 3   -34.00043955  145.71327271    0.00    0.00 0  0 0 0 21  -33.99156325  145.71961339    0.00    0.00 0  0 0 0
110   4 0.25   0.00 New Taxiway 48
111 -33.99148002  145.71933480 
111 -33.99125253  145.71947199 
111 -33.99121461  145.71942626 
113 -33.99144969  145.71921590 
14  -33.99135869  145.71953601    6 0 New Tower Viewpoint 51
15  -33.99160894  145.71923419 132.95 New Ramp Start 53
19  -33.99336826  145.71746903 0 New Windsock 52
