1      479 0 0 YGNA GRANADA
100  131.98   4   0 0.00 0 0 0 2   -20.08485443  140.35869892    0.00    0.00 0  0 0 0 20  -20.07069643  140.36656357    0.00    0.00 0  0 0 0
110   4 0.25   0.00 New Taxiway 10
111 -20.07116476  140.36678386 
111 -20.07286098  140.37078343 
112 -20.07243977  140.37100159 -20.07223486  140.37102583 
111 -20.07218932  140.37096523 
112 -20.07220070  140.37054104 -20.07220070  140.37049256 
113 -20.07093708  140.36702626 
14  -20.07251065  140.37133450    6 0 New Tower Viewpoint 9
15  -20.07241700  140.37026228   0.00 New Ramp Start 7
19  -20.07237146  140.36889273 0 New Windsock 8
