1      509 0 0 YIGR Ingomar
100   31.09   4   0 0.25 0 0 0 14  -29.62360233  134.78471579    0.00    0.00 0  0 0 0 32  -29.63169355  134.79112671    0.00    0.00 0  0 0 0
100   31.09   4   0 0.25 0 0 0 09  -29.62728257  134.78246432    0.00    0.00 0  0 0 0 27  -29.62856857  134.79241722    0.00    0.00 0  0 0 0
110   4 0.25   0.00 New Taxiway 42
111 -29.63095702  134.79060739 
112 -29.63091818  134.79066994 -29.63089488  134.79069675 
112 -29.63086381  134.79077717 -29.63084828  134.79083078 
112 -29.63096479  134.79134905 -29.63099586  134.79144734 
112 -29.63111237  134.79184051 -29.63112014  134.79189412 
112 -29.63132986  134.79243920 -29.63135316  134.79246601 
111 -29.63147744  134.79304683 
112 -29.63411215  134.78912627 -29.63433960  134.78875995 
111 -29.63432822  134.78800115 
111 -29.63426295  134.78558700 
111 -29.62314483  134.78025910 
111 -29.62292017  134.78013405 
111 -29.62309773  134.78015072 
111 -29.63433638  134.78550529 
112 -29.63440875  134.78811849 -29.63441909  134.78861801 
111 -29.63423299  134.78904618 
111 -29.63215538  134.79236001 
111 -29.63065131  134.79416340 
111 -29.63049596  134.79426901 
111 -29.63087829  134.79379723 
112 -29.63140468  134.79308089 -29.63140468  134.79305135 
112 -29.63131481  134.79262303 -29.63130197  134.79254179 
112 -29.63098742  134.79162606 -29.63091038  134.79143405 
113 -29.63076916  134.79053309 
14  -29.63103367  134.79105786    6 0 New Tower Viewpoint 15
15  -29.63083595  134.79066793 238.39 New Ramp Start 16
19  -29.63121726  134.79122845 0 New Windsock 14
51 12670 CTAF
