1      347 0 0 YORA MOONERA
100   21.03   4   0 0.00 0 0 0 3   -31.69384669  126.58827337    0.00    0.00 0  0 0 0 21  -31.68772705  126.59399775    0.00    0.00 0  0 0 0
100   15.85   4   0 0.25 0 0 0 13  -31.69039084  126.58914471    0.00    0.00 0  0 0 0 31  -31.69344203  126.59263901    0.00    0.00 0  0 0 0
110   4 0.25   0.00 New Taxiway 27
111 -31.68570972  126.58613589 
111 -31.69963826  126.58648506 
111 -31.69962572  126.58660292 
111 -31.69548866  126.58655314 
112 -31.69482104  126.58736138 -31.69454791  126.58770450 
111 -31.69378337  126.58846856 
111 -31.69367221  126.58829248 
112 -31.69385381  126.58809457 -31.69390887  126.58800830 
112 -31.69404747  126.58710929 -31.69391456  126.58657051 
111 -31.69379774  126.58661100 
113 -31.68574450  126.58623125 
14  -31.69398578  126.58718131    6 0 New Tower Viewpoint 14
15  -31.69421969  126.58787484   0.00 New Ramp Start 12
19  -31.69379970  126.58779362 0 New Windsock 13
