1       46 0 0 YPHU PORT HURD
100   43.89   4   0 0.25 0 0 0 6   -11.69262702  130.19403506    0.00    0.00 0  0 0 0 24  -11.68845093  130.20364910    0.00    0.00 0  0 0 0
110   4 0.25   0.00 New Taxiway 62
111 -11.69559943  130.19637049 
112 -11.69003192  130.20032815 -11.68995322  130.20038842 
111 -11.69001224  130.20022770 
113 -11.69536335  130.19645085 
110   3 0.25   0.00 New Taxiway 61
111 -11.68802247  130.20418826 
112 -11.68799291  130.20335811 -11.68809637  130.20313170 
111 -11.69173520  130.19466368 
112 -11.69197951  130.19442667 -11.69201615  130.19436430 
112 -11.69235819  130.19376554 -11.69238262  130.19370317 
112 -11.69223603  130.19340379 -11.69221160  130.19319173 
111 -11.69272714  130.19237266 
111 -11.69394688  130.19269409 
111 -11.68963845  130.20293980 
112 -11.68961878  130.20342195 -11.68955976  130.20388401 
114 -11.68916629  130.20404473 -11.68891054  130.20420545 
14  -11.69076168  130.20000257    6 0 New Tower Viewpoint 45
15  -11.69049966  130.20024902   0.00 New Ramp Start 43
19  -11.69112713  130.19918577 0 New Windsock 44
