1      250 0 0 YSHW Holsworthy Army Airfield
100   29.87   1   1 0.00 1 2 0 11  -33.99340100  150.94941900    0.00    0.00 3  0 0 0 29  -33.99659900  150.95558100    0.00    0.00 3  0 0 0
110   1 0.00 122.00 Taxiway
111 -33.99426500  150.95310200 
111 -33.99421100  150.95313700 
111 -33.99410900  150.95314600 
111 -33.99416300  150.95304500 
111 -33.99421700  150.95301000 
111 -33.99427100  150.95297400 
111 -33.99434900  150.95292100 
111 -33.99440800  150.95288000 
111 -33.99446600  150.95283900 
111 -33.99454200  150.95278100 
111 -33.99460200  150.95273300  53 
111 -33.99466100  150.95268400  53 
112 -33.99478300  150.95259500 -33.99483400  150.95255800  53 
111 -33.99473100  150.95229100 
111 -33.99511700  150.95241300 
111 -33.99502600  150.95286500 
112 -33.99483000  150.95268700 -33.99477900  150.95272400  53 
111 -33.99470900  150.95277600  53 
111 -33.99465000  150.95282500 
111 -33.99459000  150.95287300 
111 -33.99451300  150.95293100 
111 -33.99445500  150.95297200 
111 -33.99439700  150.95301300 
113 -33.99431800  150.95306600 
110   1 0.00 122.00 Taxiway
111 -33.99396100  150.95251100 
111 -33.99390500  150.95254900 
111 -33.99380400  150.95255900 
111 -33.99385700  150.95245700 
111 -33.99391400  150.95241800 
111 -33.99397000  150.95237900 
111 -33.99404800  150.95232400 
111 -33.99410100  150.95228400 
111 -33.99415400  150.95224400 
111 -33.99423100  150.95218700 
111 -33.99428800  150.95214700  53 
111 -33.99434400  150.95210700  53 
112 -33.99447700  150.95200700 -33.99452800  150.95196900  53 
111 -33.99442500  150.95170400 
111 -33.99481000  150.95182100 
111 -33.99473100  150.95229100 
112 -33.99452400  150.95209900 -33.99447300  150.95213700  53 
111 -33.99439000  150.95219900  53 
111 -33.99433500  150.95224000 
111 -33.99427900  150.95228000 
111 -33.99420200  150.95233600 
111 -33.99414800  150.95237700 
111 -33.99409300  150.95241700 
113 -33.99401600  150.95247200 
110   1 0.00 122.00 Taxiway
111 -33.99454700  150.95365100 
111 -33.99449700  150.95368700 
111 -33.99439700  150.95369800 
111 -33.99445000  150.95359500 
111 -33.99450000  150.95355900 
111 -33.99455000  150.95352200 
111 -33.99462700  150.95346700 
111 -33.99468600  150.95342400 
111 -33.99474500  150.95338200 
111 -33.99482300  150.95332800 
111 -33.99488700  150.95328500  53 
111 -33.99495000  150.95324100  53 
112 -33.99506900  150.95315400 -33.99512000  150.95311700  53 
111 -33.99502600  150.95286500 
111 -33.99540300  150.95297100 
111 -33.99531100  150.95341400 
112 -33.99511700  150.95324600 -33.99506600  150.95328300  53 
111 -33.99499600  150.95333500  53 
111 -33.99493400  150.95337800 
111 -33.99487100  150.95342000 
111 -33.99479300  150.95347400 
111 -33.99473400  150.95351700 
111 -33.99467500  150.95355900 
113 -33.99459700  150.95361500 
110   1 0.00 122.00 Taxiway
111 -33.99480100  150.95420600 
111 -33.99477600  150.95422400 
111 -33.99470000  150.95428100 
111 -33.99472800  150.95413300 
111 -33.99477900  150.95409600 
111 -33.99482900  150.95405800 
111 -33.99490600  150.95400100 
111 -33.99496700  150.95395800 
111 -33.99502700  150.95391400 
111 -33.99510500  150.95386000 
111 -33.99516800  150.95382000  53 
111 -33.99523000  150.95378000  53 
112 -33.99535100  150.95369300 -33.99540200  150.95365600  53 
111 -33.99531100  150.95341400 
111 -33.99568600  150.95351200 
111 -33.99562200  150.95401000 
112 -33.99562200  150.95401000 -33.99552500  150.95382300  53 
112 -33.99539900  150.95378500 -33.99534800  150.95382200  53 
111 -33.99527400  150.95387400  53 
111 -33.99521400  150.95391400 
111 -33.99515300  150.95395300 
111 -33.99507400  150.95400600 
111 -33.99501400  150.95405000 
111 -33.99495400  150.95409300 
113 -33.99487700  150.95414900 
110   1 0.00 122.00 Taxiway
111 -33.99367200  150.95194200 
111 -33.99361500  150.95198600 
111 -33.99354100  150.95204800 
111 -33.99350800  150.95188900 
111 -33.99358500  150.95182800 
111 -33.99366300  150.95176800 
111 -33.99373900  150.95171000 
111 -33.99379200  150.95167000 
111 -33.99384500  150.95163000 
111 -33.99392200  150.95157200 
111 -33.99397300  150.95153300  53 
111 -33.99402400  150.95149400  53 
112 -33.99412700  150.95141100 -33.99419600  150.95135600  53 
112 -33.99412600  150.95112600 -33.99405700  150.95099100 
111 -33.99412600  150.95112600 
111 -33.99449400  150.95121400 
111 -33.99442500  150.95170400 
112 -33.99419500  150.95154000 -33.99412700  150.95159500  53 
111 -33.99409200  150.95162200  53 
111 -33.99404000  150.95166200 
111 -33.99398800  150.95170100 
111 -33.99391200  150.95175900 
111 -33.99385900  150.95180000 
111 -33.99380500  150.95184000 
113 -33.99372900  150.95189800 
110   1 0.00 122.00 Closed taxiway
112 -33.99338200  150.95154600 -33.99341300  150.95152500 
111 -33.99350300  150.95146700 
111 -33.99352900  150.95152400 
112 -33.99345800  150.95157000 -33.99342700  150.95159100 
112 -33.99344000  150.95165600 -33.99345900  150.95169300 
111 -33.99353800  150.95184700 
111 -33.99349200  150.95188200 
114 -33.99336300  150.95163200 -33.99334400  150.95159500 
110   1 0.00 122.00 Closed taxiway
112 -33.99496300  150.95528600 -33.99498400  150.95532000 
112 -33.99503100  150.95535100 -33.99505600  150.95536000 
112 -33.99512900  150.95532100 -33.99517000  150.95529200 
112 -33.99520700  150.95522300 -33.99521900  150.95518700 
112 -33.99519500  150.95510800 -33.99517500  150.95506800 
112 -33.99512700  150.95507200 -33.99510200  150.95508900 
112 -33.99504200  150.95500400 -33.99501000  150.95494300 
111 -33.99475100  150.95444000 
111 -33.99482700  150.95438200 
112 -33.99507400  150.95486000 -33.99510600  150.95492100 
112 -33.99514200  150.95494500 -33.99515500  150.95494000 
111 -33.99516200  150.95493700 
111 -33.99526500  150.95487900  53 
111 -33.99551600  150.95469500  53 
112 -33.99558300  150.95464700 -33.99561400  150.95462400  53 
112 -33.99561100  150.95455700 -33.99560000  150.95452000  53 
112 -33.99563000  150.95445300 -33.99565400  150.95442100  53 
112 -33.99564000  150.95444100 -33.99566400  150.95440900  53 
112 -33.99572200  150.95435700 -33.99575300  150.95433300 
111 -33.99572200  150.95435700 
111 -33.99572800  150.95443000 
112 -33.99572800  150.95443000 -33.99571700  150.95443900  53 
112 -33.99568400  150.95447900 -33.99566500  150.95450300  53 
112 -33.99567100  150.95456200 -33.99568100  150.95459300  53 
112 -33.99572000  150.95464900 -33.99574300  150.95467600  53 
112 -33.99579700  150.95467600 -33.99582600  150.95466700  53 
112 -33.99588600  150.95462800 -33.99591700  150.95460500  53 
111 -33.99604100  150.95451600 
111 -33.99606900  150.95457200 
112 -33.99590800  150.95468800 -33.99587700  150.95471100  53 
112 -33.99581000  150.95473800 -33.99577500  150.95474900  53 
112 -33.99579000  150.95474500 -33.99575500  150.95475600  53 
112 -33.99569900  150.95471600 -33.99567300  150.95468600  53 
112 -33.99569700  150.95471300 -33.99567100  150.95468300  53 
112 -33.99561200  150.95470200 -33.99558100  150.95472500  53 
111 -33.99554400  150.95475100  53 
111 -33.99529300  150.95493500 
112 -33.99526300  150.95495500 -33.99524300  150.95496900 
112 -33.99528000  150.95506800 -33.99531100  150.95512900 
112 -33.99532600  150.95515800 -33.99535700  150.95521900 
112 -33.99534600  150.95533100 -33.99532800  150.95538500 
112 -33.99520500  150.95549400 -33.99512800  150.95554900 
112 -33.99499200  150.95554000 -33.99492700  150.95551600 
112 -33.99485100  150.95543100 -33.99482200  150.95538200 
112 -33.99483600  150.95530200 -33.99485500  150.95526500 
112 -33.99486500  150.95524200 -33.99488400  150.95520500 
112 -33.99484500  150.95509500 -33.99481300  150.95503400 
111 -33.99472800  150.95487400 
111 -33.99480400  150.95481600 
112 -33.99492900  150.95505300 -33.99496100  150.95511400 
114 -33.99495500  150.95518900 -33.99494000  150.95521900 
110   1 0.00 122.00 Closed taxiway
112 -33.99348800  150.95066600 -33.99349500  150.95067800 
111 -33.99368700  150.95104200 
111 -33.99367200  150.95105400 
112 -33.99348200  150.95069600 -33.99347500  150.95068400 
112 -33.99345700  150.95069000 -33.99344700  150.95069800 
111 -33.99341200  150.95072800 
111 -33.99340100  150.95071000 
114 -33.99346300  150.95066000 -33.99347300  150.95065200 
110   1 0.00 122.00 Closed taxiway
112 -33.98968000  150.95088800 -33.98972500  150.95085000 
111 -33.99026900  150.95038300 
111 -33.99232100  150.94881100 
112 -33.99309300  150.94819700 -33.99313900  150.94816000 
112 -33.99324300  150.94812700 -33.99329700  150.94811700 
112 -33.99335000  150.94810600 -33.99340400  150.94809600 
112 -33.99350000  150.94814400 -33.99354600  150.94817900 
112 -33.99353400  150.94816900 -33.99358000  150.94820400 
112 -33.99364700  150.94830600 -33.99367600  150.94836200 
112 -33.99441100  150.94977700 -33.99444000  150.94983300 
112 -33.99453700  150.94987300 -33.99459200  150.94988100 
112 -33.99482300  150.94991800 -33.99487800  150.94992600 
112 -33.99498600  150.94991600 -33.99504000  150.94990700 
111 -33.99536700  150.94985200 
111 -33.99537800  150.94995000 
112 -33.99498600  150.95001600 -33.99493200  150.95002500 
112 -33.99482400  150.95001700 -33.99477000  150.95000800 
112 -33.99459000  150.94998200 -33.99453600  150.94997300 
112 -33.99455200  150.95005400 -33.99458100  150.95011100 
112 -33.99746000  150.95584100 -33.99748900  150.95589800 
112 -33.99751400  150.95602400 -33.99752100  150.95608900 
112 -33.99755700  150.95643000 -33.99756400  150.95649500 
112 -33.99753000  150.95661600 -33.99750500  150.95667500 
112 -33.99744200  150.95681400 -33.99741700  150.95687300 
112 -33.99733500  150.95695600 -33.99728900  150.95699200 
112 -33.99713400  150.95711100 -33.99708800  150.95714700 
112 -33.99698300  150.95716000 -33.99692800  150.95715700 
112 -33.99688700  150.95715300 -33.99683200  150.95715000 
112 -33.99672900  150.95711100 -33.99667800  150.95708600 
112 -33.99171600  150.95468500 -33.99166500  150.95466000 
112 -33.99157700  150.95458400 -33.99153500  150.95454100 
112 -33.99148400  150.95448900 -33.99144200  150.95444600 
112 -33.99137600  150.95434200 -33.99134600  150.95428700 
111 -33.99098300  150.95361600 
111 -33.99066400  150.95298700 
112 -33.99016900  150.95211000 -33.99013800  150.95205500 
112 -33.99006300  150.95196100 -33.99002300  150.95191600 
111 -33.98976300  150.95162800 
112 -33.98954200  150.95138900 -33.98950100  150.95134500 
112 -33.98940500  150.95128600 -33.98935400  150.95126100 
112 -33.98912800  150.95114800 -33.98907700  150.95112300 
112 -33.98897100  150.95110000 -33.98891700  150.95109300 
111 -33.98752600  150.95091100 
111 -33.98753500  150.95081300 
112 -33.98899100  150.95100400 -33.98904500  150.95101100 
112 -33.98914800  150.95105200 -33.98919900  150.95107700 
112 -33.98940900  150.95118200 -33.98946000  150.95120700 
112 -33.98952500  150.95113300 -33.98955200  150.95107600 
114 -33.98957300  150.95103100 -33.98960000  150.95097400 
112 -33.99171900  150.95294500 -33.99173000  150.95296400 
112 -33.99180400  150.95292000 -33.99185000  150.95288500 
111 -33.99197900  150.95278400 
111 -33.99202400  150.95286700 
111 -33.99174600  150.95308200 
111 -33.99136700  150.95337200 
112 -33.99114300  150.95355000 -33.99109800  150.95358600 
112 -33.99112000  150.95368700 -33.99115000  150.95374200 
112 -33.99143800  150.95427600 -33.99146800  150.95433100 
112 -33.99154500  150.95442300 -33.99158600  150.95446600 
112 -33.99162000  150.95449800 -33.99166100  150.95454100 
112 -33.99175800  150.95459900 -33.99180900  150.95462400 
112 -33.99674700  150.95701300 -33.99679800  150.95703800 
112 -33.99690500  150.95705600 -33.99696000  150.95706000 
112 -33.99696100  150.95705900 -33.99701600  150.95706300 
112 -33.99711200  150.95701100 -33.99715800  150.95697500 
112 -33.99727300  150.95688600 -33.99731900  150.95685000 
112 -33.99738100  150.95674500 -33.99740700  150.95668700 
112 -33.99744500  150.95659700 -33.99747100  150.95653900 
112 -33.99747300  150.95641200 -33.99746600  150.95634700 
112 -33.99743400  150.95605800 -33.99742700  150.95599300 
112 -33.99738000  150.95587500 -33.99735100  150.95581800 
111 -33.99439500  150.94993300 
112 -33.99358700  150.94837800 -33.99355800  150.94832200 
112 -33.99347800  150.94824500 -33.99343500  150.94821200 
112 -33.99333200  150.94821000 -33.99327800  150.94822000 
112 -33.99327300  150.94822100 -33.99321900  150.94823100 
112 -33.99312300  150.94829100 -33.99307700  150.94832800 
112 -33.99244500  150.94883100 -33.99239900  150.94886800 
112 -33.99239100  150.94891400 -33.99240100  150.94893300 
111 -33.99314200  150.95034100 
111 -33.99357400  150.95116400 
111 -33.99355100  150.95118200 
112 -33.99315300  150.95042400 -33.99314300  150.95040500 
112 -33.99313400  150.95042900 -33.99313100  150.95045100 
112 -33.99312600  150.95048600 -33.99312300  150.95050800 
112 -33.99312200  150.95055200 -33.99312200  150.95057400 
112 -33.99312100  150.95067200 -33.99312100  150.95069400 
112 -33.99313600  150.95073300 -33.99314600  150.95075200 
111 -33.99339200  150.95119500 
111 -33.99336900  150.95121300 
112 -33.99310800  150.95074200 -33.99309800  150.95072400 
112 -33.99309300  150.95068200 -33.99309300  150.95066000 
112 -33.99309400  150.95058800 -33.99309400  150.95056600 
112 -33.99307300  150.95057700 -33.99305900  150.95059200 
112 -33.99302000  150.95063400 -33.99300600  150.95064900 
112 -33.99297300  150.95066600 -33.99295600  150.95067300 
112 -33.99282700  150.95072000 -33.99281000  150.95072700 
112 -33.99277800  150.95074700 -33.99276300  150.95075800 
111 -33.99277800  150.95074700 
111 -33.99274100  150.95073700 
112 -33.99274100  150.95073700 -33.99275600  150.95072600 
112 -33.99273800  150.95071000 -33.99272100  150.95070300 
111 -33.99273800  150.95071000 
111 -33.99277000  150.95068800 
112 -33.99277000  150.95068800 -33.99278700  150.95069500 
112 -33.99282200  150.95068800 -33.99283900  150.95068100 
112 -33.99295900  150.95063600 -33.99297600  150.95062900 
112 -33.99300600  150.95060400 -33.99302000  150.95058900 
112 -33.99307400  150.95053200 -33.99308800  150.95051700 
112 -33.99309900  150.95047700 -33.99310200  150.95045500 
112 -33.99311200  150.95038700 -33.99311500  150.95036500 
112 -33.99310100  150.95032600 -33.99309100  150.95030700 
112 -33.99236800  150.94893200 -33.99235800  150.94891300 
112 -33.99228400  150.94895700 -33.99223800  150.94899200 
111 -33.99031500  150.95046500 
112 -33.98974200  150.95095600 -33.98969700  150.95099400 
112 -33.98963500  150.95109900 -33.98960800  150.95115600 
112 -33.98959500  150.95118500 -33.98956800  150.95124200 
112 -33.98961600  150.95133700 -33.98965700  150.95138100 
111 -33.98981900  150.95155600 
112 -33.99012500  150.95189700 -33.99016500  150.95194200 
112 -33.99023100  150.95204600 -33.99026200  150.95210100 
112 -33.99066400  150.95281100 -33.99069500  150.95286600 
112 -33.99077900  150.95284100 -33.99082500  150.95280600 
111 -33.99099100  150.95268000 
111 -33.99163400  150.95216500 
111 -33.99168000  150.95224700 
112 -33.99113800  150.95268000 -33.99109300  150.95271700 
112 -33.99111500  150.95281800 -33.99114500  150.95287300 
112 -33.99131200  150.95318000 -33.99134200  150.95323500 
112 -33.99142600  150.95321000 -33.99147200  150.95317500 
112 -33.99159700  150.95307900 -33.99164300  150.95304400 
112 -33.99164800  150.95299500 -33.99163600  150.95297400 
112 -33.99161500  150.95291700 -33.99160500  150.95288600 
111 -33.99161500  150.95291700 
111 -33.99168800  150.95287300 
114 -33.99168800  150.95287300 -33.99169700  150.95290200 
112 -33.99082300  150.95292300 -33.99077700  150.95295800 
112 -33.99079700  150.95306000 -33.99082600  150.95311600 
112 -33.99098800  150.95343700 -33.99101700  150.95349300 
112 -33.99109900  150.95346700 -33.99114400  150.95343100 
112 -33.99122000  150.95337100 -33.99126500  150.95333500 
112 -33.99124300  150.95323400 -33.99121300  150.95317900 
112 -33.99104600  150.95287100 -33.99101600  150.95281600 
114 -33.99093200  150.95284100 -33.99088600  150.95287600 
110   2 0.00 122.00 Closed taxiway
111 -33.99368200  150.95127800 
111 -33.99333300  150.95155200 
111 -33.99325800  150.95141400 
111 -33.99360600  150.95114000 
111 -33.99408900  150.95075000 
113 -33.99416500  150.95088800 
110   2 0.00 122.00 Closed taxiway
112 -33.99589400  150.95429900 -33.99586400  150.95432200 
112 -33.99591100  150.95445800 -33.99595200  150.95454100 
111 -33.99597200  150.95458200 
111 -33.99586400  150.95466000 
112 -33.99580300  150.95453900 -33.99576300  150.95445800 
112 -33.99572800  150.95443000 -33.99571800  150.95443900  53 
112 -33.99568400  150.95447900 -33.99566500  150.95450300 
111 -33.99568400  150.95447900 
111 -33.99564000  150.95444100 
112 -33.99564000  150.95444100 -33.99566400  150.95440900  53 
112 -33.99572200  150.95435700 -33.99575300  150.95433300  53 
111 -33.99576700  150.95432000 
111 -33.99591500  150.95420600 
113 -33.99594400  150.95426100 
110   2 0.00 122.00 Closed taxiway
112 -33.99138300  150.95285300 -33.99137300  150.95286100 
111 -33.99128700  150.95292900 
111 -33.99127800  150.95291100 
111 -33.99139400  150.95281800 
112 -33.99151200  150.95272300 -33.99152200  150.95271500 
112 -33.99150800  150.95268000 -33.99149500  150.95265900 
112 -33.99142100  150.95270300 -33.99137600  150.95274000 
111 -33.99121700  150.95287100 
111 -33.99117200  150.95279000 
112 -33.99144100  150.95256900 -33.99148600  150.95253200 
112 -33.99155400  150.95258900 -33.99158500  150.95263900 
111 -33.99159900  150.95266400 
112 -33.99162200  150.95270200 -33.99163700  150.95272700 
112 -33.99166000  150.95278400 -33.99167000  150.95281400 
111 -33.99167400  150.95282900 
112 -33.99168800  150.95287300 -33.99169700  150.95290200 
112 -33.99171900  150.95294500 -33.99173000  150.95296400 
111 -33.99171900  150.95294500 
111 -33.99164800  150.95299500 
112 -33.99164800  150.95299500 -33.99163600  150.95297400 
112 -33.99161500  150.95291700 -33.99160500  150.95288600 
112 -33.99158300  150.95287700 -33.99157200  150.95288100 
112 -33.99148700  150.95291400 -33.99147600  150.95291800 
112 -33.99145500  150.95293200 -33.99144500  150.95294000 
111 -33.99133800  150.95302700 
111 -33.99132800  150.95300900 
112 -33.99143700  150.95292000 -33.99144700  150.95291200 
112 -33.99143900  150.95289200 -33.99143000  150.95288100 
114 -33.99141100  150.95285700 -33.99140200  150.95284600 
112 -33.99157700  150.95285700 -33.99158800  150.95285300 
112 -33.99158400  150.95281900 -33.99157700  150.95279800 
112 -33.99155600  150.95275800 -33.99154500  150.95273900 
112 -33.99152300  150.95274100 -33.99151300  150.95274900 
112 -33.99142800  150.95281700 -33.99141800  150.95282500 
112 -33.99142600  150.95284400 -33.99143500  150.95285400 
112 -33.99145600  150.95288300 -33.99146500  150.95289300 
114 -33.99148600  150.95289200 -33.99149700  150.95288800 
110   5 0.00 122.00 Closed taxiway
112 -33.99244300  150.95076100 -33.99248300  150.95072900 
112 -33.99255100  150.95067600 -33.99259100  150.95064400 
112 -33.99263700  150.95063800 -33.99265400  150.95064500 
112 -33.99277000  150.95068800 -33.99278700  150.95069500 
112 -33.99282200  150.95068800 -33.99283900  150.95068100 
111 -33.99282200  150.95068800 
111 -33.99282700  150.95072000 
112 -33.99282700  150.95072000 -33.99281000  150.95072700 
112 -33.99277800  150.95074700 -33.99276300  150.95075800 
112 -33.99252000  150.95094100 -33.99250500  150.95095200 
112 -33.99247000  150.95095900 -33.99245200  150.95096000 
112 -33.99239700  150.95096400 -33.99237900  150.95096500 
112 -33.99237300  150.95093300 -33.99237500  150.95091200 
114 -33.99238000  150.95084100 -33.99238200  150.95082000 
112 -33.99246300  150.95084900 -33.99242300  150.95088100 
112 -33.99240200  150.95091400 -33.99240100  150.95092500 
112 -33.99242700  150.95092900 -33.99244500  150.95092800 
112 -33.99246200  150.95092800 -33.99248000  150.95092700 
112 -33.99251200  150.95090900 -33.99252700  150.95089800 
112 -33.99274100  150.95073700 -33.99275600  150.95072600 
112 -33.99273800  150.95071000 -33.99272100  150.95070300 
112 -33.99269700  150.95069400 -33.99268000  150.95068700 
114 -33.99261100  150.95073200 -33.99257100  150.95076400 
110   1 0.00 122.00 Apron
111 -33.99350900  150.94933200 
111 -33.99368700  150.94919400 
111 -33.99393600  150.94967400 
113 -33.99385900  150.95005700 
110   1 0.00 122.00 Apron
111 -33.99648900  150.95566200 
111 -33.99630300  150.95580500 
111 -33.99610300  150.95540300 
113 -33.99610400  150.95489700 
110   2 0.00 122.00 Apron
111 -33.99331600  150.95140100 
111 -33.99336100  150.95136900 
111 -33.99339100  150.95135500 
111 -33.99341700  150.95143200 
111 -33.99338300  150.95149000 
111 -33.99334000  150.95156300 
111 -33.99335100  150.95164800 
111 -33.99339200  150.95183600 
111 -33.99202200  150.95287400 
111 -33.99151900  150.95196800 
111 -33.99287100  150.95093900 
111 -33.99319600  150.95134300 
113 -33.99325400  150.95139400 
110   1 0.00 122.00 Apron
111 -33.99302200  150.95070900 
111 -33.99317400  150.95060100 
111 -33.99350300  150.95120300 
113 -33.99335500  150.95132100 
110   1 0.00 122.00 Apron
111 -33.99381700  150.95118100 
111 -33.99542300  150.95425700 
111 -33.99500600  150.95456600 
111 -33.99489300  150.95433500 
111 -33.99475200  150.95444000 
111 -33.99341700  150.95188600 
111 -33.99357300  150.95175100 
113 -33.99343400  150.95148800 
110   2 0.00 122.00 Apron
111 -33.99390300  150.95073800 
111 -33.99389300  150.95067800 
111 -33.99393200  150.95055700 
111 -33.99423200  150.95114600 
111 -33.99417200  150.95119400 
111 -33.99411900  150.95119000 
111 -33.99407700  150.95113700 
111 -33.99400900  150.95111200 
111 -33.99395800  150.95111000 
111 -33.99391100  150.95111800 
111 -33.99386700  150.95113900 
111 -33.99379900  150.95100000 
111 -33.99385600  150.95092600 
111 -33.99389100  150.95085200 
113 -33.99389700  150.95079400 
110   2 0.00 122.00 Apron
111 -33.99515300  150.95373800 
111 -33.99539300  150.95355100 
111 -33.99552200  150.95379400 
113 -33.99527800  150.95398100 
110   2 0.00 122.00 Apron
111 -33.99524000  150.95325600 
111 -33.99498400  150.95342800 
111 -33.99487400  150.95321300 
113 -33.99511900  150.95301900 
110   2 0.00 122.00 Apron
111 -33.99494700  150.95269000 
111 -33.99469900  150.95287200 
111 -33.99458900  150.95266200 
113 -33.99483200  150.95247300 
110   2 0.00 122.00 Apron
111 -33.99465200  150.95210600 
111 -33.99439700  150.95229500 
111 -33.99427100  150.95205900 
113 -33.99452600  150.95186100 
110   2 0.00 122.00 Apron
111 -33.99434900  150.95150400 
111 -33.99409600  150.95170500 
111 -33.99396100  150.95146400 
113 -33.99420600  150.95126000 
110   1 0.00 122.00 Apron
111 -33.99523200  150.95490300 
111 -33.99524400  150.95492000 
111 -33.99513300  150.95499400 
111 -33.99506600  150.95490100 
113 -33.99518500  150.95481500 
110   1 0.00 122.00 Apron
111 -33.99468700  150.95479800 
111 -33.99467500  150.95479000 
111 -33.99466400  150.95478900 
111 -33.99464600  150.95478700 
111 -33.99461600  150.95480500 
111 -33.99458500  150.95473900 
111 -33.99483500  150.95455100 
111 -33.99487800  150.95461800 
111 -33.99485500  150.95463800 
111 -33.99474500  150.95473000 
111 -33.99473800  150.95474600 
111 -33.99473600  150.95476400 
111 -33.99474400  150.95478100 
111 -33.99475800  150.95480000 
111 -33.99477200  150.95481100 
111 -33.99479200  150.95481900 
111 -33.99493200  150.95471300 
111 -33.99511200  150.95503700 
111 -33.99494200  150.95515800 
113 -33.99477200  150.95495700 
110   1 0.00 122.00 Apron
111 -33.99456000  150.95558400 
111 -33.99433700  150.95547200 
111 -33.99438700  150.95532100 
111 -33.99522000  150.95572500 
111 -33.99508600  150.95614000 
111 -33.99462300  150.95592900 
111 -33.99458600  150.95603600 
111 -33.99452400  150.95600100 
111 -33.99455000  150.95590400 
111 -33.99453400  150.95587000 
113 -33.99448300  150.95584000 
110   2 0.00 122.00 Apron
111 -33.99334100  150.94945800 
111 -33.99617300  150.95487900 
111 -33.99610300  150.95498000 
113 -33.99324800  150.94953200 
110   2 0.00 122.00 Apron
111 -33.99504800  150.95508000 
111 -33.99516100  150.95530300 
111 -33.99509000  150.95535700 
113 -33.99497800  150.95512900 
110   1 0.00 122.00 Apron
111 -33.99329800  150.95138000 
111 -33.99330100  150.95138700 
111 -33.99328300  150.95140100 
111 -33.99325400  150.95139500 
111 -33.99319700  150.95134500 
111 -33.99287000  150.95093900 
113 -33.99300100  150.95083400 
110   1 0.00 122.00 Apron
111 -33.99318500  150.95043800 
111 -33.99279500  150.94969700 
111 -33.99290200  150.94961000 
113 -33.99329200  150.95034700 
120 Centreline for Path
112 -33.99349200  150.95199800 -33.99352700  150.95196700  51 101 
112 -33.99359100  150.95204300 -33.99362300  150.95210500  51 101 
112 -33.99379500  150.95243800 -33.99382600  150.95249900  51 101 
112 -33.99389000  150.95262200 -33.99392200  150.95268300  51 101 
112 -33.99409900  150.95302500 -33.99413100  150.95308600  51 101 
112 -33.99419500  150.95320900 -33.99422700  150.95327000  51 101 
112 -33.99438700  150.95357700 -33.99441900  150.95363800  51 101 
112 -33.99448300  150.95376100 -33.99451400  150.95382200  51 101 
112 -33.99466600  150.95411500 -33.99469800  150.95417600  51 101 
116 -33.99479000  150.95415000 -33.99484100  150.95411200 
120 Centreline for Path
111 -33.99507400  150.95443100  51 
116 -33.99504700  150.95437400 -33.99502900  150.95433700 
120 Centreline for Path
111 -33.99527300  150.95428700  51 
116 -33.99523600  150.95421600 -33.99521700  150.95417900 
120 Centreline for Path
111 -33.99377500  150.95138300  51 
116 -33.99379000  150.95141300 -33.99380900  150.95145000 
120 Centreline for Path
111 -33.99358700  150.95151300  51 
116 -33.99360300  150.95154400 -33.99362200  150.95158100 
120 Centreline for Taxi
112 -33.99359100  150.95204300 -33.99356000  150.95198200  51 101 
112 -33.99363900  150.95187800 -33.99370200  150.95182900  51 101 
112 -33.99382500  150.95173500 -33.99388500  150.95168900  51 101 
112 -33.99398700  150.95161200 -33.99403400  150.95157600  51 101 
112 -33.99416300  150.95147400 -33.99423300  150.95141800  51 101 
112 -33.99427300  150.95138500 -33.99434300  150.95132900  51 101 
116 -33.99425800  150.95106900 -33.99417800  150.95091400 
120 Centreline for Taxi
112 -33.99379500  150.95243800 -33.99382600  150.95249900  51 101 
112 -33.99392000  150.95247600 -33.99397200  150.95244000  51 101 
112 -33.99395400  150.95245300 -33.99400600  150.95241700  51 101 
112 -33.99410800  150.95234200 -33.99415900  150.95230400  51 101 
112 -33.99413900  150.95231900 -33.99419000  150.95228100  51 101 
112 -33.99429100  150.95220700 -33.99434200  150.95217100  51 101 
112 -33.99444300  150.95209600 -33.99449400  150.95205800  51 101 
112 -33.99461800  150.95196600 -33.99466900  150.95192800  51 101 
116 -33.99454800  150.95162900 -33.99445100  150.95144200 
120 Centreline for Taxi
112 -33.99409900  150.95302500 -33.99413100  150.95308600  51 101 
112 -33.99422600  150.95306500 -33.99427900  150.95303000  51 101 
112 -33.99425500  150.95304600 -33.99430800  150.95301100  51 101 
112 -33.99441200  150.95294000 -33.99446400  150.95290300  51 101 
112 -33.99445000  150.95291200 -33.99450200  150.95287600  51 101 
112 -33.99460200  150.95279700 -33.99465200  150.95275700  51 101 
112 -33.99461100  150.95279100 -33.99466000  150.95275000  51 101 
112 -33.99476200  150.95267400 -33.99481300  150.95263700  51 101 
112 -33.99492400  150.95255600 -33.99497500  150.95251900  51 101 
116 -33.99485600  150.95222000 -33.99475900  150.95203300 
120 Centreline for Taxi
112 -33.99438700  150.95357700 -33.99441900  150.95363800  51 101 
112 -33.99451200  150.95361300 -33.99456300  150.95357600  51 101 
112 -33.99453500  150.95359700 -33.99458600  150.95356000  51 101 
112 -33.99468900  150.95348600 -33.99474100  150.95344900  51 101 
112 -33.99473000  150.95345600 -33.99478100  150.95341900  51 101 
112 -33.99488500  150.95334800 -33.99493700  150.95331200  51 101 
112 -33.99489500  150.95334100 -33.99494700  150.95330600  51 101 
112 -33.99505000  150.95323200 -33.99510100  150.95319400  51 101 
112 -33.99521000  150.95311400 -33.99526100  150.95307700  51 101 
116 -33.99514400  150.95277900 -33.99504900  150.95259300 
120 Centreline for Taxi
112 -33.99479000  150.95415000 -33.99484100  150.95411200  51 101 
112 -33.99481500  150.95413200 -33.99486600  150.95409400  51 101 
112 -33.99496800  150.95401900 -33.99502000  150.95398200  51 101 
112 -33.99501200  150.95398800 -33.99506300  150.95395100  51 101 
112 -33.99516800  150.95388100 -33.99522100  150.95384700  51 101 
112 -33.99517300  150.95387800 -33.99522600  150.95384400  51 101 
112 -33.99532900  150.95377200 -33.99538100  150.95373500  51 101 
112 -33.99549300  150.95365500 -33.99554400  150.95361800  51 101 
116 -33.99571600  150.95388000 -33.99581300  150.95406700 
120 Centreline for Path
112 -33.99358700  150.95151300 -33.99361700  150.95157000  51 101 
112 -33.99367800  150.95169200 -33.99370900  150.95175400  51 101 
112 -33.99368700  150.95171100 -33.99371800  150.95177300  51 101 
112 -33.99378100  150.95189600 -33.99381300  150.95195700  51 101 
112 -33.99384000  150.95201000 -33.99387200  150.95207100  51 101 
112 -33.99393300  150.95219600 -33.99396400  150.95225800  51 101 
112 -33.99398700  150.95230500 -33.99401700  150.95236800  51 101 
112 -33.99407800  150.95249200 -33.99410900  150.95255400  51 101 
112 -33.99412900  150.95259200 -33.99416000  150.95265400  51 101 
112 -33.99422200  150.95277700 -33.99425400  150.95283900  51 101 
112 -33.99428700  150.95290200 -33.99431800  150.95296300  51 101 
112 -33.99438200  150.95308600 -33.99441300  150.95314700  51 101 
112 -33.99441800  150.95315700 -33.99445000  150.95321800  51 101 
112 -33.99451200  150.95334200 -33.99454300  150.95340400  51 101 
112 -33.99456600  150.95344800 -33.99459700  150.95351000  51 101 
112 -33.99466000  150.95363300 -33.99469200  150.95369400  51 101 
112 -33.99469600  150.95370200 -33.99472800  150.95376300  51 101 
112 -33.99479200  150.95388600 -33.99482400  150.95394700  51 101 
112 -33.99484300  150.95398300 -33.99487500  150.95404400  51 101 
112 -33.99493900  150.95416600 -33.99497200  150.95422700  51 101 
112 -33.99497200  150.95422700 -33.99500400  150.95428800  51 101 
116 -33.99506500  150.95441200 -33.99509500  150.95447500 
120 Centreline for Path
112 -33.99377500  150.95138300 -33.99380400  150.95144000  51 101 
112 -33.99386400  150.95156200 -33.99389500  150.95162400  51 101 
112 -33.99387000  150.95157300 -33.99390100  150.95163500  51 101 
112 -33.99396400  150.95175700 -33.99399700  150.95181800  51 101 
112 -33.99402500  150.95187100 -33.99405700  150.95193200  51 101 
112 -33.99411800  150.95205600 -33.99414700  150.95211900  51 101 
112 -33.99417000  150.95216800 -33.99420000  150.95223100  51 101 
112 -33.99426500  150.95235200 -33.99429800  150.95241300  51 101 
112 -33.99431800  150.95245100 -33.99435100  150.95251100  51 101 
112 -33.99441500  150.95263400 -33.99444600  150.95269500  51 101 
112 -33.99448100  150.95276500 -33.99451200  150.95282700  51 101 
112 -33.99457700  150.95294900 -33.99460900  150.95301000  51 101 
112 -33.99461600  150.95302300 -33.99464900  150.95308400  51 101 
112 -33.99471100  150.95320700 -33.99474200  150.95326900  51 101 
112 -33.99476100  150.95330800 -33.99479200  150.95337000  51 101 
112 -33.99485700  150.95349100 -33.99489000  150.95355200  51 101 
112 -33.99489600  150.95356500 -33.99492900  150.95362500  51 101 
112 -33.99499400  150.95374700 -33.99502500  150.95380800  51 101 
112 -33.99504100  150.95384000 -33.99507300  150.95390100  51 101 
112 -33.99513600  150.95402400 -33.99516800  150.95408500  51 101 
112 -33.99516000  150.95406900 -33.99519100  150.95413000  51 101 
116 -33.99525500  150.95425300 -33.99528700  150.95431400 
120 Centreline for Taxi join
112 -33.99363900  150.95187800 -33.99357500  150.95192700  51 101 
116 -33.99349200  150.95199800 -33.99345700  150.95202900 
120 Centreline for Taxi join
112 -33.99398700  150.95161200 -33.99394000  150.95164800  51 101 
116 -33.99387000  150.95157300 -33.99383900  150.95151100 
120 Centreline for Taxi join
112 -33.99398700  150.95161200 -33.99394000  150.95164800  51 101 
116 -33.99396400  150.95175700 -33.99399700  150.95181800 
120 Centreline for Taxi join
112 -33.99382500  150.95173500 -33.99388500  150.95168900  51 101 
116 -33.99387000  150.95157300 -33.99383900  150.95151100 
120 Centreline for Taxi join
112 -33.99382500  150.95173500 -33.99388500  150.95168900  51 101 
116 -33.99396400  150.95175700 -33.99399700  150.95181800 
120 Centreline for Taxi
112 -33.99452400  150.95158100 -33.99442700  150.95139400  51 101 
116 -33.99427300  150.95138500 -33.99420300  150.95144100 
120 Centreline for Taxi join
112 -33.99389000  150.95262200 -33.99385800  150.95256100  51 101 
116 -33.99392000  150.95247600 -33.99397200  150.95244000 
120 Centreline for Taxi join
112 -33.99429100  150.95220700 -33.99424000  150.95224400  51 101 
116 -33.99417000  150.95216800 -33.99414100  150.95210500 
120 Centreline for Taxi join
112 -33.99429100  150.95220700 -33.99424000  150.95224400  51 101 
116 -33.99426500  150.95235200 -33.99429800  150.95241300 
120 Centreline for Taxi join
112 -33.99413900  150.95231900 -33.99419000  150.95228100  51 101 
116 -33.99417000  150.95216800 -33.99414100  150.95210500 
120 Centreline for Taxi join
112 -33.99413900  150.95231900 -33.99419000  150.95228100  51 101 
116 -33.99426500  150.95235200 -33.99429800  150.95241300 
120 Centreline for Taxi join
112 -33.99419500  150.95320900 -33.99416300  150.95314800  51 101 
116 -33.99422600  150.95306500 -33.99427900  150.95303000 
120 Centreline for Taxi join
112 -33.99460200  150.95279700 -33.99455300  150.95283800  51 101 
116 -33.99448100  150.95276500 -33.99445000  150.95270400 
120 Centreline for Taxi join
112 -33.99460200  150.95279700 -33.99455300  150.95283800  51 101 
116 -33.99457700  150.95294900 -33.99460900  150.95301000 
120 Centreline for Taxi join
112 -33.99445000  150.95291200 -33.99450200  150.95287600  51 101 
116 -33.99448100  150.95276500 -33.99445000  150.95270400 
120 Centreline for Taxi join
112 -33.99445000  150.95291200 -33.99450200  150.95287600  51 101 
116 -33.99457700  150.95294900 -33.99460900  150.95301000 
120 Centreline for Taxi join
112 -33.99448300  150.95376100 -33.99445100  150.95370000  51 101 
116 -33.99451200  150.95361300 -33.99456300  150.95357600 
120 Centreline for Taxi join
112 -33.99488500  150.95334800 -33.99483300  150.95338300  51 101 
116 -33.99476100  150.95330800 -33.99473000  150.95324600 
120 Centreline for Taxi join
112 -33.99488500  150.95334800 -33.99483300  150.95338300  51 101 
116 -33.99485700  150.95349100 -33.99489000  150.95355200 
120 Centreline for Taxi join
112 -33.99473000  150.95345600 -33.99478100  150.95341900  51 101 
116 -33.99476100  150.95330800 -33.99473000  150.95324600 
120 Centreline for Taxi join
112 -33.99473000  150.95345600 -33.99478100  150.95341900  51 101 
116 -33.99485700  150.95349100 -33.99489000  150.95355200 
120 Centreline for Taxi join
112 -33.99516800  150.95388100 -33.99511500  150.95391500  51 101 
116 -33.99504100  150.95384000 -33.99501000  150.95377900 
120 Centreline for Taxi join
112 -33.99516800  150.95388100 -33.99511500  150.95391500  51 101 
116 -33.99513600  150.95402400 -33.99516800  150.95408500 
120 Centreline for Taxi join
112 -33.99501200  150.95398800 -33.99506300  150.95395100  51 101 
116 -33.99504100  150.95384000 -33.99501000  150.95377900 
120 Centreline for Taxi join
112 -33.99501200  150.95398800 -33.99506300  150.95395100  51 101 
116 -33.99513600  150.95402400 -33.99516800  150.95408500 
120 Centreline for Taxi
112 -33.99483900  150.95218900 -33.99474200  150.95200200  51 101 
116 -33.99461800  150.95196600 -33.99456700  150.95200400 
120 Centreline for Taxi
112 -33.99514400  150.95277900 -33.99504900  150.95259300  51 101 
116 -33.99492400  150.95255600 -33.99487300  150.95259300 
120 Centreline for Taxi
112 -33.99542900  150.95332900 -33.99533400  150.95314800  51 101 
116 -33.99521000  150.95311400 -33.99515900  150.95315200 
120 Centreline for Taxi
112 -33.99542900  150.95332900 -33.99552300  150.95351000  51 101 
116 -33.99549300  150.95365500 -33.99544100  150.95369200 
120 Centreline for Taxi join
112 -33.99363900  150.95187800 -33.99370200  150.95182900  51 101 
116 -33.99368700  150.95171100 -33.99365600  150.95164900 
120 Centreline for Taxi join
112 -33.99363900  150.95187800 -33.99370200  150.95182900  51 101 
116 -33.99378100  150.95189600 -33.99381300  150.95195700 
120 Centreline for Taxi join
112 -33.99382500  150.95173500 -33.99376400  150.95178100  51 101 
116 -33.99368700  150.95171100 -33.99365600  150.95164900 
120 Centreline for Taxi join
112 -33.99382500  150.95173500 -33.99376400  150.95178100  51 101 
116 -33.99378100  150.95189600 -33.99381300  150.95195700 
120 Centreline for Taxi join
112 -33.99395400  150.95245300 -33.99400600  150.95241700  51 101 
116 -33.99398700  150.95230500 -33.99395600  150.95224300 
120 Centreline for Taxi join
112 -33.99395400  150.95245300 -33.99400600  150.95241700  51 101 
116 -33.99407800  150.95249200 -33.99410900  150.95255400 
120 Centreline for Taxi join
112 -33.99410800  150.95234200 -33.99405700  150.95238000  51 101 
116 -33.99398700  150.95230500 -33.99395600  150.95224300 
120 Centreline for Taxi join
112 -33.99410800  150.95234200 -33.99405700  150.95238000  51 101 
116 -33.99407800  150.95249200 -33.99410900  150.95255400 
120 Centreline for Taxi join
112 -33.99425500  150.95304600 -33.99430800  150.95301100  51 101 
116 -33.99428700  150.95290200 -33.99425500  150.95284000 
120 Centreline for Taxi join
112 -33.99425500  150.95304600 -33.99430800  150.95301100  51 101 
116 -33.99438200  150.95308600 -33.99441300  150.95314700 
120 Centreline for Taxi join
112 -33.99441200  150.95294000 -33.99436000  150.95297600  51 101 
116 -33.99428700  150.95290200 -33.99425500  150.95284000 
120 Centreline for Taxi join
112 -33.99441200  150.95294000 -33.99436000  150.95297600  51 101 
116 -33.99438200  150.95308600 -33.99441300  150.95314700 
120 Centreline for Taxi join
112 -33.99453500  150.95359700 -33.99458600  150.95356000  51 101 
116 -33.99456600  150.95344800 -33.99453500  150.95338600 
120 Centreline for Taxi join
112 -33.99453500  150.95359700 -33.99458600  150.95356000  51 101 
116 -33.99466000  150.95363300 -33.99469200  150.95369400 
120 Centreline for Taxi join
112 -33.99468900  150.95348600 -33.99463800  150.95352300  51 101 
116 -33.99456600  150.95344800 -33.99453500  150.95338600 
120 Centreline for Taxi join
112 -33.99468900  150.95348600 -33.99463800  150.95352300  51 101 
116 -33.99466000  150.95363300 -33.99469200  150.95369400 
120 Centreline for Taxi join
112 -33.99481500  150.95413200 -33.99486600  150.95409400  51 101 
116 -33.99484300  150.95398300 -33.99481100  150.95392200 
120 Centreline for Taxi join
112 -33.99481500  150.95413200 -33.99486600  150.95409400  51 101 
116 -33.99493900  150.95416600 -33.99497200  150.95422700 
120 Centreline for Taxi join
112 -33.99496800  150.95401900 -33.99491700  150.95405600  51 101 
116 -33.99484300  150.95398300 -33.99481100  150.95392200 
120 Centreline for Taxi join
112 -33.99496800  150.95401900 -33.99491700  150.95405600  51 101 
116 -33.99493900  150.95416600 -33.99497200  150.95422700 
120 Closed hold short
111 -33.99368000  150.95127300  56 103 
115 -33.99360800  150.95114500 
120 Taxi hold short
111 -33.99409000  150.95161700  54 
115 -33.99402600  150.95149900 
120 Taxi hold short
111 -33.99438800  150.95219400  54 
115 -33.99434600  150.95211200 
120 Taxi hold short
111 -33.99470600  150.95277200  54 
115 -33.99466400  150.95268800 
120 Taxi hold short
111 -33.99499400  150.95333000  54 
115 -33.99495200  150.95324600 
120 Taxi hold short
111 -33.99527300  150.95386900  54 
115 -33.99523100  150.95378500 
120 Closed hold short
111 -33.99551800  150.95470000  56 103 
115 -33.99554200  150.95474600 
120 Military Ramp 1
111 -33.99361300  150.95161300  51 
115 -33.99365100  150.95158500 
120 Military Ramp 1
111 -33.99364300  150.95159000  51 
115 -33.99362100  150.95160800 
120 Military Ramp 2
111 -33.99379900  150.95148300  51 
115 -33.99383700  150.95145500 
120 Military Ramp 2
111 -33.99383000  150.95146100  51 
115 -33.99380600  150.95147700 
120 Military Ramp 3
111 -33.99390700  150.95208800  51 
115 -33.99386900  150.95211600 
120 Military Ramp 3
111 -33.99386900  150.95211600  51 
115 -33.99390700  150.95208800 
120 Military Ramp 4
111 -33.99409200  150.95194700  51 
115 -33.99405400  150.95197700 
120 Military Ramp 4
111 -33.99405300  150.95197500  51 
115 -33.99409300  150.95194900 
120 Military Ramp 5
111 -33.99419400  150.95267100  51 
115 -33.99415600  150.95269900 
120 Military Ramp 5
111 -33.99415600  150.95269900  51 
115 -33.99419400  150.95267100 
120 Military Ramp 6
111 -33.99438700  150.95252600  51 
115 -33.99434900  150.95255600 
120 Military Ramp 6
111 -33.99434900  150.95255500  51 
115 -33.99438700  150.95252700 
120 Military Ramp 7
111 -33.99448500  150.95323500  51 
115 -33.99444700  150.95326300 
120 Military Ramp 7
111 -33.99444700  150.95326300  51 
115 -33.99448500  150.95323500 
120 Military Ramp 8
111 -33.99468400  150.95309900  51 
115 -33.99464600  150.95312900 
120 Military Ramp 8
111 -33.99464600  150.95312800  51 
115 -33.99468400  150.95310000 
120 Military Ramp 9
111 -33.99476300  150.95378000  51 
115 -33.99472500  150.95380800 
120 Military Ramp 9
111 -33.99472500  150.95380800  51 
115 -33.99476300  150.95378000 
120 Military Ramp 10
111 -33.99496500  150.95364000  51 
115 -33.99492700  150.95367000 
120 Military Ramp 10
111 -33.99492700  150.95366900  51 
115 -33.99496500  150.95364100 
120 Military Ramp 11
111 -33.99503900  150.95430300  51 
115 -33.99500100  150.95433300 
120 Military Ramp 11
111 -33.99500800  150.95432600  51 
115 -33.99503200  150.95431000 
120 Military Ramp 12
111 -33.99522600  150.95414700  51 
115 -33.99518800  150.95417500 
120 Military Ramp 12
111 -33.99519600  150.95417000  51 
115 -33.99521800  150.95415200 
14  -33.99429705  150.95173990    6 0 New Tower Viewpoint 43
15  -33.99363200  150.95159900 120.97 Military Ramp 1
15  -33.99494600  150.95365500 121.19 Military Ramp 10
15  -33.99502000  150.95431800 120.00 Military Ramp 11
15  -33.99520700  150.95416100 123.06 Military Ramp 12
15  -33.99381800  150.95146900 120.79 Military Ramp 2
15  -33.99388800  150.95210200 122.55 Military Ramp 3
15  -33.99407300  150.95196200 118.41 Military Ramp 4
15  -33.99417500  150.95268500 121.54 Military Ramp 5
15  -33.99436800  150.95254100 121.75 Military Ramp 6
15  -33.99446600  150.95324900 118.41 Military Ramp 7
15  -33.99466500  150.95311400 118.41 Military Ramp 8
15  -33.99474400  150.95379400 118.41 Military Ramp 9
18  -33.99420164  150.95310017 1 BCN
19  -33.99543903  150.95505770 1 New Windsock 42
50 12090 YSHW ATIS
55 12455 SYDNEY APP
