1     1207 0 0 YTMS TAMBAR SPRINGS
100   35.97   3   0 0.25 0 0 0 1   -31.31900824  149.83843363    0.00    0.00 0  0 0 0 19  -31.30483353  149.84110382    0.00    0.00 0  0 0 0
110   3 0.25   0.00 New Taxiway 8
111 -31.30600583  149.84095641 
112 -31.30587014  149.84144163 -31.30581738  149.84160925 
112 -31.30571939  149.84175041 -31.30559878  149.84178570 
112 -31.30535003  149.84163572 -31.30533495  149.84144163 
111 -31.30531988  149.84129166 
111 -31.30487514  149.84140634 
113 -31.30483745  149.84114168 
14  -31.30553094  149.84055059    6 0 New Tower Viewpoint 9
15  -31.30557617  149.84124754 236.31 New Ramp Start 7
19  -31.30618674  149.84124754 0 New Windsock 8
