1     1169 0 0 YWEX WELL 33
100   49.99   4   0 0.25 0 0 0 12  -22.38266195  124.81346407    0.00    0.00 0  0 0 0 30  -22.38944900  124.82464400    0.00    0.00 0  0 0 0
110   4 0.25   0.00 New Taxiway 11
111 -22.38431905  124.81634672 
112 -22.38344348  124.81688781 -22.38331840  124.81696510 
112 -22.38311291  124.81665591 -22.38305931  124.81659794 
112 -22.38317545  124.81635639 -22.38322906  124.81628875 
111 -22.38330054  124.81619213 
113 -22.38390807  124.81581530 
14  -22.38314865  124.81583463    6 0 New Tower Viewpoint 18
15  -22.38338988  124.81658828 217.40 New Ramp Start 16
19  -22.38380979  124.81707139 0 New Windsock 17
