1     1707 0 0 YWPD WILPENA POUND
100   28.96   4   0 0.25 0 0 0 10  -31.51596425  138.62122981    0.00    0.00 0  0 0 0 28  -31.51772049  138.62836638    0.00    0.00 0  0 0 0
110   4 0.25   0.00 New Taxiway 34
111 -31.51632813  138.62241535 
112 -31.51666285  138.62271843 -31.51670983  138.62284242 
112 -31.51692710  138.62359325 -31.51692710  138.62370346 
112 -31.51686838  138.62404787 -31.51685663  138.62424763 
113 -31.51686251  138.62455761 
14  -31.51648081  138.62260133    6 0 New Tower Viewpoint 42
15  -31.51673020  138.62342311 280.64 New Ramp Start 40
19  -31.51683314  138.62372412 0 New Windsock 41
