1      664 0 0 YYWA YOWAH
100   92.05   4   0 0.25 0 0 0 14  -27.94522673  144.62288283    0.00    0.00 0  0 0 0 32  -27.95388141  144.62855222    0.00    0.00 0  0 0 0
100   78.03   4   0 0.25 0 0 0 4   -27.95286629  144.62788958    0.00    0.00 0  0 0 0 22  -27.94314784  144.63739885    0.00    0.00 0  0 0 0
110   4 0.25   0.00 New Taxiway 64
111 -27.95159848  144.62663248 
112 -27.95176405  144.62601910 -27.95183931  144.62584871 
112 -27.95214034  144.62596798 -27.95227581  144.62601910 
112 -27.95265210  144.62591687 -27.95281767  144.62583167 
112 -27.95299830  144.62613837 -27.95305850  144.62624060 
111 -27.95338964  144.62635986 
111 -27.95495504  144.62881340 
112 -27.95490988  144.62932455 -27.95472926  144.62934159 
111 -27.95444327  144.62930751 
112 -27.95444327  144.63000608 -27.95442822  144.63005720 
111 -27.95388636  144.63067058 
114 -27.95358532  144.63058539 -27.95343480  144.63041501 
14  -27.95283273  144.62620652    6 0 New Tower Viewpoint 51
15  -27.95262200  144.62664952  41.98 New Ramp Start 49
19  -27.95150816  144.62814890 0 New Windsock 50
