1      277 0 1 N10  Perkiomen Valley
100   12.19   1   0 0.25 0 2 0 09   40.20311888 -075.43526472    0.00    0.00 2  0 0 0 27   40.20497555 -075.42524277    0.00    0.00 2  0 0 0
110   1 0.30  76.36 Default taxiway for RWY 09
111  40.20306775 -075.43524848   3 102 
111  40.20279900 -075.43516310   3 102 
111  40.20465610 -075.42514142   3 102 
111  40.20492485 -075.42522680 
112  40.20489898 -075.42536641  40.20490974 -075.42529591   3 102 
111  40.20484576 -075.42527559   3 102 
112  40.20476046 -075.42524849  40.20469649 -075.42522817   3 102 
111  40.20468355 -075.42529797   3 102 
111  40.20378734 -075.43013430   3 102 
111  40.20400277 -075.43020274 
111  40.20398983 -075.43027254   3 102 
111  40.20377440 -075.43020410   3 102 
112  40.20287819 -075.43504043  40.20286526 -075.43511024   3 102 
111  40.20292923 -075.43513056   3 102 
112  40.20301453 -075.43515766  40.20307851 -075.43517798   3 102 
113  40.20309362 -075.43510887 
120 Default hold RWY 09 (near)
111  40.20295894 -075.43521391   4 
115  40.20297188 -075.43514411 
120 Default hold RWY 09 (centre)
111  40.20388102 -075.43023797   4 
115  40.20389396 -075.43016817 
120 Default hold RWY 09 (far)
111  40.20480311 -075.42526204   4 
115  40.20481604 -075.42519223 
18   40.20442016 -075.43037490 1 BCN
19   40.20325295 -075.43545514 1 WS
19   40.20484147 -075.42505237 1 WS
