1      881 0 1 N79  NORTHUMBERLAND CO
100   22.86   1   0 0.25 0 2 0 08   40.83555600 -076.55813600    0.00    0.00 2  0 0 1 26   40.83828600 -076.54677500    0.00    0.00 2  0 0 1
21   40.83638766 -076.55598915  2  72.38   3.00 08  PAPI-4L
21   40.83745454 -076.54892208  2 252.38   3.00 26  PAPI-4L
110   1 0.30  72.38 Default taxiway for RWY 08
111  40.83546011 -076.55809574   3 102 
111  40.83496780 -076.55788902   3 102 
111  40.83769836 -076.54652848   3 102 
111  40.83819067 -076.54673521 
112  40.83812838 -076.54699435  40.83815738 -076.54686388   3 102 
111  40.83803974 -076.54681448   3 102 
112  40.83788288 -076.54674861  40.83776524 -076.54669922   3 102 
111  40.83773410 -076.54682879   3 102 
111  40.83644668 -076.55218513   3 102 
111  40.83684096 -076.55235069 
111  40.83680982 -076.55248026   3 102 
111  40.83641554 -076.55231470   3 102 
112  40.83512812 -076.55767103  40.83509697 -076.55780061   3 102 
111  40.83521461 -076.55785001   3 102 
112  40.83537147 -076.55791587  40.83548911 -076.55796527   3 102 
113  40.83552240 -076.55783659 
120 Default hold RWY 08 (near)
111  40.83526190 -076.55801251   4 
115  40.83529304 -076.55788294 
120 Default hold RWY 08 (centre)
111  40.83661161 -076.55239703   4 
115  40.83664275 -076.55226746 
120 Default hold RWY 08 (far)
111  40.83796131 -076.54678155   4 
115  40.83799246 -076.54665198 
18   40.83760543 -076.55274656 1 BCN
19   40.83578650 -076.55851809 1 WS
19   40.83805545 -076.54639293 1 WS
50 11917 AWOS 3
51 12280 CTAF/UNICOM
55 11825 HARRISBURG APP/DEP
