1     1750 0 1 NA71 M. Bodvig Airstrip
100   12.19   3   0 0.25 0 0 0 08   46.99575708 -099.67652556    0.00    0.00 1  0 0 0 26   46.99588346 -099.66591000    0.00    0.00 1  0 0 0
100   12.19   3   0 0.25 0 0 0 12   46.99763279 -099.67449947    0.00    0.00 1  0 0 0 30   46.99400775 -099.66793609    0.00    0.00 1  0 0 0
100   12.19   3   0 0.25 0 0 0 17   46.99856283 -099.67128797    0.00    0.00 1  0 0 0 35   46.99307771 -099.67114759    0.00    0.00 1  0 0 0
19   46.99591971 -099.67669063 1 WS
19   46.99782974 -099.67447265 1 WS
19   46.99867540 -099.67104950 1 WS
19   46.99572082 -099.66574497 1 WS
19   46.99381080 -099.66796294 1 WS
19   46.99296514 -099.67138603 1 WS
