1       15 0 0 NCAT Enua
100   32.92   5   0 1.00 0 0 0 10  -19.96671057 -158.12575033    0.00    0.00 0  0 0 0 28  -19.96895566 -158.11298648    0.00    0.00 0  0 0 0
110   5 1.00 100.60 New Taxiway 1
111 -19.96804166 -158.11760007 
112 -19.96771724 -158.11865854 -19.96769561 -158.11881962 
112 -19.96717655 -158.12155786 -19.96709003 -158.12204108 
112 -19.96677638 -158.12378660 -19.96674394 -158.12416627 
112 -19.96659254 -158.12529378 -19.96659254 -158.12539733 
112 -19.96667905 -158.12578850 -19.96688452 -158.12592656 
111 -19.96710079 -158.12585753 
112 -19.96727382 -158.12566194 -19.96726300 -158.12539733 
112 -19.96713324 -158.12441938 -19.96712242 -158.12416627 
113 -19.96714405 -158.12379810 
14  -19.96724412 -158.12540178    6 0 New Tower Viewpoint 3
15  -19.96711413 -158.12554873  81.72 New Ramp Start 2
19  -19.96656978 -158.12465839 0 New Windsock 4
