1       15 0 0 NGTM Tamana
100   24.08   3   0 1.00 0 0 0 08  -02.48606918  175.96602089    0.00    0.00 0  0 0 0 26  -02.48582458  175.97427011    0.00    0.00 0  0 0 0
110   3 1.00  88.30 New Taxiway 3
111 -02.48569971  175.96593971 
111 -02.48649006  175.96574390 
112 -02.48655266  175.96650366 -02.48661526  175.96655065 
111 -02.48682654  175.96662898 
111 -02.48685784  175.96719292 
112 -02.48650571  175.96763155 -02.48649006  175.96785086 
111 -02.48616719  175.97504462 
112 -02.48572116  175.97425353 -02.48565855  175.97412038 
113 -02.48544727  175.97383840 
14  -02.48641162  175.96711218    6 0 New Tower Viewpoint 11
15  -02.48653967  175.96678463  79.44 New Ramp Start 9
19  -02.48644008  175.96600850 0 New Windsock 10
