1     1200 0 1 NK89 Ultralight Flight Farm
100   25.91   3   0 0.25 0 0 0 13   42.29293739 -077.06094247    0.00    0.00 1  0 0 0 31   42.29054371 -077.05510477    0.00    0.00 1  0 0 0
100   27.43   3   0 0.25 0 0 0 10   42.29170345 -077.06089695    0.00    0.00 1  0 0 0 28   42.29177765 -077.05515029    0.00    0.00 1  0 0 0
100   25.91   3   0 0.25 0 0 0 18   42.29362536 -077.05851890    0.00    0.00 1  0 0 0 36   42.28985574 -077.05752834    0.00    0.00 1  0 0 0
19   42.29206938 -077.06123938 1 WS
19   42.29335511 -077.06098985 1 WS
19   42.29392070 -077.05811675 1 WS
19   42.29141170 -077.05480789 1 WS
19   42.29012599 -077.05505743 1 WS
19   42.28956040 -077.05793046 1 WS
