1     1215 0 1 NM4  Stratford Muni
100   30.48   1   0 0.25 0 2 0 05   43.41055800 -080.94000300    0.00    0.00 2  0 0 1 23   43.42083300 -080.92749700  313.94    0.00 2  0 0 0
100   15.24   1   0 0.25 0 2 0 17   43.41916700 -080.94110800    0.00    0.00 2  0 0 0 35   43.41166700 -080.93777500    0.00    0.00 2  0 0 0
21   43.41212847 -080.93870772  2  41.48   3.00 05  PAPI-4L
21   43.41753608 -080.93999750  2 162.11   3.00 17  PAPI-4L
21   43.41714616 -080.93136947  2 221.48   3.00 23  PAPI-4L
21   43.41329795 -080.93888529  2 342.11   3.00 35  PAPI-4L
110   1 0.30  41.48 Default taxiway for RWY 05
111  43.41046866 -080.93986387   3 102 
111  43.41001299 -080.93915429   3 102 
111  43.42028867 -080.92665027   3 102 
111  43.42074434 -080.92735997 
112  43.42053883 -080.92761005  43.42064009 -080.92748269   3 102 
111  43.42053108 -080.92731292   3 102 
112  43.42038575 -080.92708656  43.42027675 -080.92691679   3 102 
111  43.42017400 -080.92704183   3 102 
111  43.41529305 -080.93298122   3 102 
111  43.41565788 -080.93354940 
111  43.41555512 -080.93367444   3 102 
111  43.41519029 -080.93310626   3 102 
112  43.41030934 -080.93904566  43.41020659 -080.93917070   3 102 
111  43.41031559 -080.93934044   3 102 
112  43.41046092 -080.93956677  43.41056993 -080.93973651   3 102 
113  43.41067417 -080.93961379 
110   1 0.30 162.11 Default taxiway for RWY 17
111  43.41914662 -080.94119490   3 102 
111  43.41904060 -080.94164707   3 102 
111  43.41154065 -080.93831359   3 102 
111  43.41164667 -080.93786148 
112  43.41177718 -080.93791949  43.41171124 -080.93789342   3 102 
111  43.41168596 -080.93800122   3 102 
112  43.41165225 -080.93814496  43.41162697 -080.93825276   3 102 
111  43.41169222 -080.93828177   3 102 
111  43.41527906 -080.93987599   3 102 
111  43.41536402 -080.93951368 
111  43.41542927 -080.93954269   3 102 
111  43.41534431 -080.93990500   3 102 
112  43.41893114 -080.94149921  43.41899640 -080.94152822   3 102 
111  43.41902168 -080.94142041   3 102 
112  43.41905539 -080.94127666  43.41908067 -080.94116884   3 102 
113  43.41901610 -080.94113689 
120 Default hold RWY 05 (near)
111  43.41028550 -080.93957865   4 
115  43.41038826 -080.93945361 
120 Default hold RWY 17 (near)
111  43.41910380 -080.94137753   4 
115  43.41903854 -080.94134853 
120 Default hold RWY 05 (centre)
111  43.41537196 -080.93338919   4 
115  43.41547472 -080.93326415 
120 Default hold RWY 17 (centre)
111  43.41538645 -080.93972532   4 
115  43.41532120 -080.93969631 
120 Default hold RWY 05 (far)
111  43.42045842 -080.92719974   4 
115  43.42056118 -080.92707469 
120 Default hold RWY 17 (far)
111  43.41166911 -080.93807309   4 
115  43.41160385 -080.93804409 
18   43.41556604 -080.93881311 1 BCN
19   43.41062499 -080.94067743 1 WS
19   43.41936072 -080.94089648 1 WS
19   43.42076594 -080.92682247 1 WS
19   43.41147329 -080.93798651 1 WS
51 12280 CTAF/UNICOM
