1       18 0 1 NPS  Ford Island NALF
100   45.72   1   0 0.25 0 0 0 04   21.36143000 -157.96432300    0.00    0.00 2  0 0 0 22   21.36835900 -157.95518800    0.00    0.00 2  0 0 0
110   1 0.30  50.84 Default taxiway for RWY 04
111  21.36127224 -157.96418502   3 
111  21.36047296 -157.96348596   3 
111  21.36740221 -157.95435135   3 
111  21.36820149 -157.95505044 
112  21.36794164 -157.95539299  21.36806981 -157.95522019   3 
111  21.36787841 -157.95505277   3 
112  21.36762320 -157.95482955  21.36743179 -157.95466213   3 
111  21.36730187 -157.95483341   3 
111  21.36416205 -157.95897253   3 
111  21.36480182 -157.95953210 
111  21.36467190 -157.95970337   3 
111  21.36403213 -157.95914380   3 
112  21.36089232 -157.96328292  21.36076239 -157.96345420   3 
111  21.36095380 -157.96362160   3 
112  21.36120901 -157.96384481  21.36140041 -157.96401222   3 
113  21.36153209 -157.96384248 
120 Default hold RWY 04 (near)
111  21.36095148 -157.96390448   4 
115  21.36108140 -157.96373321 
120 Default hold RWY 04 (centre)
111  21.36435114 -157.95942282   4 
115  21.36448106 -157.95925155 
120 Default hold RWY 04 (far)
111  21.36775080 -157.95494116   4 
115  21.36788073 -157.95476989 
19   21.36164867 -157.96508406 1 WS
19   21.36814029 -157.95442691 1 WS
51 12290 CTAF/UNICOM
