1       40 0 0 NVSC Vanua Lava
100   28.96   3   0 1.00 0 0 0 16  -13.84929128  167.53640433    0.00    0.00 0  0 0 0 34  -13.85615242  167.53808785    0.00    0.00 0  0 0 0
110   3 1.00 166.60 New Taxiway 9
111 -13.85528969  167.53785428 
111 -13.85611774  167.53819542 
112 -13.85595876  167.53832505 -13.85586601  167.53833870 
112 -13.85540893  167.53825000 -13.85526319  167.53819542 
113 -13.85467362  167.53782698 
14  -13.85531362  167.53812586    6 0 New Tower Viewpoint 66
15  -13.85574421  167.53820091 305.80 New Ramp Start 65
19  -13.85458493  167.53796211 0 New Windsock 67
