1       59 0 0 NVSX South West Bay
100   18.90   4   0 1.00 0 0 0 12  -16.48286736  167.44496189    0.00    0.00 0  0 0 0 30  -16.48914354  167.44905182    0.00    0.00 0  0 0 0
110   3 1.00 148.00 New Taxiway 2
112 -16.49029060  167.44915345 -16.49048101  167.44933312 
112 -16.49033593  167.44964517 -16.49023619  167.44989102 
111 -16.48988257  167.44985320 
111 -16.48382937  167.44605495 
111 -16.48357548  167.44639536 
112 -16.48323999  167.44617788 -16.48317652  167.44615897 
111 -16.48300424  167.44597931 
111 -16.48199776  167.44497698 
112 -16.48279569  167.44455147 -16.48291356  167.44450419 
113 -16.48310398  167.44456093 
14  -16.48313609  167.44569967    6 0 New Tower Viewpoint 40
15  -16.48367505  167.44567478 278.08 New Ramp Start 44
19  -16.48296097  167.44568153 0 New Windsock 41
