1      538 0 0 NVVD Dillon's Bay
100   77.11   3   0 1.00 0 0 0 11  -18.76793195  168.99741589    0.00    0.00 0  0 0 0 29  -18.77085327  169.00558115    0.00    0.00 0  0 0 0
110   3 1.00 110.70 New Taxiway 1
111 -18.76990189  169.00391375 
111 -18.76950708  169.00394711 
112 -18.76939259  169.00376780 -18.76938864  169.00365522 
112 -18.76954262  169.00350094 -18.76966501  169.00342171 
111 -18.76980319  169.00333831 
113 -18.77000060  169.00390541 
14  -18.76966741  169.00381786    6 0 New Tower Viewpoint 6
15  -18.76967662  169.00366871 149.15 New Ramp Start 5
19  -18.76963037  169.00349356 0 New Windsock 4
