1      402 1 0 NZFF Forest_Field
100   29.87   3   0 0.00 0 0 0 18  -43.38126100  172.36059700    0.00    0.00 0  0 0 0 36  -43.39025900  172.36059700    0.00    0.00 0  0 0 0
100   49.99   3   0 0.00 0 0 0 05  -43.39030800  172.35745400    0.00    0.00 0  0 0 0 23  -43.38692400  172.36518800    0.00    0.00 0  0 0 0
100   49.99   3   0 0.00 0 0 0 10  -43.38864700  172.35615100    0.00    0.00 0  0 0 0 28  -43.38981900  172.36528100    0.00    0.00 0  0 0 0
14  -43.38583300  172.36055600    0 0 Forest_Field Tower
15  -43.38704700  172.36367800 166.00 Ramp
19  -43.38816100  172.35948200 0 WS
19  -43.38015400  172.36520400 0 WS
19  -43.38454400  172.35775800 0 WS
19  -43.38672300  172.36636400 0 WS
51 11920 FOREST_FIELD MULT
