1      198 0 0 NZGC Gore
100   91.44   3   0 0.25 0 0 0 01  -46.16296308  168.89131262    0.00    0.00 1  0 0 0 19  -46.15334392  168.90067958    0.00    0.00 1  0 0 0
100   60.96   3   0 0.25 0 0 0 06  -46.15828984  168.89514889    0.00    0.00 1  0 0 0 24  -46.15770436  168.90319091    0.00    0.00 1  0 0 0
100   60.96   3   0 0.25 0 0 0 30  -46.15946196  168.90207379    0.00    0.00 1  0 0 0 12  -46.15552524  168.89794461    0.00    0.00 1  0 0 0
19  -46.16295496  168.88917074 1 WS
19  -46.15752877  168.89423710 1 WS
19  -46.15459774  168.89844020 1 WS
19  -46.15335186  168.90282105 1 WS
19  -46.15846537  168.90410280 1 WS
19  -46.16038948  168.90157821 1 WS
