1      100 0 0 NZOM Omaka
100   60.05   3   0 0.25 0 0 0 12  -41.53920715  173.91967402    0.00    0.00 1  0 0 0 30  -41.54615045  173.92773818    0.00    0.00 1  0 0 0
100   79.86   3   0 0.25 0 0 0 01  -41.54637273  173.92025032    0.00    0.00 1  0 0 0 19  -41.53898487  173.92716188    0.00    0.00 1  0 0 0
100   60.05   3   0 0.25 0 0 0 07  -41.54279262  173.91935128    0.00    0.00 1  0 0 0 25  -41.54256498  173.92806092    0.00    0.00 1  0 0 0
19  -41.54634306  173.91851967 1 WS
19  -41.54200276  173.91859207 1 WS
19  -41.53826847  173.92001634 1 WS
19  -41.53901444  173.92889232 1 WS
19  -41.54335477  173.92882023 1 WS
19  -41.54708915  173.92739594 1 WS
