1       10 0 1 NZPK Pikes Point
100   21.34   3   0 0.25 0 2 0 07  -36.93008319  174.81102783    0.00    0.00 1  0 0 0 25  -36.92965881  174.81946617    0.00    0.00 1  0 0 0
10  -36.92958100  174.81550600 xxx  87.80   760 0.0 0.0   150 101101  3 0 0 0.25 0
10  -36.92957700  174.81112700 xxx  88.00   442 0.0 0.0    60 101101  3 0 0 0.25 0
10  -36.92979800  174.81117200 xxx 174.00   160 0.0 0.0    60 101101  3 0 0 0.25 0
10  -36.92994700  174.81132500 xxx 130.00   120 0.0 0.0    60 101101  3 0 0 0.25 0
10  -36.92991300  174.81112700 xxx  10.00    70 0.0 0.0    40 101101  3 0 0 0.25 0
14  -36.92937100  174.81550600    5 0 ATC Tower
15  -36.92955000  174.81448400 176.00 LOC
18  -36.92920030  174.81519422 1 BCN
19  -36.92960700  174.81364400 0 WS
