1       68 1 1 NZWD MCMURDO STATION
100   67.06  14   0 0.25 0 0 0 07  -77.85592134  167.09258837    0.00    0.00 1  0 0 0 25  -77.87879466  167.02055563    0.00    0.00 1  5 0 1
100   67.06  14   0 0.25 0 0 0 15  -77.87282680  167.11641430    0.00    0.00 1  0 0 0 33  -77.86188920  166.99672970    0.00    0.00 1  0 0 1
21  -77.87701833  167.02330753  2  33.54   3.00 25  PAPI-4L
21  -77.86215051  167.00552595  2 113.56   3.00 33  PAPI-4L
19  -77.85591706  167.09775951 1 WS
19  -77.87389734  167.11733561 1 WS
19  -77.87879760  167.01537456 1 WS
19  -77.86081827  166.99581954 1 WS
54 12620 WILLIAMS FIELD TWR
54 13410 WILLIAMS FIELD TWR
