1      304 1 0 NZWL West_Melton
100   89.92   3   0 0.00 0 0 0 11  -43.47376200  172.40148400    0.00    0.00 0  0 0 0 29  -43.47180400  172.39408600    0.00    0.00 0  0 0 0
100   79.86   3   0 0.00 0 0 0 17  -43.47285000  172.39181500    0.00    0.00 0  0 0 0 35  -43.47883800  172.39406900    0.00    0.00 0  0 0 0
100   81.08   3   0 0.00 0 0 0 04  -43.47702400  172.39193200    0.00    0.00 0  0 0 0 22  -43.47048200  172.40037800    0.00    0.00 0  0 0 0
14  -43.47666700  172.39666700    0 0 West_Melton Tower
19  -43.47680811  172.39014390 1 WS
19  -43.47517824  172.40195921 1 WS
19  -43.47187269  172.39298701 1 WS
19  -43.47069776  172.40216592 1 WS
19  -43.47038773  172.39361096 1 WS
19  -43.47981533  172.39289687 1 WS
51 11920 WEST_MELTON MULT
