1     3295 0 1 5KS6 Mollenkamp Field
100   21.34   3   0 0.25 0 0 0 05   38.76490593 -101.26023434    0.00    0.00 1  0 0 0 23   38.76845295 -101.25397290    0.00    0.00 1  0 0 0
100   21.34   3   0 0.25 0 0 0 32   38.76423841 -101.25482902    0.00    0.00 1  0 0 0 14   38.76912047 -101.25937822    0.00    0.00 1  0 0 0
100   21.34   3   0 0.25 0 0 0 36   38.76383477 -101.25768147    0.00    0.00 1  0 0 0 18   38.76952411 -101.25652577    0.00    0.00 1  0 0 0
19   38.76369018 -101.25808482 1 WS
19   38.76502606 -101.26065069 1 WS
19   38.76391379 -101.25498312 1 WS
19   38.76966869 -101.25612238 1 WS
19   38.76944511 -101.25922413 1 WS
19   38.76833279 -101.25355654 1 WS
