1     1295 0 1 5MN7 Lindeys Landing
100   15.24   3   0 0.25 0 0 0 18   46.39047095 -093.93167721    0.00    0.00 1  0 0 0 36   46.38389681 -093.93217669    0.00    0.00 1  0 0 0
100   15.24   3   0 0.25 0 0 0 09   46.38731308 -093.93550098    0.00    0.00 1  0 0 0 27   46.38705468 -093.92835292    0.00    0.00 1  0 0 0
101  792.48 0 04   46.37715344 -093.94548710 22   46.39721432 -093.91836680
19   46.37923120 -093.96387679 1 WS
19   46.38752569 -093.93568394 1 WS
19   46.39059714 -093.93136895 1 WS
19   46.39513222 -093.89996922 1 WS
19   46.38684206 -093.92816998 1 WS
19   46.38377062 -093.93248491 1 WS
