1     1815 0 1 5NA7 Hanson Strip
100   21.34   3   0 0.25 0 0 0 13   48.47048253 -101.68359879    0.00    0.00 1  0 0 0 31   48.46621913 -101.67839177    0.00    0.00 1  0 0 0
100   15.24   3   0 0.25 0 0 0 08   48.46837477 -101.68306347    0.00    0.00 1  0 0 0 26   48.46832689 -101.67892709    0.00    0.00 1  0 0 0
100   15.24   3   0 0.25 0 0 0 17   48.46972211 -101.68095918    0.00    0.00 1  0 0 0 35   48.46697955 -101.68103138    0.00    0.00 1  0 0 0
19   48.46858285 -101.68326488 1 WS
19   48.47081300 -101.68344346 1 WS
19   48.46985565 -101.68064533 1 WS
19   48.46811880 -101.67872569 1 WS
19   48.46588867 -101.67854712 1 WS
19   48.46684601 -101.68134521 1 WS
