1     2302 1 0 LEAB Albacete
100   60.05   1   0 0.25 0 1 1 09   38.94797200 -001.87905600    0.00  380.09 3  0 0 1 27   38.94908300 -001.84794400    0.00  380.09 3  0 0 1
21   38.94857583 -001.87528485  2  87.36   2.50 09  PAPI-4L
21   38.94852871 -001.85111069  1 267.38   3.00 27  VASI
10   38.94972500 -001.87848300 xxx 204.47   512 0.0 0.0   236 161161  2 0 0 0.35 0
10   38.95015500 -001.84816400 xxx 178.27   604 0.0 0.0    98 161161  1 0 0 0.35 0
10   38.94993400 -001.85438000 xxx 177.37   624 0.0 0.0    91 161161  1 0 0 0.35 0
10   38.95056400 -001.86289000 xxx  87.47  8443 0.0 0.0    78 161161  1 0 0 0.35 0
10   38.94969300 -001.86928100 xxx 357.67   870 0.0 0.0    71 161161  1 0 0 0.35 0
10   38.95216800 -001.86997800 xxx  57.00  1220 0.0 0.0   322 161161  2 0 0 0.25 0
10   38.94990100 -001.87766200 xxx  51.00   157 0.0 0.0    66 161161  1 0 0 0.25 0
10   38.94822600 -001.87810700 xxx 285.00   164 0.0 0.0    66 161161  1 0 0 0.25 0
10   38.95002700 -001.87741100 xxx  69.00   105 0.0 0.0    66 161161  1 0 0 0.25 0
10   38.95333900 -001.86807500 xxx 277.30   768 0.0 0.0   512 161161  2 0 0 0.25 0
10   38.95110400 -001.86921900 xxx  42.00    92 0.0 0.0    59 161161  1 0 0 0.25 0
10   38.95291100 -001.86367000 xxx 278.30   925 0.0 0.0    85 161161  2 0 0 0.25 0
10   38.95207300 -001.86756500 xxx  61.10   118 0.0 0.0   105 161161  1 0 0 0.25 0
10   38.94970600 -001.86066600 xxx 357.80   623 0.0 0.0    79 161161  1 0 0 0.25 0
10   38.95149400 -001.86023700 xxx  21.70   669 0.0 0.0    79 161161  1 0 0 0.25 0
10   38.95256400 -001.86448000 xxx 277.80  1345 0.0 0.0   243 161161  2 0 0 0.25 0
10   38.94852800 -001.87848300 xxx   0.00   125 0.0 0.0    66 161161  1 0 0 0.25 0
10   38.95143700 -001.86412300 xxx   7.00   676 0.0 0.0    72 161161  1 0 0 0.25 0
10   38.94826400 -001.87837900 xxx 312.00   184 0.0 0.0   112 161161  1 0 0 0.25 0
10   38.95215500 -001.86405100 xxx 354.00    79 0.0 0.0    66 161161  1 0 0 0.25 0
10   38.95025300 -001.87742700 xxx   0.00   177 0.0 0.0    66 161161  1 0 0 0.25 0
10   38.95014000 -001.87728900 xxx 294.00   118 0.0 0.0    66 161161  1 0 0 0.25 0
10   38.95247600 -001.86662500 xxx 342.00    98 0.0 0.0   138 161161  1 0 0 0.25 0
10   38.95185900 -001.86759700 xxx  60.60  1004 0.0 0.0    66 161161  1 0 0 0.25 0
10   38.95022800 -001.87738600 xxx 327.00    98 0.0 0.0    66 161161  1 0 0 0.25 0
10   38.95018400 -001.87779100 xxx  84.00    92 0.0 0.0    66 161161  1 0 0 0.25 0
10   38.94887400 -001.87841500 xxx   0.00    85 0.0 0.0    66 161161  1 0 0 0.25 0
10   38.95022800 -001.87766200 xxx  48.00    92 0.0 0.0    66 161161  1 0 0 0.25 0
10   38.94901300 -001.87847100 xxx 327.00   105 0.0 0.0    66 161161  1 0 0 0.25 0
10   38.95066900 -001.87523200 xxx 358.10   413 0.0 0.0    72 161161  2 0 0 0.25 0
10   38.95024700 -001.87531300 xxx  36.00    66 0.0 0.0    46 161161  1 0 0 0.25 0
10   38.95328900 -001.87666600 xxx 356.20   276 0.0 0.0    66 161161  2 0 0 0.25 0
10   38.95383000 -001.87193700 xxx  84.00   322 0.0 0.0   210 161161  2 0 0 0.25 0
10   38.95016500 -001.87541100 xxx  75.00    79 0.0 0.0    66 161161  1 0 0 0.25 0
10   38.95069400 -001.87133800 xxx   0.00   328 0.0 0.0    79 161161  1 0 0 0.25 0
10   38.95018400 -001.87503000 xxx 297.00    85 0.0 0.0    66 161161  1 0 0 0.25 0
10   38.95341100 -001.85559100 xxx  74.10  1194 0.0 0.0    46 161161  1 0 0 0.25 0
10   38.95159500 -001.86163000 xxx 324.00   755 0.0 0.0    79 161161  1 0 0 0.25 0
10   38.95104100 -001.87458500 xxx  87.70   328 0.0 0.0    66 161161  2 0 0 0.25 0
10   38.95397800 -001.85300300 xxx  75.00   328 0.0 0.0    46 161161  1 0 0 0.25 0
10   38.95301200 -001.85874700 xxx  74.20   623 0.0 0.0   335 161161  2 0 0 0.25 0
10   38.95094000 -001.87479500 xxx  87.00   223 0.0 0.0    66 161161  2 0 0 0.25 0
10   38.95248400 -001.85137700 xxx 357.40  1070 0.0 0.0    53 161161  1 0 0 0.25 0
10   38.95243200 -001.85967800 xxx  42.10   118 0.0 0.0    85 161161  1 0 0 0.25 0
10   38.95352800 -001.87415600 xxx  83.20  1483 0.0 0.0   276 161161  2 0 0 0.25 0
10   38.95412700 -001.85228200 xxx  78.00    98 0.0 0.0    46 161161  1 0 0 0.25 0
10   38.95269700 -001.85810700 xxx 294.00   144 0.0 0.0    66 161161  1 0 0 0.25 0
10   38.95178400 -001.85754900 xxx 345.00   741 0.0 0.0    66 161161  1 0 0 0.25 0
10   38.95310000 -001.87465800 xxx  79.80  1194 0.0 0.0    66 161161  2 0 0 0.25 0
10   38.95401200 -001.85150200 xxx 336.00    72 0.0 0.0    46 161161  1 0 0 0.25 0
10   38.95264600 -001.85797800 xxx 318.00   157 0.0 0.0    66 161161  1 0 0 0.25 0
10   38.95026600 -001.87516000 xxx 336.00    85 0.0 0.0    66 161161  1 0 0 0.25 0
10   38.95071900 -001.87499800 xxx   0.00   125 0.0 0.0    85 161161  2 0 0 0.25 0
10   38.95055600 -001.87740100 xxx  24.00  1923 0.0 0.0    79 161161  1 0 0 0.25 0
10   38.95056800 -001.87514300 xxx  36.00    85 0.0 0.0    66 161161  2 0 0 0.25 0
10   38.95099000 -001.87434200 xxx  60.00    79 0.0 0.0    66 161161  2 0 0 0.25 0
10   38.95089600 -001.87486800 xxx  54.00    79 0.0 0.0    66 161161  2 0 0 0.25 0
10   38.95139900 -001.87541100 xxx   0.00   138 0.0 0.0   164 161161  2 0 0 0.25 0
10   38.95273400 -001.87623600 xxx   0.00    85 0.0 0.0    66 161161  2 0 0 0.25 0
10   38.95283500 -001.87629300 xxx  39.00    85 0.0 0.0    66 161161  2 0 0 0.25 0
10   38.95286700 -001.87602600 xxx  51.00    85 0.0 0.0    66 161161  2 0 0 0.25 0
10   38.95061900 -001.87505400 xxx  69.10    85 0.0 0.0    66 161161  2 0 0 0.25 0
10   38.95119200 -001.87530500 xxx 333.00    85 0.0 0.0    66 161161  2 0 0 0.25 0
10   38.95126700 -001.87541100 xxx 306.00    85 0.0 0.0    66 161161  2 0 0 0.25 0
10   38.95323800 -001.87346700 xxx  96.00    85 0.0 0.0    66 161161  2 0 0 0.25 0
10   38.95286700 -001.87642300 xxx   0.00    85 0.0 0.0    66 161161  2 0 0 0.25 0
10   38.95312500 -001.87313500 xxx 355.90   125 0.0 0.0   164 161161  2 0 0 0.25 0
10   38.95104100 -001.87509500 xxx 297.00    85 0.0 0.0    66 161161  1 0 0 0.25 0
10   38.95048600 -001.87128900 xxx 342.00   138 0.0 0.0    66 161161  1 0 0 0.25 0
10   38.95036700 -001.87147500 xxx  42.10    85 0.0 0.0    66 161161  1 0 0 0.25 0
10   38.95029700 -001.87162100 xxx  72.00    85 0.0 0.0    66 161161  1 0 0 0.25 0
10   38.95328900 -001.87291700 xxx  36.00    79 0.0 0.0    66 161161  2 0 0 0.25 0
10   38.95109700 -001.87519200 xxx 330.00    85 0.0 0.0    66 161161  1 0 0 0.25 0
10   38.95044900 -001.87139500 xxx  21.00    85 0.0 0.0    66 161161  1 0 0 0.25 0
10   38.95032900 -001.87107900 xxx 108.00    85 0.0 0.0    66 161161  1 0 0 0.25 0
10   38.95247000 -001.86677900 xxx 336.00    85 0.0 0.0    66 161161  1 0 0 0.25 0
10   38.95320000 -001.87335400 xxx 321.00    85 0.0 0.0    66 161161  2 0 0 0.25 0
10   38.95355900 -001.87160500 xxx  12.00    79 0.0 0.0    66 161161  2 0 0 0.25 0
10   38.95095500 -001.86930800 xxx  14.70    72 0.0 0.0    72 161161  1 0 0 0.25 0
10   38.95187800 -001.86776700 xxx  15.00    85 0.0 0.0    46 161161  1 0 0 0.25 0
10   38.95207300 -001.86718400 xxx  78.00    85 0.0 0.0    66 161161  1 0 0 0.25 0
10   38.95226200 -001.86677900 xxx  33.00    79 0.0 0.0    66 161161  1 0 0 0.25 0
10   38.95364100 -001.87151600 xxx  54.00    85 0.0 0.0    66 161161  2 0 0 0.25 0
10   38.95196000 -001.86770200 xxx   0.00   118 0.0 0.0    66 161161  1 0 0 0.25 0
10   38.95206700 -001.86729700 xxx 285.00    85 0.0 0.0    66 161161  1 0 0 0.25 0
10   38.95029100 -001.86903000 xxx  63.10    85 0.0 0.0    66 161161  1 0 0 0.25 0
10   38.95237600 -001.86676300 xxx   3.00    85 0.0 0.0    66 161161  1 0 0 0.25 0
10   38.95038600 -001.87120000 xxx 317.90    85 0.0 0.0    66 161161  1 0 0 0.25 0
10   38.95208600 -001.86739500 xxx 315.00   125 0.0 0.0    66 161161  1 0 0 0.25 0
10   38.95179600 -001.86779900 xxx  45.00    85 0.0 0.0    66 161161  1 0 0 0.25 0
10   38.95041700 -001.86947600 xxx  42.00    85 0.0 0.0    66 161161  1 0 0 0.25 0
10   38.95256400 -001.86686000 xxx 312.00    85 0.0 0.0    66 161161  1 0 0 0.25 0
10   38.95054900 -001.86937800 xxx  18.00    85 0.0 0.0    66 161161  1 0 0 0.25 0
10   38.95012700 -001.86921600 xxx  27.00   125 0.0 0.0    66 161161  1 0 0 0.25 0
10   38.95022200 -001.86912700 xxx  45.00    85 0.0 0.0    66 161161  1 0 0 0.25 0
10   38.95005200 -001.86934600 xxx 345.00    85 0.0 0.0    66 161161  1 0 0 0.25 0
10   38.95017800 -001.86944300 xxx 321.00    85 0.0 0.0    66 161161  1 0 0 0.25 0
10   38.95027900 -001.86962100 xxx 284.90    85 0.0 0.0    66 161161  1 0 0 0.25 0
10   38.95041700 -001.86912700 xxx 303.00    85 0.0 0.0    66 161161  1 0 0 0.25 0
10   38.95052400 -001.86926500 xxx 330.00    85 0.0 0.0    66 161161  1 0 0 0.25 0
10   38.94857800 -001.86893300 xxx 299.90   171 0.0 0.0   105 161161  1 0 0 0.25 0
10   38.94874800 -001.86908700 xxx 321.00    85 0.0 0.0    66 161161  1 0 0 0.25 0
10   38.94891800 -001.86920800 xxx 339.00    85 0.0 0.0    66 161161  1 0 0 0.25 0
10   38.94867300 -001.86939500 xxx  36.10   144 0.0 0.0    85 161161  1 0 0 0.25 0
10   38.94884900 -001.86929700 xxx  18.00    85 0.0 0.0    66 161161  1 0 0 0.25 0
10   38.94854700 -001.86962900 xxx  54.10    85 0.0 0.0    66 161161  1 0 0 0.25 0
10   38.95221200 -001.86409100 xxx 321.00    79 0.0 0.0    66 161161  1 0 0 0.25 0
10   38.95204200 -001.86397800 xxx  24.00    79 0.0 0.0    66 161161  1 0 0 0.25 0
10   38.95220500 -001.86378300 xxx  66.00    79 0.0 0.0    66 161161  1 0 0 0.25 0
10   38.95213600 -001.86390500 xxx  51.00    79 0.0 0.0    66 161161  1 0 0 0.25 0
10   38.95056800 -001.86404200 xxx 299.90    79 0.0 0.0    66 161161  1 0 0 0.25 0
10   38.95066900 -001.86417200 xxx 336.00    79 0.0 0.0    66 161161  1 0 0 0.25 0
10   38.95062500 -001.86432600 xxx  33.00    79 0.0 0.0    66 161161  1 0 0 0.25 0
10   38.95055600 -001.86443900 xxx  63.00    79 0.0 0.0    66 161161  1 0 0 0.25 0
10   38.95246400 -001.86611500 xxx  81.00    79 0.0 0.0    66 161161  1 0 0 0.25 0
10   38.95202900 -001.86209100 xxx 300.00    79 0.0 0.0    66 161161  1 0 0 0.25 0
10   38.95086400 -001.86077100 xxx 358.20    92 0.0 0.0   203 161161  1 0 0 0.25 0
10   38.95092100 -001.86060900 xxx  48.00    79 0.0 0.0    66 161161  1 0 0 0.25 0
10   38.95090800 -001.86090900 xxx 297.00    79 0.0 0.0    66 161161  1 0 0 0.25 0
10   38.95071900 -001.86107900 xxx  33.00    79 0.0 0.0    66 161161  1 0 0 0.25 0
10   38.95065600 -001.86120000 xxx  75.00    79 0.0 0.0    66 161161  1 0 0 0.25 0
10   38.95072600 -001.86044700 xxx 312.00    79 0.0 0.0    66 161161  1 0 0 0.25 0
10   38.95069400 -001.86035000 xxx 288.00    79 0.0 0.0    66 161161  1 0 0 0.25 0
10   38.95048000 -001.86077100 xxx 342.00    79 0.0 0.0    66 161161  1 0 0 0.25 0
10   38.95178000 -001.85708100 xxx  75.00   105 0.0 0.0    33 161161  1 0 0 0.25 0
10   38.95056800 -001.86087700 xxx 303.00    79 0.0 0.0    66 161161  1 0 0 0.25 0
10   38.95049900 -001.86065000 xxx  18.00    79 0.0 0.0    66 161161  1 0 0 0.25 0
10   38.95058700 -001.86056100 xxx  57.00    79 0.0 0.0    66 161161  1 0 0 0.25 0
10   38.94895600 -001.86070700 xxx  24.00    85 0.0 0.0    66 161161  1 0 0 0.25 0
10   38.95421300 -001.85175200 xxx  69.00    72 0.0 0.0    39 161161  1 0 0 0.25 0
10   38.95423500 -001.85142100 xxx  18.00    79 0.0 0.0    52 161161  1 0 0 0.25 0
10   38.95093200 -001.86937400 xxx 327.00    79 0.0 0.0    66 161161  1 0 0 0.25 0
10   38.95104700 -001.86934500 xxx  72.10    79 0.0 0.0    66 161161  1 0 0 0.25 0
10   38.95128700 -001.86882200 xxx 264.00    79 0.0 0.0    66 161161  1 0 0 0.25 0
10   38.95161900 -001.86799700 xxx  27.00    79 0.0 0.0    52 161161  1 0 0 0.25 0
10   38.95211700 -001.85744200 xxx 115.50   440 0.0 0.0    33 101101  2 0 0 0.25 0
10   38.95204900 -001.86687900 xxx  27.00    39 0.0 0.0    66 161161  1 0 0 0.25 0
10   38.94885500 -001.86083600 xxx  57.10    79 0.0 0.0    66 161161  1 0 0 0.25 0
10   38.94888100 -001.86042300 xxx 291.00   125 0.0 0.0    66 161161  1 0 0 0.25 0
10   38.94899400 -001.86056900 xxx 342.00    79 0.0 0.0    66 161161  1 0 0 0.25 0
10   38.94892500 -001.86048800 xxx 312.00    79 0.0 0.0    66 161161  1 0 0 0.25 0
10   38.95254600 -001.85972700 xxx  21.00   144 0.0 0.0    66 161161  1 0 0 0.25 0
10   38.95254600 -001.85787300 xxx 333.00   144 0.0 0.0    66 161161  1 0 0 0.25 0
10   38.95270300 -001.85825300 xxx  90.00    79 0.0 0.0    66 161161  1 0 0 0.25 0
10   38.95257100 -001.85769400 xxx   6.00   184 0.0 0.0    66 161161  1 0 0 0.25 0
10   38.95090400 -001.85731900 xxx  21.00    79 0.0 0.0    66 161161  1 0 0 0.25 0
10   38.95082800 -001.85741700 xxx  54.00   105 0.0 0.0    66 161161  1 0 0 0.25 0
10   38.95101500 -001.85733700 xxx 357.00    79 0.0 0.0    46 161161  1 0 0 0.25 0
10   38.95082800 -001.85705200 xxx 294.00    79 0.0 0.0    66 161161  1 0 0 0.25 0
10   38.95093900 -001.85722100 xxx 327.00    79 0.0 0.0    66 161161  1 0 0 0.25 0
10   38.95207700 -001.86696000 xxx 267.00    79 0.0 0.0    52 161161  1 0 0 0.25 0
10   38.95211200 -001.86677600 xxx   3.00    79 0.0 0.0    52 161161  1 0 0 0.25 0
10   38.95220900 -001.86670200 xxx  36.00    79 0.0 0.0    46 161161  1 0 0 0.25 0
10   38.95120100 -001.86428000 xxx  60.00    79 0.0 0.0    66 161161  1 0 0 0.25 0
10   38.95127600 -001.86419900 xxx  30.10    79 0.0 0.0    66 161161  1 0 0 0.25 0
10   38.95172800 -001.86393400 xxx 305.90    79 0.0 0.0    66 161161  1 0 0 0.25 0
10   38.95182500 -001.86400800 xxx 345.00    79 0.0 0.0    66 161161  1 0 0 0.25 0
10   38.95160800 -001.86398600 xxx  72.10    79 0.0 0.0    66 161161  1 0 0 0.25 0
10   38.95152800 -001.86407400 xxx  33.00    79 0.0 0.0    66 161161  1 0 0 0.25 0
10   38.95166500 -001.86776200 xxx   0.00    79 0.0 0.0   118 161161  1 0 0 0.25 0
10   38.95176800 -001.86765200 xxx  24.00    66 0.0 0.0    66 161161  1 0 0 0.25 0
10   38.95159100 -001.86765900 xxx  18.00    26 0.0 0.0    66 161161  1 0 0 0.25 0
10   38.95220300 -001.85795700 xxx   0.00    79 0.0 0.0    66 161161  1 0 0 0.25 0
10   38.95209400 -001.85798700 xxx  18.00    79 0.0 0.0    66 161161  1 0 0 0.25 0
10   38.95204900 -001.85760400 xxx  15.00    66 0.0 0.0    66 161161  1 0 0 0.25 0
10   38.95209400 -001.85747100 xxx  84.00    52 0.0 0.0    33 161161  1 0 0 0.25 0
10   38.95177400 -001.85722100 xxx  12.00    39 0.0 0.0    66 161161  1 0 0 0.25 0
10   38.95186000 -001.85694900 xxx 357.00    46 0.0 0.0    33 161161  1 0 0 0.25 0
10   38.95182500 -001.85697800 xxx  42.00    46 0.0 0.0    33 161161  1 0 0 0.25 0
10   38.95192300 -001.85697100 xxx 327.00    33 0.0 0.0    33 161161  1 0 0 0.25 0
10   38.95173400 -001.85713300 xxx  12.00    26 0.0 0.0    39 161161  1 0 0 0.25 0
10   38.95253500 -001.85736800 xxx 293.90   157 0.0 0.0    66 161161  1 0 0 0.25 0
10   38.95325700 -001.85687500 xxx  30.00   131 0.0 0.0    66 161161  1 0 0 0.25 0
10   38.95325700 -001.85672800 xxx 333.00    59 0.0 0.0    66 161161  1 0 0 0.25 0
10   38.95322800 -001.85661800 xxx 288.00    52 0.0 0.0    39 161161  1 0 0 0.25 0
10   38.95244900 -001.85789100 xxx   0.00   105 0.0 0.0    66 161161  1 0 0 0.25 0
10   38.95240900 -001.85792000 xxx  36.00    72 0.0 0.0    66 161161  1 0 0 0.25 0
10   38.95234100 -001.85797900 xxx 339.00    79 0.0 0.0    66 161161  1 0 0 0.25 0
10   38.95437900 -001.85146500 xxx  42.00   210 0.0 0.0    66 161161  1 0 0 0.25 0
10   38.95457900 -001.85121500 xxx 264.00    79 0.0 0.0    66 161161  1 0 0 0.25 0
10   38.95102400 -001.86950600 xxx 273.00   112 0.0 0.0    66 161161  1 0 0 0.25 0
10   38.95124100 -001.86832100 xxx 279.00   282 0.0 0.0    66 161161  1 0 0 0.25 0
10   38.95141300 -001.86804900 xxx   0.00   138 0.0 0.0    66 161161  1 0 0 0.25 0
10   38.95137300 -001.86824000 xxx  63.00   144 0.0 0.0    79 161161  1 0 0 0.25 0
10   38.95098400 -001.86461100 xxx 297.00   210 0.0 0.0    66 161161  1 0 0 0.25 0
10   38.95116700 -001.86455300 xxx 270.00   230 0.0 0.0    66 161161  1 0 0 0.25 0
10   38.95104100 -001.86442700 xxx 108.00   138 0.0 0.0    66 161161  1 0 0 0.25 0
10   38.95165400 -001.86381700 xxx  96.00   177 0.0 0.0    85 161161  1 0 0 0.25 0
10   38.95180200 -001.85758200 xxx 312.00   361 0.0 0.0   138 161161  1 0 0 0.25 0
10   38.95409200 -001.85159000 xxx 312.00    72 0.0 0.0    46 161161  1 0 0 0.25 0
10   38.95416100 -001.85173000 xxx 285.00    72 0.0 0.0    46 161161  1 0 0 0.25 0
10   38.95416700 -001.85199500 xxx  84.00    72 0.0 0.0    46 161161  1 0 0 0.25 0
10   38.95417200 -001.85184800 xxx  90.00    72 0.0 0.0    46 161161  1 0 0 0.25 0
10   38.95402400 -001.85144300 xxx   0.00   144 0.0 0.0    46 161161  1 0 0 0.25 0
10   38.95458500 -001.85109000 xxx  42.00   459 0.0 0.0    59 161161  1 0 0 0.25 0
10   38.95452200 -001.85143600 xxx   0.00   184 0.0 0.0    59 161161  1 0 0 0.25 0
10   38.95155100 -001.86718000 xxx  99.00    79 0.0 0.0    33 101101  2 0 0 0.25 0
10   38.95156800 -001.86743800 xxx  93.00    79 0.0 0.0    33 101101  2 0 0 0.25 0
10   38.95152200 -001.86693000 xxx  96.00    79 0.0 0.0    33 101101  2 0 0 0.25 0
10   38.95150500 -001.86665800 xxx  93.00    79 0.0 0.0    33 101101  2 0 0 0.25 0
10   38.95149900 -001.86640000 xxx  93.00    79 0.0 0.0    33 101101  2 0 0 0.25 0
10   38.95150500 -001.86614300 xxx  87.00    79 0.0 0.0    33 101101  2 0 0 0.25 0
10   38.95152200 -001.86587800 xxx  84.00    79 0.0 0.0    33 101101  2 0 0 0.25 0
10   38.95154500 -001.86560500 xxx  84.00    79 0.0 0.0    33 101101  2 0 0 0.25 0
10   38.95155600 -001.86534800 xxx  87.00    79 0.0 0.0    33 101101  2 0 0 0.25 0
10   38.95155600 -001.86508300 xxx  93.00    79 0.0 0.0    33 101101  2 0 0 0.25 0
10   38.95153900 -001.86482500 xxx  96.00    79 0.0 0.0    33 101101  2 0 0 0.25 0
10   38.95151600 -001.86456700 xxx  99.00    79 0.0 0.0    33 101101  2 0 0 0.25 0
10   38.95147600 -001.86432400 xxx 102.00    79 0.0 0.0    33 101101  2 0 0 0.25 0
10   38.95141300 -001.86386100 xxx  93.00    79 0.0 0.0    33 101101  2 0 0 0.25 0
10   38.95139600 -001.86360300 xxx  99.00    79 0.0 0.0    33 101101  2 0 0 0.25 0
10   38.95135600 -001.86334500 xxx  99.10    79 0.0 0.0    33 101101  2 0 0 0.25 0
10   38.95133300 -001.86308000 xxx  93.00    79 0.0 0.0    33 101101  2 0 0 0.25 0
10   38.95133900 -001.86280800 xxx  84.00    79 0.0 0.0    33 101101  2 0 0 0.25 0
10   38.95141900 -001.86230800 xxx  72.00    79 0.0 0.0    33 101101  2 0 0 0.25 0
10   38.95136700 -001.86254300 xxx  78.00    79 0.0 0.0    33 101101  2 0 0 0.25 0
10   38.95157900 -001.86167500 xxx  72.00   308 0.0 0.0    33 101101  2 0 0 0.25 0
10   38.95203100 -001.85973900 xxx  73.40   860 0.0 0.0    33 101101  2 0 0 0.25 0
10   38.95236300 -001.85820800 xxx  93.00    52 0.0 0.0    33 101101  2 0 0 0.25 0
10   38.95236900 -001.85820800 xxx  84.00    59 0.0 0.0    33 101101  2 0 0 0.25 0
10   38.95289000 -001.85479900 xxx 164.40   459 0.0 0.0    33 101101  2 0 0 0.25 0
10   38.95204300 -001.85573400 xxx  76.40   715 0.0 0.0    33 101101  2 0 0 0.25 0
10   38.95216300 -001.85404900 xxx 105.00   308 0.0 0.0    33 161161  2 0 0 0.25 0
10   38.95223800 -001.85454200 xxx  87.00    72 0.0 0.0    26 101101  2 0 0 0.25 0
10   38.95228900 -001.85453400 xxx 129.00    46 0.0 0.0    33 101101  2 0 0 0.25 0
10   38.95228900 -001.85464500 xxx  30.00    46 0.0 0.0    33 101101  2 0 0 0.25 0
10   38.95201400 -001.86676100 xxx 332.40    98 0.0 0.0    66 101101  1 0 0 0.25 0
10   38.95078300 -001.86427300 xxx 345.00    79 0.0 0.0    66 161161  1 0 0 0.25 0
10   38.95266700 -001.85758900 xxx 330.00    79 0.0 0.0    46 161161  1 0 0 0.25 0
10   38.95253500 -001.85761100 xxx  69.00    79 0.0 0.0    46 161161  1 0 0 0.25 0
10   38.95248900 -001.85764100 xxx  27.00    79 0.0 0.0    39 161161  1 0 0 0.25 0
10   38.95306600 -001.85559100 xxx 332.80   203 0.0 0.0    66 161161  1 0 0 0.25 0
10   38.95324500 -001.85561700 xxx   0.00   112 0.0 0.0    39 161161  1 0 0 0.25 0
10   38.95336000 -001.85556500 xxx  24.00    66 0.0 0.0    39 161161  1 0 0 0.25 0
10   38.95340000 -001.85552100 xxx  54.00    59 0.0 0.0    39 161161  1 0 0 0.25 0
10   38.95327400 -001.85582300 xxx 294.00    79 0.0 0.0    46 161161  1 0 0 0.25 0
10   38.95329700 -001.85599200 xxx 270.00    79 0.0 0.0    46 161161  1 0 0 0.25 0
10   38.95106400 -001.85424700 xxx   0.00    79 0.0 0.0    66 161161  1 0 0 0.25 0
10   38.95123600 -001.85422500 xxx  12.00    66 0.0 0.0    66 161161  1 0 0 0.25 0
10   38.95140200 -001.85414400 xxx  27.00    79 0.0 0.0    66 161161  1 0 0 0.25 0
10   38.95187700 -001.85367300 xxx  44.30    79 0.0 0.0    66 161161  1 0 0 0.25 0
10   38.95156200 -001.85401200 xxx  36.00    79 0.0 0.0    66 161161  1 0 0 0.25 0
10   38.95172200 -001.85385700 xxx  42.00    79 0.0 0.0    66 161161  1 0 0 0.25 0
10   38.95201400 -001.85349700 xxx  48.00    79 0.0 0.0    66 161161  1 0 0 0.25 0
10   38.95214600 -001.85330500 xxx  51.00    79 0.0 0.0    66 161161  1 0 0 0.25 0
10   38.95226600 -001.85310600 xxx  54.00    79 0.0 0.0    66 161161  1 0 0 0.25 0
10   38.95238100 -001.85287800 xxx  61.20    79 0.0 0.0    66 161161  1 0 0 0.25 0
10   38.95246100 -001.85265000 xxx  69.00    79 0.0 0.0    66 161161  1 0 0 0.25 0
10   38.95252400 -001.85240700 xxx  75.00    79 0.0 0.0    66 161161  1 0 0 0.25 0
10   38.95256400 -001.85217200 xxx  80.20    79 0.0 0.0    66 161161  1 0 0 0.25 0
10   38.95263000 -001.85161900 xxx  84.00    92 0.0 0.0    66 161161  1 0 0 0.25 0
10   38.95260400 -001.85191400 xxx  83.00    85 0.0 0.0    66 161161  1 0 0 0.25 0
10   38.95266100 -001.85116300 xxx 267.00    79 0.0 0.0    66 161161  1 0 0 0.25 0
10   38.95266700 -001.85090600 xxx 270.00    79 0.0 0.0    66 161161  1 0 0 0.25 0
10   38.95266100 -001.85066300 xxx 276.00    79 0.0 0.0    66 161161  1 0 0 0.25 0
10   38.95263800 -001.85042700 xxx 278.90    79 0.0 0.0    66 161161  1 0 0 0.25 0
10   38.95259200 -001.85019200 xxx 288.00    79 0.0 0.0    66 161161  1 0 0 0.25 0
10   38.95252400 -001.84995600 xxx 294.00    79 0.0 0.0    66 161161  1 0 0 0.25 0
10   38.95244400 -001.84972800 xxx 297.00    79 0.0 0.0    66 161161  1 0 0 0.25 0
10   38.95234100 -001.84950000 xxx 300.00    79 0.0 0.0    66 161161  1 0 0 0.25 0
10   38.95224300 -001.84929400 xxx 303.50    79 0.0 0.0    66 161161  1 0 0 0.25 0
10   38.95212900 -001.84909500 xxx 311.40    79 0.0 0.0    66 161161  1 0 0 0.25 0
10   38.95184800 -001.84873400 xxx 318.00    79 0.0 0.0    66 161161  1 0 0 0.25 0
10   38.95199100 -001.84891100 xxx 315.00    79 0.0 0.0    66 161161  1 0 0 0.25 0
10   38.95150500 -001.84846900 xxx   0.00    79 0.0 0.0    66 161161  1 0 0 0.25 0
10   38.95128700 -001.84850600 xxx  12.00    79 0.0 0.0    66 161161  1 0 0 0.25 0
10   38.95113300 -001.84860200 xxx  48.00    79 0.0 0.0    66 161161  1 0 0 0.25 0
10   38.95169900 -001.84858000 xxx 324.00    79 0.0 0.0    66 161161  1 0 0 0.25 0
10   38.95153300 -001.84841800 xxx 324.00    79 0.0 0.0    66 161161  1 0 0 0.25 0
10   38.95139000 -001.84835100 xxx   0.00    79 0.0 0.0    66 161161  1 0 0 0.25 0
10   38.95136700 -001.84828500 xxx 339.00    79 0.0 0.0    66 161161  1 0 0 0.25 0
10   38.95119000 -001.84833700 xxx  87.20   125 0.0 0.0    66 161161  1 0 0 0.25 0
10   38.95123600 -001.84821900 xxx 336.00    79 0.0 0.0    66 161161  1 0 0 0.25 0
10   38.95198000 -001.85365100 xxx   3.00    72 0.0 0.0    66 161161  1 0 0 0.25 0
10   38.95205400 -001.85375400 xxx 324.00    39 0.0 0.0    26 161161  1 0 0 0.25 0
10   38.95190600 -001.85372500 xxx  24.00    46 0.0 0.0    39 161161  1 0 0 0.25 0
10   38.95201400 -001.85340800 xxx 348.00    52 0.0 0.0    46 161161  1 0 0 0.25 0
10   38.95204900 -001.85332000 xxx   0.00    52 0.0 0.0    46 161161  1 0 0 0.25 0
10   38.95208300 -001.85329800 xxx  27.00    52 0.0 0.0    39 161161  1 0 0 0.25 0
10   38.95348000 -001.85493900 xxx  33.00    59 0.0 0.0    46 161161  1 0 0 0.25 0
10   38.95344500 -001.85507900 xxx 297.00    79 0.0 0.0    33 161161  1 0 0 0.25 0
10   38.95338200 -001.85493200 xxx   0.00    59 0.0 0.0    26 161161  1 0 0 0.25 0
10   38.95338200 -001.85499100 xxx 327.00    46 0.0 0.0    39 161161  1 0 0 0.25 0
10   38.95347400 -001.85516000 xxx 276.00    59 0.0 0.0    39 161161  1 0 0 0.25 0
10   38.95354300 -001.85482900 xxx  54.00    52 0.0 0.0    39 161161  1 0 0 0.25 0
10   38.95174500 -001.85398200 xxx 309.00    79 0.0 0.0    66 161161  1 0 0 0.25 0
10   38.95165500 -001.85400400 xxx   0.00    79 0.0 0.0    46 161161  1 0 0 0.25 0
10   38.95169800 -001.85405300 xxx 339.00    52 0.0 0.0    33 161161  1 0 0 0.25 0
10   38.95179200 -001.85388800 xxx 261.00    46 0.0 0.0    39 161161  1 0 0 0.25 0
10   38.95179700 -001.85396700 xxx 288.00    46 0.0 0.0    39 161161  1 0 0 0.25 0
10   38.94780400 -001.85426500 xxx 358.00   591 0.0 0.0    66 161161  1 0 0 0.25 0
10   38.94720800 -001.85411900 xxx 306.00    79 0.0 0.0    66 161161  1 0 0 0.25 0
10   38.94964900 -001.85029300 xxx 336.30  1030 0.0 0.0   138 161161  1 0 0 0.25 0
10   38.94915300 -001.85411900 xxx 315.00   144 0.0 0.0    79 161161  1 0 0 0.25 0
10   38.94708500 -001.85421100 xxx 357.00   131 0.0 0.0   197 161161  1 0 0 0.25 0
10   38.94835800 -001.84956300 xxx 270.00   125 0.0 0.0    59 161161  1 0 0 0.25 0
10   38.94728400 -001.85430200 xxx  27.00    79 0.0 0.0    46 161161  1 0 0 0.25 0
10   38.94731700 -001.85420500 xxx 339.00    72 0.0 0.0    52 161161  1 0 0 0.25 0
10   38.94721700 -001.85438700 xxx  54.00    66 0.0 0.0    46 161161  1 0 0 0.25 0
10   38.95068100 -001.85455700 xxx 324.00    98 0.0 0.0    66 161161  1 0 0 0.25 0
10   38.94932800 -001.85426500 xxx 336.00    79 0.0 0.0    66 161161  1 0 0 0.25 0
10   38.94907200 -001.85388200 xxx 291.00   112 0.0 0.0    66 161161  1 0 0 0.25 0
10   38.94914300 -001.85456400 xxx  48.00   157 0.0 0.0    79 161161  1 0 0 0.25 0
10   38.94928500 -001.85444200 xxx  24.00    79 0.0 0.0    66 161161  1 0 0 0.25 0
10   38.94903900 -001.85482500 xxx  75.00    79 0.0 0.0    66 161161  1 0 0 0.25 0
10   38.95056200 -001.85449100 xxx 339.00    79 0.0 0.0    66 161161  1 0 0 0.25 0
10   38.95079400 -001.85474600 xxx 285.00    79 0.0 0.0    66 161161  1 0 0 0.25 0
10   38.95073300 -001.85424700 xxx  42.00    79 0.0 0.0    66 161161  1 0 0 0.25 0
10   38.95059500 -001.85435100 xxx  18.00    79 0.0 0.0    66 161161  1 0 0 0.25 0
10   38.95081800 -001.85409500 xxx  75.00    79 0.0 0.0    66 161161  1 0 0 0.25 0
10   38.95051000 -001.84762900 xxx   0.00   492 0.0 0.0   256 161161  1 0 0 0.25 0
10   38.95129600 -001.84741000 xxx   0.00    92 0.0 0.0   131 161161  1 0 0 0.25 0
10   38.95116300 -001.84756800 xxx  30.00    72 0.0 0.0    66 161161  1 0 0 0.25 0
10   38.95111600 -001.84766500 xxx  69.00    79 0.0 0.0    66 161161  1 0 0 0.25 0
10   38.95085100 -001.84829200 xxx 342.00    79 0.0 0.0    66 161161  1 0 0 0.25 0
10   38.95093600 -001.84836500 xxx 317.90    79 0.0 0.0    66 161161  1 0 0 0.25 0
10   38.95101700 -001.84852300 xxx 288.00    79 0.0 0.0    66 161161  1 0 0 0.25 0
10   38.94931300 -001.85029300 xxx   0.00    79 0.0 0.0    66 161161  1 0 0 0.25 0
10   38.94921900 -001.85036600 xxx  48.00    79 0.0 0.0    66 161161  1 0 0 0.25 0
10   38.94925200 -001.84987300 xxx 312.00    79 0.0 0.0    66 161161  1 0 0 0.25 0
10   38.94920900 -001.84973300 xxx 285.00    79 0.0 0.0    66 161161  1 0 0 0.25 0
10   38.94951200 -001.84826700 xxx  30.00    79 0.0 0.0    66 161161  1 0 0 0.25 0
10   38.94937000 -001.84842500 xxx  51.00    79 0.0 0.0    66 161161  1 0 0 0.25 0
10   38.94928000 -001.84864400 xxx  75.00   131 0.0 0.0    66 161161  1 0 0 0.25 0
10   38.94962600 -001.84821900 xxx  12.00    79 0.0 0.0    66 161161  1 0 0 0.25 0
10   38.95109200 -001.85123600 xxx 324.00    79 0.0 0.0    66 161161  1 0 0 0.25 0
10   38.95102600 -001.85113300 xxx 300.00    79 0.0 0.0    66 161161  1 0 0 0.25 0
10   38.95107800 -001.85135800 xxx  33.00    79 0.0 0.0    66 161161  1 0 0 0.25 0
10   38.95099300 -001.85148500 xxx  54.00    79 0.0 0.0    66 161161  1 0 0 0.25 0
10   38.94718400 -001.84579700 xxx 312.00   282 0.0 0.0    66 161161  1 0 0 0.25 0
10   38.94744000 -001.84622300 xxx 270.00    79 0.0 0.0    52 161161  1 0 0 0.25 0
10   38.94746800 -001.84630800 xxx 291.00    59 0.0 0.0    46 161161  1 0 0 0.25 0
10   38.94867000 -001.84816400 xxx 302.90   131 0.0 0.0    52 161161  1 0 0 0.25 0
10   38.94881200 -001.84851700 xxx 285.00   184 0.0 0.0    66 161161  1 0 0 0.25 0
10   38.94867000 -001.84803600 xxx 336.00    79 0.0 0.0    46 161161  1 0 0 0.25 0
10   38.94783300 -001.84690500 xxx 312.00  1063 0.0 0.0    59 161161  1 0 0 0.25 0
10   38.94728400 -001.84632700 xxx   0.00    79 0.0 0.0    52 161161  1 0 0 0.25 0
10   38.94877400 -001.84809700 xxx   0.00    79 0.0 0.0    66 161161  1 0 0 0.25 0
10   38.94886400 -001.84883900 xxx  96.00    79 0.0 0.0    66 161161  1 0 0 0.25 0
10   38.94739300 -001.84633300 xxx 342.00    79 0.0 0.0    66 161161  1 0 0 0.25 0
10   38.94709900 -001.84632700 xxx 357.00    79 0.0 0.0    52 161161  1 0 0 0.25 0
10   38.94693400 -001.84630200 xxx 345.00    59 0.0 0.0    52 161161  1 0 0 0.25 0
10   38.94684400 -001.84624800 xxx 324.00    39 0.0 0.0    52 161161  1 0 0 0.25 0
10   38.94677300 -001.84615600 xxx 309.00    66 0.0 0.0    52 161161  1 0 0 0.25 0
10   38.94691500 -001.84570000 xxx 285.00    79 0.0 0.0    66 161161  1 0 0 0.25 0
10   38.95188300 -001.85672800 xxx  96.00    59 0.0 0.0    26 161161  2 0 0 0.25 0
10   38.95193400 -001.85231300 xxx  89.40   466 0.0 0.0    33 161161  2 0 0 0.25 0
10   38.95194600 -001.85312900 xxx 102.00    59 0.0 0.0    33 161161  2 0 0 0.25 0
10   38.95196800 -001.85076600 xxx  87.00   302 0.0 0.0    33 161161  2 0 0 0.25 0
10   38.95195100 -001.85140600 xxx  84.00    79 0.0 0.0    33 161161  2 0 0 0.25 0
10   38.95203700 -001.85015500 xxx  54.00    79 0.0 0.0    33 161161  2 0 0 0.25 0
10   38.95217500 -001.84998500 xxx  33.00    79 0.0 0.0    33 161161  2 0 0 0.25 0
10   38.95235200 -001.84986000 xxx  24.00    79 0.0 0.0    33 161161  2 0 0 0.25 0
10   38.95261500 -001.84969100 xxx  12.00    85 0.0 0.0    33 161161  2 0 0 0.25 0
10   38.95281000 -001.84966900 xxx   0.00    79 0.0 0.0    33 161161  2 0 0 0.25 0
10   38.95317600 -001.84971300 xxx 352.70   203 0.0 0.0    33 161161  2 0 0 0.25 0
10   38.95354800 -001.84977900 xxx 354.00    79 0.0 0.0    33 161161  2 0 0 0.25 0
10   38.95373700 -001.84980100 xxx 354.00    79 0.0 0.0    33 161161  2 0 0 0.25 0
10   38.95512800 -001.84943300 xxx  21.00   420 0.0 0.0    33 161161  2 0 0 0.25 0
10   38.95449300 -001.84972800 xxx  15.00    79 0.0 0.0    33 161161  2 0 0 0.25 0
10   38.95428700 -001.84978700 xxx   9.00    79 0.0 0.0    33 161161  2 0 0 0.25 0
10   38.95393200 -001.84981600 xxx 357.00    79 0.0 0.0    33 161161  2 0 0 0.25 0
10   38.95410400 -001.84981600 xxx   5.90    59 0.0 0.0    33 161161  2 0 0 0.25 0
10   38.95199100 -001.85333500 xxx 291.00   138 0.0 0.0    33 161161  2 0 0 0.25 0
10   38.94670700 -001.84586400 xxx  84.00    59 0.0 0.0    52 161161  1 0 0 0.25 0
10   38.94671100 -001.84601600 xxx 105.00    46 0.0 0.0    52 161161  1 0 0 0.25 0
10   38.94689100 -001.84570600 xxx 351.00    79 0.0 0.0    66 161161  1 0 0 0.25 0
10   38.94722700 -001.84617500 xxx   0.00    79 0.0 0.0    66 161161  1 0 0 0.25 0
10   38.94690100 -001.84585800 xxx 288.00    52 0.0 0.0    39 161161  1 0 0 0.25 0
10   38.94676800 -001.84572400 xxx  39.00    79 0.0 0.0    46 161161  1 0 0 0.25 0
10   38.94690100 -001.84579700 xxx 288.00    52 0.0 0.0    52 161161  1 0 0 0.25 0
10   38.94702400 -001.84588300 xxx 321.00    79 0.0 0.0    66 161161  1 0 0 0.25 0
10   38.95243600 -001.85134500 xxx  12.00    79 0.0 0.0    52 161161  1 0 0 0.25 0
10   38.95263000 -001.85119300 xxx  66.00    79 0.0 0.0    66 161161  1 0 0 0.25 0
10   38.95254500 -001.85130300 xxx  39.10    79 0.0 0.0    66 161161  1 0 0 0.25 0
10   38.95244100 -001.85141800 xxx 342.00    79 0.0 0.0    46 161161  1 0 0 0.25 0
10   38.95255900 -001.85147300 xxx 324.00    79 0.0 0.0    66 161161  1 0 0 0.25 0
10   38.95258300 -001.85153400 xxx 300.00    79 0.0 0.0    66 161161  1 0 0 0.25 0
10   38.95275800 -001.85130900 xxx 318.00    79 0.0 0.0    52 161161  1 0 0 0.25 0
10   38.95284700 -001.85134500 xxx 338.90    79 0.0 0.0    39 161161  1 0 0 0.25 0
10   38.95271500 -001.85119900 xxx 285.00    79 0.0 0.0    39 161161  1 0 0 0.25 0
10   38.95269600 -001.85155200 xxx  63.00    79 0.0 0.0    46 161161  1 0 0 0.25 0
10   38.95275800 -001.85144300 xxx  39.00    79 0.0 0.0    66 161161  1 0 0 0.25 0
10   38.95286200 -001.85145500 xxx  12.00    79 0.0 0.0    33 161161  1 0 0 0.25 0
10   38.94696200 -001.84598600 xxx 312.00    52 0.0 0.0    39 161161  1 0 0 0.25 0
10   38.94705200 -001.84605300 xxx 348.00    52 0.0 0.0    39 161161  1 0 0 0.25 0
10   38.94718400 -001.84609600 xxx 339.00    52 0.0 0.0    39 161161  1 0 0 0.25 0
10   38.94714200 -001.84626600 xxx  21.00    52 0.0 0.0    39 161161  1 0 0 0.25 0
10   38.94724600 -001.84621700 xxx   0.00    52 0.0 0.0    39 161161  1 0 0 0.25 0
10   38.95232200 -001.84991600 xxx   0.00    46 0.0 0.0    33 161161  1 0 0 0.25 0
10   38.95237000 -001.84978200 xxx  75.00    46 0.0 0.0    33 161161  1 0 0 0.25 0
10   38.95235500 -001.84969100 xxx 278.90    46 0.0 0.0    33 161161  1 0 0 0.25 0
10   38.95233700 -001.84983100 xxx  63.00    46 0.0 0.0    33 161161  1 0 0 0.25 0
10   38.95254000 -001.84968500 xxx   0.00    66 0.0 0.0    33 161161  1 0 0 0.25 0
10   38.95240300 -001.84992800 xxx 348.00    46 0.0 0.0    33 161161  1 0 0 0.25 0
10   38.95243600 -001.84996500 xxx 327.00    46 0.0 0.0    33 161161  1 0 0 0.25 0
10   38.95250700 -001.84966000 xxx 339.00    46 0.0 0.0    33 161161  1 0 0 0.25 0
10   38.95245500 -001.84960000 xxx 315.00    46 0.0 0.0    33 161161  1 0 0 0.25 0
10   38.95255900 -001.84982500 xxx  93.00    46 0.0 0.0    33 161161  1 0 0 0.25 0
10   38.95257300 -001.84976400 xxx  66.00    46 0.0 0.0    33 161161  1 0 0 0.25 0
10   38.95261100 -001.84973300 xxx  45.00    33 0.0 0.0    26 161161  1 0 0 0.25 0
10   38.95423400 -001.85235500 xxx   0.00    98 0.0 0.0    46 161161  1 0 0 0.25 0
10   38.95278600 -001.85029300 xxx   0.00    98 0.0 0.0    46 161161  1 0 0 0.25 0
10   38.95272400 -001.85036600 xxx  24.00    59 0.0 0.0    26 161161  1 0 0 0.25 0
10   38.95269100 -001.85040300 xxx  66.00    59 0.0 0.0    46 161161  1 0 0 0.25 0
10   38.95268200 -001.85022600 xxx 330.00    59 0.0 0.0    26 161161  1 0 0 0.25 0
10   38.95418200 -001.85141200 xxx 311.90    98 0.0 0.0    46 161161  1 0 0 0.25 0
10   38.95414900 -001.85241600 xxx  27.00    52 0.0 0.0    33 161161  1 0 0 0.25 0
10   38.95418600 -001.85229400 xxx 318.18    46 0.0 0.0    46 161161  1 0 0 0.25 0
10   38.95419600 -001.85220300 xxx 102.00    33 0.0 0.0    20 161161  1 0 0 0.25 0
10   38.95412500 -001.85248300 xxx  57.00    66 0.0 0.0    26 161161  1 0 0 0.25 0
10   38.95241200 -001.85329800 xxx 330.00    98 0.0 0.0    46 161161  1 0 0 0.25 0
10   38.95278600 -001.85225800 xxx 345.00   138 0.0 0.0    46 161161  1 0 0 0.25 0
10   38.95267200 -001.85226400 xxx   0.00    98 0.0 0.0    46 161161  1 0 0 0.25 0
10   38.95260600 -001.85231300 xxx  30.00    46 0.0 0.0    46 161161  1 0 0 0.25 0
10   38.95254900 -001.85242800 xxx  63.10    98 0.0 0.0    46 161161  1 0 0 0.25 0
10   38.95266800 -001.85217300 xxx 321.00    98 0.0 0.0    46 161161  1 0 0 0.25 0
10   38.95264900 -001.85209400 xxx 291.00    98 0.0 0.0    46 161161  1 0 0 0.25 0
10   38.95263500 -001.85197800 xxx  96.00    98 0.0 0.0    46 161161  1 0 0 0.25 0
10   38.95228900 -001.85328000 xxx   3.00    59 0.0 0.0    46 161161  1 0 0 0.25 0
10   38.95217100 -001.85334100 xxx  33.00    98 0.0 0.0    46 161161  1 0 0 0.25 0
10   38.95234100 -001.85310400 xxx 267.00    98 0.0 0.0    46 161161  1 0 0 0.25 0
10   38.95235500 -001.85320100 xxx 297.00    59 0.0 0.0    46 161161  1 0 0 0.25 0
10   38.95363800 -001.85390000 xxx  49.50   177 0.0 0.0    85 161161  1 0 0 0.25 0
10   38.95381700 -001.85351700 xxx  51.00    98 0.0 0.0    46 161161  1 0 0 0.25 0
10   38.95369400 -001.85412600 xxx 237.00    98 0.0 0.0    46 161161  1 0 0 0.25 0
10   38.95362800 -001.85419200 xxx 297.00    98 0.0 0.0    46 161161  1 0 0 0.25 0
10   38.95365700 -001.85431400 xxx 273.00    98 0.0 0.0    39 161161  1 0 0 0.25 0
10   38.95397300 -001.85354200 xxx 309.00    98 0.0 0.0   177 161161  1 0 0 0.25 0
10   38.95384100 -001.85380900 xxx  57.00    98 0.0 0.0    46 161161  1 0 0 0.25 0
10   38.95401600 -001.85318300 xxx 282.00    98 0.0 0.0    52 161161  1 0 0 0.25 0
10   38.95402600 -001.85295100 xxx 267.00    98 0.0 0.0    33 161161  1 0 0 0.25 0
10   38.95103500 -001.87125100 xxx  30.00    98 0.0 0.0    46 161161  1 0 0 0.25 0
10   38.95162200 -001.86923100 xxx 282.00    98 0.0 0.0    46 161161  1 0 0 0.25 0
14   38.95285400 -001.86056500    0 0 ATC Tower
15   38.95310700 -001.85922800   0.00 Custom Startup Location
15   38.95162900 -001.86368600 270.00 hangar 1
15   38.95189600 -001.85796500  45.00 hangar 2
15   38.95289400 -001.85546600 350.00 hangar 3
15   38.95497400 -001.85063600 220.00 hangar 4
15   38.95290900 -001.85230200 170.00 hangar 5
15   38.95170200 -001.87160600 160.00 militar 1 in E-2
15   38.95315300 -001.86890800 185.00 militar 1 in E-3
15   38.95301600 -001.86732100 190.00 militar 2 in E-3
15   38.95338200 -001.87617800 255.00 parking civil-1 E-1
18   38.94722400 -001.87512800 1 BCN
19   38.94724500 -001.87440200 1 WS
19   38.94792600 -001.85115500 1 WS
53 12180 GND
54 12210 TWR
55 11872 APP
