1      138 1 0 LEBB Bilbao
100   45.11   1   1 0.00 1 2 1 12   43.30640942 -002.92493948    0.00   49.99 3 11 0 1 30   43.29586117 -002.89624596  459.94   49.99 3  0 1 1
100   45.11   1   1 0.00 0 2 0 10   43.30331729 -002.93725058    0.00   50.90 2  0 0 0 28   43.30127991 -002.91267895    0.00  187.15 2  0 0 0
21   43.30362960 -002.93524597  2  96.50   3.00 New PAPI-4L
21   43.30268157 -002.93540870  3  96.50   3.00 New PAPI-4R
21   43.30211174 -002.91568827  3 276.50   3.00 New PAPI-4R
21   43.30110319 -002.91620795  2 276.50   3.00 New PAPI-4L
21   43.29897318 -002.90620234  2 296.80   3.00 New PAPI-4L
21   43.29990038 -002.90561128  3 296.80   3.00 New PAPI-4R
21   43.30499419 -002.92263839  3 116.80   3.00 New PAPI-4R
21   43.30585818 -002.92205169  2 116.80   3.00 New PAPI-4L
110   2 0.00 277.00 New Taxiway 104
111  43.30186827 -002.93525290 
111  43.30063652 -002.93544847 
111  43.30049937 -002.93378081 
111  43.30041915 -002.93378081 
111  43.30041139 -002.93363859 
111  43.30047090 -002.93363859 
111  43.30047090 -002.93358169 
111  43.30062099 -002.93325457 
111  43.30039327 -002.93037445 
113  43.30143871 -002.93019311 
110   3 0.25  90.00 New Taxiway 101
111  43.30388159 -002.90951891   5 
111  43.30314150 -002.91000001   5 
111  43.30298779 -002.90994525   5 
111  43.30262629 -002.90913554   5 
112  43.30163132 -002.90623943  43.30159252 -002.90589586 
111  43.30163132 -002.90623943 
112  43.30163132 -002.90623943  43.30163132 -002.90613873   5 
111  43.30176380 -002.90594385   5 
111  43.30234733 -002.90550577   5 
111  43.30326390 -002.90624503   5 
113  43.30395844 -002.90807165   5 
110   1 0.00   0.00 Taxiway
112  43.30088099 -002.91319225  43.30085689 -002.91285923 
111  43.30088099 -002.91319225 
112  43.30088099 -002.91319225  43.30086206 -002.91290546   5 102 
112  43.30108212 -002.91270758  43.30120891 -002.91261157 
111  43.30108212 -002.91270758 
112  43.30108212 -002.91270758  43.30109505 -002.91287470 
112  43.30116544 -002.91365661  43.30117579 -002.91380239 
111  43.30116544 -002.91365661 
114  43.30116544 -002.91365661  43.30109816 -002.91343971   5 102 
110   1 0.00   0.00 Taxiway D1
112  43.30620271 -002.92576649  43.30609944 -002.92595427 
111  43.30620271 -002.92576649 
112  43.30620271 -002.92576649  43.30576096 -002.92661495 
112  43.30478098 -002.92810619  43.30468250 -002.92824151 
112  43.30343483 -002.93027407  43.30324965 -002.93057162 
112  43.30312860 -002.93159394  43.30308161 -002.93203219 
111  43.30312860 -002.93159394 
112  43.30312860 -002.93159394  43.30297102 -002.92973850 
111  43.30297102 -002.92973850 
112  43.30333770 -002.92940336  43.30355914 -002.92904057 
111  43.30333770 -002.92940336 
112  43.30333770 -002.92940336  43.30346117 -002.92920932 
112  43.30515795 -002.92660215  43.30558451 -002.92596115 
111  43.30515795 -002.92660215 
112  43.30515795 -002.92660215  43.30539918 -002.92623022 
112  43.30575982 -002.92523761  43.30591239 -002.92450812 
111  43.30575982 -002.92523761 
112  43.30575982 -002.92523761  43.30587043 -002.92466669 
112  43.30553922 -002.92347337  43.30541838 -002.92309075 
111  43.30553922 -002.92347337 
112  43.30553922 -002.92347337  43.30639948 -002.92550318 
113  43.30639598 -002.92553201 
110   1 0.00   0.00 Taxiway C6
112  43.30692749 -002.92079529  43.30701613 -002.92075399 
111  43.30692749 -002.92079529 
112  43.30692749 -002.92079529  43.30752935 -002.92239393 
112  43.30845442 -002.92496704  43.30861125 -002.92539838 
111  43.30845442 -002.92496704 
112  43.30845442 -002.92496704  43.30815668 -002.92520617 
112  43.30755280 -002.92538339  43.30729263 -002.92532439 
111  43.30755280 -002.92538339 
112  43.30755280 -002.92538339  43.30724028 -002.92527448 
112  43.30679699 -002.92507591  43.30635370 -002.92487733 
111  43.30679699 -002.92507591 
112  43.30679699 -002.92507591  43.30662793 -002.92498798 
112  43.30678015 -002.92535728  43.30679636 -002.92542611 
111  43.30678015 -002.92535728 
112  43.30678015 -002.92535728  43.30668014 -002.92509825 
112  43.30584646 -002.92271991  43.30569686 -002.92231523 
111  43.30584646 -002.92271991 
112  43.30584646 -002.92271991  43.30605243 -002.92322410 
112  43.30672446 -002.92410004  43.30712485 -002.92412839 
111  43.30672446 -002.92410004 
112  43.30672446 -002.92410004  43.30669786 -002.92455314 
112  43.30745896 -002.92473764  43.30804078 -002.92496263 
111  43.30745896 -002.92473764 
112  43.30745896 -002.92473764  43.30778012 -002.92485779 
112  43.30775320 -002.92446731  43.30770193 -002.92431554 
111  43.30775320 -002.92446731 
112  43.30775320 -002.92446731  43.30765425 -002.92394860 
112  43.30657363 -002.92104554  43.30651803 -002.92088581 
111  43.30657363 -002.92104554 
114  43.30657363 -002.92104554  43.30666460 -002.92097609 
110   1 0.00   0.00 Taxiway C5
112  43.30378132 -002.91710673  43.30244443 -002.91339864 
111  43.30378132 -002.91710673 
112  43.30378132 -002.91710673  43.30403517 -002.91773390 
112  43.30475871 -002.91892688  43.30537046 -002.91968584 
111  43.30475871 -002.91892688 
112  43.30475871 -002.91892688  43.30491092 -002.91908897 
112  43.30575927 -002.91993600  43.30595119 -002.92013338 
111  43.30575927 -002.91993600 
112  43.30575927 -002.91993600  43.30607131 -002.92021612 
112  43.30592992 -002.91926328  43.30568930 -002.91858428 
111  43.30592992 -002.91926328 
112  43.30592992 -002.91926328  43.30626854 -002.91900157 
112  43.30626854 -002.91900157  43.30632160 -002.91897457 
111  43.30626854 -002.91900157 
112  43.30626854 -002.91900157  43.30638190 -002.91930913 
112  43.30692749 -002.92079529  43.30703493 -002.92109055 
111  43.30692749 -002.92079529 
112  43.30692749 -002.92079529  43.30670482 -002.92097016 
112  43.30657363 -002.92104554  43.30638560 -002.92118087 
111  43.30657363 -002.92104554 
112  43.30657363 -002.92104554  43.30640451 -002.92059064 
112  43.30610028 -002.92074261  43.30580928 -002.92087484 
111  43.30610028 -002.92074261 
112  43.30610028 -002.92074261  43.30595705 -002.92080209 
112  43.30554736 -002.92048156  43.30531945 -002.92024991 
111  43.30554736 -002.92048156 
112  43.30554736 -002.92048156  43.30523084 -002.92019577 
112  43.30494344 -002.92006959  43.30484881 -002.92019878 
111  43.30494344 -002.92006959 
112  43.30494344 -002.92006959  43.30488718 -002.92014984 
112  43.30511822 -002.92081482  43.30524013 -002.92121438 
111  43.30511822 -002.92081482 
114  43.30511822 -002.92081482  43.30378132 -002.91710673 
110   1 0.00   0.00 Taxiway C3
111  43.30041043 -002.90422194 
112  43.29986716 -002.90285976  43.29970724 -002.90256295 
111  43.29986716 -002.90285976 
112  43.29986716 -002.90285976  43.29974502 -002.90257606 
112  43.29953782 -002.90291388  43.29952136 -002.90335264 
111  43.29953782 -002.90291388 
112  43.29953782 -002.90291388  43.29947609 -002.90443072 
112  43.29977792 -002.90622379  43.30000927 -002.90732347 
111  43.29977792 -002.90622379 
112  43.29977792 -002.90622379  43.29882022 -002.90360081 
111  43.29882022 -002.90360081 
112  43.29907755 -002.90355489  43.29908148 -002.90311299 
111  43.29907755 -002.90355489 
112  43.29907755 -002.90355489  43.29912928 -002.90248535 
112  43.29912928 -002.90248535  43.29915454 -002.90199075 
111  43.29912928 -002.90248535 
112  43.29912928 -002.90248535  43.29916013 -002.90216612 
112  43.29939234 -002.90199656  43.29943467 -002.90196349 
112  43.29944325 -002.90158468  43.29933381 -002.90134945 
111  43.29944325 -002.90158468 
112  43.29944325 -002.90158468  43.29923765 -002.90102707 
111  43.29923765 -002.90102707 
111  43.29957385 -002.90076155 
112  43.30017015 -002.90236901  43.30076645 -002.90397647 
111  43.30017015 -002.90236901 
112  43.30017015 -002.90236901  43.30054722 -002.90346398 
112  43.30081262 -002.90381808  43.30099724 -002.90407704 
111  43.30081262 -002.90381808 
114  43.30081262 -002.90381808  43.30045647 -002.90426242 
110   1 0.00   0.00 Taxiway C2
111  43.29923765 -002.90102707 
112  43.29766269 -002.89676944  43.29754980 -002.89645687 
111  43.29766269 -002.89676944 
112  43.29766269 -002.89676944  43.29752859 -002.89640084 
112  43.29724458 -002.89635388  43.29704489 -002.89654131 
111  43.29724458 -002.89635388 
112  43.29724458 -002.89635388  43.29702610 -002.89654753 
112  43.29690192 -002.89676307  43.29678925 -002.89693019 
111  43.29690192 -002.89676307 
112  43.29690192 -002.89676307  43.29678544 -002.89702202 
112  43.29674224 -002.89737753  43.29673920 -002.89765520 
111  43.29674224 -002.89737753 
112  43.29674224 -002.89737753  43.29674823 -002.89773979 
112  43.29703609 -002.89867071  43.29720513 -002.89924038 
111  43.29703609 -002.89867071 
112  43.29703609 -002.89867071  43.29680402 -002.89809023 
112  43.29610296 -002.89602649  43.29516982 -002.89338226 
111  43.29610296 -002.89602649 
112  43.29610296 -002.89602649  43.29638673 -002.89578326 
112  43.29648849 -002.89507983  43.29660538 -002.89483948 
111  43.29648849 -002.89507983 
112  43.29648849 -002.89507983  43.29690972 -002.89438559 
112  43.29751102 -002.89512743  43.29769669 -002.89555347 
111  43.29751102 -002.89512743 
112  43.29751102 -002.89512743  43.29762870 -002.89541446 
113  43.29957385 -002.90076155 
110   1 0.00   0.00 New Taxiway 103
111  43.30315224 -002.93739954 
112  43.30238541 -002.93753125  43.30229792 -002.93754461 
111  43.30238541 -002.93753125 
112  43.30238541 -002.93753125  43.30206656 -002.93757132 
112  43.30169694 -002.93695096  43.30163667 -002.93661435 
111  43.30169694 -002.93695096 
112  43.30169694 -002.93695096  43.30164639 -002.93651283 
112  43.30137270 -002.93652337  43.30117244 -002.93654742 
111  43.30137270 -002.93652337 
112  43.30137270 -002.93652337  43.30121522 -002.93654475 
112  43.30109182 -002.93657218  43.30096841 -002.93659962 
111  43.30109182 -002.93657218 
112  43.30109182 -002.93657218  43.30091009 -002.93661031 
112  43.30083925 -002.93632289  43.30079453 -002.93618664 
111  43.30056419 -002.93555554 
112  43.30011438 -002.93011542  43.30010077 -002.92997383 
111  43.30011438 -002.93011542 
112  43.30011438 -002.93011542  43.30032629 -002.92974141 
112  43.30053919 -002.92925073  43.30057807 -002.92910113 
111  43.30112681 -002.92706324 
111  43.30136408 -002.93001040 
112  43.30214927 -002.92988676  43.30225232 -002.92987341 
111  43.30214927 -002.92988676 
112  43.30214927 -002.92988676  43.30241368 -002.92981730 
111  43.30240625 -002.92938246 
112  43.30257295 -002.93108323  43.30263711 -002.93170035 
111  43.30257295 -002.93108323 
112  43.30257295 -002.93108323  43.30246213 -002.93049816 
111  43.30218953 -002.93053348 
112  43.30184363 -002.93059648  43.30170365 -002.93062319 
111  43.30184363 -002.93059648 
112  43.30184363 -002.93059648  43.30168809 -002.93062586 
112  43.30165609 -002.93106605  43.30166775 -002.93126641 
112  43.30213005 -002.93661405  43.30223191 -002.93682253 
111  43.30213005 -002.93661405 
112  43.30213005 -002.93661405  43.30249648 -002.93732433 
112  43.30289802 -002.93520636  43.30274283 -002.93408699 
111  43.30289802 -002.93520636 
114  43.30289802 -002.93520636  43.30317003 -002.93593448 
110   2 0.00 300.00 PLATAFORMA
111  43.30402782 -002.90479890 
111  43.30524612 -002.90809632 
111  43.30524042 -002.90823323 
111  43.30526035 -002.90831146 
111  43.30522100 -002.90833143 
111  43.30527651 -002.90851008 
111  43.30524437 -002.90853015 
111  43.30527797 -002.90865059 
111  43.30523999 -002.90866464 
111  43.30526629 -002.90872686 
111  43.30522539 -002.90874894 
111  43.30526336 -002.90886938 
111  43.30523123 -002.90890551 
111  43.30526775 -002.90900387 
111  43.30522977 -002.90903197 
111  43.30526044 -002.90913835 
111  43.30523269 -002.90916445 
111  43.30524437 -002.90922667 
111  43.30520494 -002.90925678 
111  43.30524291 -002.90935915 
111  43.30521224 -002.90940130 
111  43.30524145 -002.90949966 
111  43.30520201 -002.90952976 
111  43.30522977 -002.90957593 
111  43.30518741 -002.90961808 
111  43.30522393 -002.90971242 
111  43.30518595 -002.90975056 
111  43.30522539 -002.90986899 
111  43.30519179 -002.90988505 
111  43.30522246 -002.90999344 
111  43.30518887 -002.91003358 
111  43.30520494 -002.91009179 
111  43.30512752 -002.91013395 
111  43.30510269 -002.91008778 
111  43.30506471 -002.91011187 
111  43.30504572 -002.91005566 
111  43.30496684 -002.91010384 
111  43.30494055 -002.91004964 
111  43.30490841 -002.91008377 
111  43.30488504 -002.91003158 
111  43.30480032 -002.91007774 
111  43.30478133 -002.91002957 
111  43.30474628 -002.91004964 
111  43.30471998 -002.90999946 
111  43.30463526 -002.91005566 
111  43.30461481 -002.90999143 
111  43.30453594 -002.91005968 
111  43.30450672 -002.91000348 
111  43.30442784 -002.91005767 
111  43.30440886 -002.91000347 
111  43.30433436 -002.91006570 
111  43.30431537 -002.91001351 
111  43.30424234 -002.91006570 
111  43.30391952 -002.90919255 
111  43.30395166 -002.90914237 
111  43.30393413 -002.90910222 
111  43.30397503 -002.90907412 
111  43.30393413 -002.90897376 
111  43.30396029 -002.90892184 
111  43.30392702 -002.90882967 
111  43.30396918 -002.90879512 
111  43.30393705 -002.90869275 
111  43.30397211 -002.90867468 
111  43.30395020 -002.90860242 
111  43.30398525 -002.90856830 
111  43.30395020 -002.90846794 
111  43.30398817 -002.90842779 
111  43.30394581 -002.90832141 
111  43.30398087 -002.90828930 
111  43.30394727 -002.90819696 
111  43.30399326 -002.90815403 
111  43.30396918 -002.90808857 
111  43.30399992 -002.90806858 
111  43.30331626 -002.90621491 
111  43.30326951 -002.90622989 
111  43.30325636 -002.90618774 
111  43.30320524 -002.90619979 
111  43.30316872 -002.90610143 
111  43.30313220 -002.90613154 
111  43.30309569 -002.90602717 
111  43.30304164 -002.90605326 
111  43.30300951 -002.90594889 
111  43.30297153 -002.90597297 
111  43.30294670 -002.90591878 
111  43.30290726 -002.90593684 
111  43.30286636 -002.90582243 
111  43.30281962 -002.90584251 
111  43.30279770 -002.90575820 
111  43.30274804 -002.90578229 
111  43.30271591 -002.90567390 
111  43.30267355 -002.90568996 
111  43.30264871 -002.90563577 
111  43.30260927 -002.90566387 
111  43.30230498 -002.90484479 
111  43.30226622 -002.90487538 
111  43.30230968 -002.90498482 
111  43.30153629 -002.90558287 
111  43.30116016 -002.90446882 
111  43.30104184 -002.90378840 
111  43.30114117 -002.90372819 
111  43.30111780 -002.90365995 
111  43.30119667 -002.90360977 
111  43.30117330 -002.90355959 
111  43.30124926 -002.90348934 
111  43.30124195 -002.90345522 
111  43.30132083 -002.90339902 
111  43.30129600 -002.90333680 
111  43.30133398 -002.90330468 
111  43.30131353 -002.90324246 
111  43.30139387 -002.90319630 
111  43.30137342 -002.90314813 
111  43.30145230 -002.90307988 
111  43.30143331 -002.90302168 
111  43.30146836 -002.90299558 
111  43.30145376 -002.90294741 
111  43.30153556 -002.90288720 
111  43.30150926 -002.90284103 
111  43.30155600 -002.90280290 
111  43.30152533 -002.90274871 
111  43.30161151 -002.90268448 
111  43.30159252 -002.90264032 
111  43.30167286 -002.90259215 
111  43.30164657 -002.90253394 
111  43.30168601 -002.90249581 
111  43.30167578 -002.90244161 
111  43.30174882 -002.90238140 
111  43.30172545 -002.90233925 
111  43.30177657 -002.90230914 
111  43.30174882 -002.90224692 
111  43.30182477 -002.90219474 
111  43.30180432 -002.90213653 
111  43.30189343 -002.90207431 
111  43.30188028 -002.90202212 
111  43.30192118 -002.90200406 
111  43.30190657 -002.90194986 
111  43.30197084 -002.90188162 
111  43.30195770 -002.90181538 
111  43.30203365 -002.90177123 
111  43.30201759 -002.90171503 
111  43.30245433 -002.90140191 
111  43.30247478 -002.90147015 
111  43.30254490 -002.90139990 
111  43.30256973 -002.90146012 
111  43.30264715 -002.90140191 
111  43.30268074 -002.90146213 
111  43.30270704 -002.90142800 
111  43.30274209 -002.90148420 
111  43.30276838 -002.90145410 
111  43.30279468 -002.90151632 
111  43.30283558 -002.90148220 
111  43.30287794 -002.90160062 
111  43.30291299 -002.90156650 
111  43.30295097 -002.90168091 
111  43.30299187 -002.90164679 
111  43.30302255 -002.90169697 
111  43.30305176 -002.90168091 
111  43.30309850 -002.90179532 
111  43.30313502 -002.90175919 
111  43.30317592 -002.90186758 
111  43.30321098 -002.90183747 
111  43.30325918 -002.90195389 
111  43.30330008 -002.90191174 
111  43.30332783 -002.90198600 
111  43.30335851 -002.90194987 
111  43.30340233 -002.90204823 
111  43.30343592 -002.90202414 
111  43.30347974 -002.90213654 
111  43.30351480 -002.90210844 
111  43.30353817 -002.90217669 
111  43.30358199 -002.90214658 
111  43.30362581 -002.90225898 
111  43.30366087 -002.90221683 
111  43.30370469 -002.90233124 
111  43.30374121 -002.90230113 
111  43.30378065 -002.90240952 
111  43.30382447 -002.90238343 
111  43.30385076 -002.90244967 
111  43.30388290 -002.90240752 
111  43.30392818 -002.90252393 
111  43.30396031 -002.90249985 
111  43.30400267 -002.90261225 
111  43.30404357 -002.90257813 
111  43.30425245 -002.90313212 
111  43.30421009 -002.90316223 
111  43.30423931 -002.90321442 
111  43.30418818 -002.90323650 
111  43.30439560 -002.90379651 
111  43.30436055 -002.90382461 
111  43.30441167 -002.90399924 
111  43.30438538 -002.90401731 
111  43.30441751 -002.90412369 
111  43.30437661 -002.90415380 
111  43.30441605 -002.90426018 
111  43.30437661 -002.90430634 
111  43.30439268 -002.90434448 
111  43.30432111 -002.90439868 
111  43.30433864 -002.90445287 
111  43.30425684 -002.90450305 
111  43.30421594 -002.90441273 
111  43.30418672 -002.90443079 
111  43.30416043 -002.90438463 
111  43.30411953 -002.90438864 
111  43.30385514 -002.90410161 
111  43.30381717 -002.90411164 
111  43.30377335 -002.90402132 
111  43.30372368 -002.90402935 
111  43.30368570 -002.90394103 
111  43.30364480 -002.90395709 
111  43.30360244 -002.90386275 
111  43.30357031 -002.90387479 
111  43.30354694 -002.90382863 
111  43.30350896 -002.90385673 
111  43.30346806 -002.90374031 
111  43.30343300 -002.90376440 
111  43.30338480 -002.90366404 
111  43.30335266 -002.90368812 
111  43.30332491 -002.90364597 
111  43.30329131 -002.90366404 
111  43.30324019 -002.90354963 
111  43.30320221 -002.90357773 
111  43.30316277 -002.90348138 
111  43.30312333 -002.90349945 
111  43.30310288 -002.90344726 
111  43.30304592 -002.90344325 
111  43.30301816 -002.90336095 
111  43.30298749 -002.90339708 
111  43.30294075 -002.90328468 
111  43.30290861 -002.90331278 
111  43.30285749 -002.90320238 
111  43.30281805 -002.90323249 
111  43.30277569 -002.90311607 
111  43.30273771 -002.90314417 
111  43.30272456 -002.90309600 
111  43.30268220 -002.90312410 
111  43.30263546 -002.90301973 
111  43.30260187 -002.90303779 
111  43.30255512 -002.90293543 
111  43.30252007 -002.90295550 
111  43.30249523 -002.90290933 
111  43.30245141 -002.90292941 
111  43.30243973 -002.90288525 
111  43.30240029 -002.90289729 
111  43.30241928 -002.90295550 
111  43.30238130 -002.90298159 
111  43.30239445 -002.90303779 
111  43.30231703 -002.90308998 
111  43.30234186 -002.90315822 
111  43.30226006 -002.90320037 
111  43.30228343 -002.90326661 
111  43.30223669 -002.90329872 
111  43.30225860 -002.90334288 
111  43.30221624 -002.90337500 
111  43.30227613 -002.90353959 
111  43.30231265 -002.90351349 
111  43.30234040 -002.90355966 
111  43.30238130 -002.90353356 
111  43.30242658 -002.90364797 
111  43.30246164 -002.90361184 
111  43.30250108 -002.90373027 
111  43.30254490 -002.90370819 
111  43.30258434 -002.90379851 
111  43.30261501 -002.90377442 
111  43.30267198 -002.90387278 
111  43.30270411 -002.90386876 
111  43.30273187 -002.90392496 
111  43.30275086 -002.90387880 
111  43.30274501 -002.90383865 
111  43.30278299 -002.90381256 
111  43.30276838 -002.90375235 
113  43.30281367 -002.90372224 
110   1 0.00  22.00 PLATAFORMA ASFALTO-BASE
112  43.30383870 -002.90951748  43.30364650 -002.90897799 
111  43.30383870 -002.90951748 
112  43.30383870 -002.90951748  43.30390928 -002.90932058 
111  43.30392988 -002.90810399 
111  43.30326307 -002.90633912 
112  43.30237669 -002.90554826  43.30225107 -002.90555629 
111  43.30237669 -002.90554826 
112  43.30237669 -002.90554826  43.30229782 -002.90548202 
112  43.30434548 -002.90453430  43.30472846 -002.90451296 
111  43.30434548 -002.90453430 
112  43.30434548 -002.90453430  43.30431568 -002.90465815 
111  43.30441615 -002.90485104 
112  43.30563100 -002.90810923  43.30608928 -002.90975208 
111  43.30563100 -002.90810923 
112  43.30563100 -002.90810923  43.30533211 -002.90837522 
112  43.30526728 -002.91016565  43.30525020 -002.91125306 
111  43.30526728 -002.91016565 
112  43.30526728 -002.91016565  43.30505664 -002.91019303 
112  43.30403090 -002.91005697  43.30394750 -002.91005109 
111  43.30403090 -002.91005697 
114  43.30403090 -002.91005697  43.30383870 -002.90951748 
110   1 0.00   0.00 Taxiway C4
111  43.30233539 -002.90941090 
112  43.30145299 -002.90706793  43.30136696 -002.90683247 
111  43.30145299 -002.90706793 
112  43.30145299 -002.90706793  43.30126206 -002.90653108 
112  43.30103633 -002.90686087  43.30106026 -002.90715256 
111  43.30103633 -002.90686087 
112  43.30103633 -002.90686087  43.30104477 -002.90712390 
112  43.30141722 -002.91048467  43.30163153 -002.91156326 
111  43.30141722 -002.91048467 
112  43.30141722 -002.91048467  43.30050428 -002.90808795 
112  43.30050428 -002.90808795  43.29959134 -002.90569123 
111  43.30050428 -002.90808795 
112  43.30050428 -002.90808795  43.30078458 -002.90865031 
112  43.30066364 -002.90795719  43.30064419 -002.90782678 
111  43.30066364 -002.90795719 
112  43.30066364 -002.90795719  43.30065019 -002.90759672 
112  43.30057215 -002.90676174  43.30056775 -002.90654381 
112  43.30078612 -002.90608486  43.30097100 -002.90578126 
111  43.30078612 -002.90608486 
112  43.30078612 -002.90608486  43.30107401 -002.90577780 
112  43.30041043 -002.90422194  43.29990909 -002.90284255 
111  43.30041043 -002.90422194 
112  43.30041043 -002.90422194  43.30094043 -002.90387948 
112  43.30189972 -002.90140574  43.30241589 -002.90026626 
111  43.30189972 -002.90140574 
112  43.30189972 -002.90140574  43.30243925 -002.90036010 
112  43.30431428 -002.90291603  43.30432528 -002.90366485 
111  43.30431428 -002.90291603 
112  43.30431428 -002.90291603  43.30426774 -002.90365148 
112  43.30434548 -002.90453430  43.30407378 -002.90527853 
111  43.30434548 -002.90453430 
112  43.30434548 -002.90453430  43.30426460 -002.90457505 
112  43.30237669 -002.90554826  43.30040251 -002.90654925 
111  43.30237669 -002.90554826 
112  43.30237669 -002.90554826  43.30224212 -002.90559017 
112  43.30175540 -002.90600950  43.30147911 -002.90625296 
111  43.30175540 -002.90600950 
112  43.30175540 -002.90600950  43.30154908 -002.90617899 
112  43.30188537 -002.90701499  43.30204864 -002.90751484 
111  43.30188537 -002.90701499 
112  43.30188537 -002.90701499  43.30193918 -002.90717212 
113  43.30267080 -002.90915198 
110   1 0.00   0.00 Taxiway B
111  43.30267080 -002.90915198 
112  43.30292966 -002.90974077  43.30307242 -002.91001951 
111  43.30292966 -002.90974077 
112  43.30292966 -002.90974077  43.30309673 -002.91004449 
112  43.30333293 -002.90985616  43.30359117 -002.90973346 
111  43.30333293 -002.90985616 
112  43.30333293 -002.90985616  43.30358045 -002.90972583 
112  43.30383870 -002.90951748  43.30404789 -002.90932981 
111  43.30383870 -002.90951748 
112  43.30383870 -002.90951748  43.30386825 -002.90955808 
112  43.30403090 -002.91005697  43.30405059 -002.91012464 
111  43.30403090 -002.91005697 
112  43.30403090 -002.91005697  43.30368770 -002.91024428 
112  43.30336910 -002.91056580  43.30321340 -002.91072998 
111  43.30336910 -002.91056580 
112  43.30336910 -002.91056580  43.30327062 -002.91064699 
112  43.30345799 -002.91127722  43.30355152 -002.91152186 
111  43.30626854 -002.91900157 
111  43.30592992 -002.91926328 
113  43.30233539 -002.90941090 
130 Airport Boundary 20
112  43.30767411 -002.92706936  43.30720957 -002.92722217 
112  43.30592931 -002.92692583  43.30561170 -002.92695311 
111  43.30592931 -002.92692583 
112  43.30592931 -002.92692583  43.30546481 -002.92761868 
112  43.30487088 -002.92872399  43.30456142 -002.92940049 
111  43.30487088 -002.92872399 
112  43.30487088 -002.92872399  43.30532805 -002.93269597 
112  43.30522194 -002.93457745  43.30501525 -002.93649347 
111  43.30522194 -002.93457745 
112  43.30522194 -002.93457745  43.30542753 -002.93642297 
112  43.30461776 -002.93889074  43.30388851 -002.93999622 
111  43.30461776 -002.93889074 
112  43.30461776 -002.93889074  43.30416512 -002.93947803 
112  43.30155353 -002.93916003  43.30043214 -002.93824177 
111  43.30155353 -002.93916003 
112  43.30155353 -002.93916003  43.30121372 -002.93891101 
112  43.30034571 -002.93697926  43.30023447 -002.93601824 
111  43.30034571 -002.93697926 
112  43.30034571 -002.93697926  43.30016784 -002.93547438 
112  43.29940030 -002.93113277  43.29980284 -002.92847028 
111  43.29940030 -002.93113277 
112  43.29940030 -002.93113277  43.30032708 -002.93036103 
112  43.30136927 -002.92609926  43.30165011 -002.92510887 
111  43.30136927 -002.92609926 
112  43.30136927 -002.92609926  43.30148160 -002.92427282 
112  43.30032557 -002.92068010  43.30061577 -002.91776036 
111  43.30032557 -002.92068010 
112  43.30032557 -002.92068010  43.30035365 -002.91965111 
111  43.30012403 -002.91733605 
112  43.29955738 -002.91132043  43.29938888 -002.91107605 
112  43.29446016 -002.89738629  43.29416059 -002.89644745 
112  43.29491611 -002.89476522  43.29515950 -002.89441798 
112  43.29601100 -002.89383198  43.29649779 -002.89344615 
112  43.29792406 -002.89375032  43.29841085 -002.89400754 
111  43.29792406 -002.89375032 
112  43.29792406 -002.89375032  43.29894445 -002.89427760 
112  43.29996414 -002.89804269  43.30083475 -002.90056361 
111  43.29996414 -002.89804269 
112  43.29996414 -002.89804269  43.30065485 -002.89817901 
112  43.30143197 -002.89828747  43.30220909 -002.89839593 
111  43.30143197 -002.89828747 
112  43.30143197 -002.89828747  43.30317318 -002.89824888 
112  43.30549336 -002.89843837  43.30781355 -002.89862785 
111  43.30549336 -002.89843837 
112  43.30549336 -002.89843837  43.30634127 -002.90153125 
112  43.30732421 -002.90438586  43.30830715 -002.90724047 
111  43.30732421 -002.90438586 
112  43.30732421 -002.90438586  43.30824162 -002.90722873 
112  43.30734396 -002.90850953  43.30613635 -002.90946144 
111  43.30734396 -002.90850953 
112  43.30734396 -002.90850953  43.30626741 -002.90929422 
112  43.30555607 -002.91084868  43.30423612 -002.91171052 
111  43.30555607 -002.91084868 
112  43.30555607 -002.91084868  43.30387103 -002.91213500 
112  43.30496658 -002.91346109  43.30529423 -002.91425862 
112  43.30729444 -002.91941696  43.30795910 -002.92047179 
112  43.30955846 -002.92267317  43.30986022 -002.92408965 
111  43.30955846 -002.92267317 
114  43.30955846 -002.92267317  43.30973449 -002.92574796 
120 Linear Feature 131
112  43.30246649 -002.92953248  43.30249830 -002.92993806   3 102 
112  43.30211300 -002.93009107  43.30207588 -002.93009835   3 102 
115  43.30102950 -002.93027162 
120 Linear Feature 130
112  43.30257900 -002.93086102  43.30252968 -002.93046610   3 102 
112  43.30222858 -002.93036003  43.30216591 -002.93036665   3 102 
112  43.30176846 -002.93044633  43.30156118 -002.93051036 
111  43.30176846 -002.93044633 
112  43.30176846 -002.93044633  43.30157886 -002.93051919   3 102 
112  43.30150933 -002.93107799  43.30152540 -002.93132306 
111  43.30150933 -002.93107799 
112  43.30150933 -002.93107799  43.30151576 -002.93129877   3 102 
112  43.30197880 -002.93653406  43.30200568 -002.93663054 
111  43.30197880 -002.93653406 
112  43.30197880 -002.93653406  43.30215394 -002.93725383   3 102 
112  43.30275589 -002.93680905  43.30287919 -002.93658008 
111  43.30275589 -002.93680905 
112  43.30275589 -002.93680905  43.30290991 -002.93653494   3 102 
111  43.30300421 -002.93584962 
111  43.30311432 -002.93728005   3 102 
112  43.30231275 -002.93740656  43.30218229 -002.93742419 
111  43.30231275 -002.93740656 
112  43.30231275 -002.93740656  43.30196843 -002.93742419   3 102 
112  43.30180932 -002.93686993  43.30179648 -002.93678749 
111  43.30180932 -002.93686993 
112  43.30180932 -002.93686993  43.30174292 -002.93634575   3 102 
112  43.30142116 -002.93633980  43.30127026 -002.93636634   3 102 
112  43.30109182 -002.93638827  43.30105922 -002.93639491 
111  43.30109182 -002.93638827 
112  43.30109182 -002.93638827  43.30102542 -002.93640486   3 102 
112  43.30093891 -002.93619109  43.30089424 -002.93606336   3 102 
115  43.30067543 -002.93544439 
120 Linear Feature 129
112  43.30543788 -002.92642969  43.30561763 -002.92616342   3 102 
116  43.30582831 -002.92559545  43.30588418 -002.92538696 
120 Linear Feature 128
112  43.30601650 -002.92570536  43.30595495 -002.92589977   3 102 
112  43.30553683 -002.92676571  43.30535213 -002.92706761 
111  43.30553683 -002.92676571 
112  43.30553683 -002.92676571  43.30539490 -002.92699013   3 102 
112  43.30367565 -002.92960509  43.30336535 -002.93007063 
111  43.30367565 -002.92960509 
112  43.30367565 -002.92960509  43.30297263 -002.93068242   3 102 
112  43.30303907 -002.93143989  43.30297286 -002.93213272 
111  43.30303907 -002.93143989 
112  43.30303907 -002.93143989  43.30299824 -002.93102312 
111  43.30284299 -002.92965991   3 102 
112  43.30326161 -002.92981842  43.30355907 -002.92938295   3 102 
115  43.30543788 -002.92642969 
120 Linear Feature 127
111  43.30097201 -002.93626577  20 
112  43.30094958 -002.93622507  43.30093395 -002.93619583 
111  43.30094958 -002.93622507 
112  43.30094958 -002.93622507  43.30094068 -002.93615078  20 
115  43.30096172 -002.93613220 
120 Linear Feature 126
112  43.30111787 -002.93646874  43.30111678 -002.93636771   1 
112  43.30102020 -002.93646905  43.30101969 -002.93656857   1 
116  43.30111787 -002.93646874  43.30111678 -002.93636771 
120 Linear Feature 125
112  43.30112117 -002.93637525  43.30104983 -002.93634207  20 
116  43.30098179 -002.93649438  43.30098179 -002.93664065 
120 Linear Feature 124
111  43.30074199 -002.93183657   1 
115  43.30073605 -002.93173982 
120 Linear Feature 123
111  43.30089350 -002.93181418   1 
115  43.30088658 -002.93171608 
120 Linear Feature 122
111  43.30104779 -002.93179332   1 
115  43.30104171 -002.93169133 
120 Linear Feature 121
111  43.30070425 -002.93144274   1 
115  43.30069999 -002.93135774 
120 Linear Feature 120
111  43.30085213 -002.93141056   1 
115  43.30084725 -002.93133418 
120 Linear Feature 119
112  43.30101799 -002.93140739  43.30101799 -002.93140328   1 
115  43.30101224 -002.93131040 
120 Linear Feature 118
112  43.30067420 -002.93104559  43.30067420 -002.93104285   1 
115  43.30066953 -002.93095662 
120 Linear Feature 117
112  43.30082454 -002.93103116  43.30081580 -002.93093191   1 
115  43.30081642 -002.93093276 
120 Linear Feature 116
111  43.30097994 -002.93099429   1 
115  43.30097573 -002.93090935 
120 Linear Feature 115
112  43.30063824 -002.93060771  43.30063824 -002.93059949   1 
115  43.30063222 -002.93052325 
120 Linear Feature 114
111  43.30078665 -002.93057690   1 
115  43.30078226 -002.93049910 
120 Linear Feature 113
111  43.30094488 -002.93056043   1 
115  43.30093895 -002.93047359 
120 Linear Feature 112
111  43.30145023 -002.93162108   1 
115  43.30068316 -002.93174251 
120 Linear Feature 111
111  43.30141768 -002.93123837   1 
115  43.30065135 -002.93136121 
120 Linear Feature 110
111  43.30138745 -002.93084307   1 
115  43.30061246 -002.93096049 
120 Linear Feature 109
111  43.30157926 -002.93036791   1 
115  43.30057535 -002.93052819 
120 Linear Feature 108
111  43.30093736 -002.93018175  22 
112  43.30068320 -002.93022386  43.30060857 -002.93023743  22 
112  43.30046643 -002.93051548  43.30045765 -002.93067985 
111  43.30046643 -002.93051548 
112  43.30046643 -002.93051548  43.30047740 -002.93066477  22 
112  43.30051087 -002.93117974  43.30051769 -002.93126682  22 
112  43.30056620 -002.93148383  43.30057369 -002.93157840  22 
112  43.30061245 -002.93203718  43.30062400 -002.93215840  22 
112  43.30062787 -002.93261171  43.30064849 -002.93277145 
111  43.30062787 -002.93261171 
112  43.30062787 -002.93261171  43.30063859 -002.93271367  22 
112  43.30067322 -002.93317751  43.30068090 -002.93326896  22 
112  43.30068683 -002.93356884  43.30069399 -002.93364833  22 
115  43.30089267 -002.93603001 
120 Linear Feature 107
111  43.30093736 -002.93018175  20 
111  43.30122996 -002.93013639 
111  43.30123490 -002.93019590  20 
112  43.30069603 -002.93028034  43.30067787 -002.93028354  20 
112  43.30050660 -002.93058523  43.30050287 -002.93083465 
111  43.30050660 -002.93058523 
112  43.30050660 -002.93058523  43.30052568 -002.93081610  20 
112  43.30054850 -002.93114318  43.30055502 -002.93126022  20 
112  43.30060337 -002.93143656  43.30060709 -002.93150115  20 
112  43.30065725 -002.93205209  43.30066842 -002.93216401  20 
112  43.30066623 -002.93256206  43.30067740 -002.93267654  20 
112  43.30071757 -002.93314533  43.30072502 -002.93323678  20 
112  43.30073407 -002.93362862  43.30074989 -002.93376484  20 
112  43.30093360 -002.93599753  43.30093783 -002.93604404  20 
112  43.30097451 -002.93607156  43.30100836 -002.93609164  20 
111  43.30114306 -002.93615735  20 
111  43.30113113 -002.93621270  20 
111  43.30114306 -002.93615735  20 
115  43.30123091 -002.93619905 
120 Linear Feature 106
111  43.30122996 -002.93013639  20 
111  43.30122598 -002.93007617  20 
112  43.30072668 -002.93015828  43.30063290 -002.93017610 
111  43.30072668 -002.93015828 
112  43.30072668 -002.93015828  43.30066283 -002.93016925  20 
112  43.30042392 -002.93051591  43.30040696 -002.93082162 
111  43.30042392 -002.93051591 
112  43.30042392 -002.93051591  43.30043589 -002.93066945  20 
112  43.30047305 -002.93122752  43.30048403 -002.93130703 
111  43.30047305 -002.93122752 
112  43.30047305 -002.93122752  43.30049101 -002.93130840  20 
112  43.30052218 -002.93149757  43.30053815 -002.93163054  20 
112  43.30056999 -002.93203402  43.30058894 -002.93223965  20 
112  43.30059389 -002.93269637  43.30061784 -002.93292668  20 
112  43.30063506 -002.93313428  43.30065401 -002.93333580  20 
112  43.30065365 -002.93371635  43.30067260 -002.93393158  20 
111  43.30089267 -002.93648436 
112  43.30092985 -002.93650078  43.30096703 -002.93651720 
111  43.30092985 -002.93650078 
112  43.30092985 -002.93650078  43.30092180 -002.93633734  20 
112  43.30113113 -002.93621270  43.30133845 -002.93620265 
111  43.30113113 -002.93621270 
112  43.30113113 -002.93621270  43.30101573 -002.93615720  20 
112  43.30096172 -002.93613220  43.30092556 -002.93611211  20 
116  43.30089267 -002.93603001  43.30088896 -002.93597396 
120 Linear Feature 105
111  43.30152957 -002.93634584  20 
111  43.30105601 -002.93082049  20 
111  43.30107368 -002.93079377  20 
111  43.30102950 -002.93027162  20 
111  43.30074773 -002.93031776  20 
111  43.30065657 -002.93048534  20 
111  43.30055052 -002.93049774  20 
111  43.30056735 -002.93074456  20 
111  43.30067424 -002.93072500  20 
111  43.30076968 -002.93083928  20 
111  43.30107368 -002.93079377 
111  43.30105601 -002.93082049  20 
111  43.30075908 -002.93087110  20 
111  43.30068154 -002.93100975  20 
111  43.30057526 -002.93102449  20 
111  43.30059117 -002.93126492  20 
111  43.30069819 -002.93125598  20 
111  43.30081419 -002.93136961  20 
111  43.30109602 -002.93132365  20 
111  43.30109775 -002.93134348  20 
111  43.30081647 -002.93138858  20 
111  43.30079266 -002.93150050  20 
111  43.30070560 -002.93151274  20 
111  43.30071056 -002.93158102  20 
111  43.30062122 -002.93159036  20 
111  43.30062779 -002.93170228  20 
111  43.30072019 -002.93168993  20 
111  43.30072231 -002.93175054  20 
111  43.30081613 -002.93173666  20 
111  43.30089390 -002.93183278  20 
111  43.30113933 -002.93179596  20 
111  43.30114143 -002.93182409  20 
111  43.30089506 -002.93185564  20 
111  43.30083434 -002.93196744  20 
111  43.30074525 -002.93198403  20 
111  43.30076154 -002.93222489  20 
111  43.30085583 -002.93221211  20 
111  43.30090967 -002.93228444  20 
111  43.30079281 -002.93248697  20 
111  43.30069092 -002.93249974  20 
111  43.30070650 -002.93274242  20 
111  43.30082203 -002.93272965  20 
111  43.30093091 -002.93285190  20 
111  43.30084858 -002.93300335  20 
111  43.30074235 -002.93302160  20 
111  43.30074515 -002.93309093  20 
111  43.30072239 -002.93309571  20 
111  43.30073040 -002.93318581  20 
111  43.30075316 -002.93318197  20 
111  43.30076026 -002.93325880  20 
115  43.30086850 -002.93324791 
120 Linear Feature 100
111  43.30498814 -002.90919872  20 
111  43.30507432 -002.90921277  20 
111  43.30518241 -002.90904215  20 
111  43.30519409 -002.90845804  20 
113  43.30501589 -002.90845001  20 
120 Linear Feature 99
111  43.30498275 -002.90931929  20 
111  43.30506163 -002.90932933  20 
111  43.30515803 -002.90941965  20 
111  43.30513758 -002.91001581  20 
111  43.30495354 -002.91000778  20 
115  43.30498275 -002.90931929 
120 Linear Feature 98
112  43.30384891 -002.90455104  43.30386784 -002.90445639  20 
112  43.30394562 -002.90458258  43.30393596 -002.90467879 
111  43.30394562 -002.90458258 
112  43.30394562 -002.90458258  43.30393643 -002.90462933  20 
112  43.30388937 -002.90463201  43.30387126 -002.90462870 
111  43.30388937 -002.90463201 
112  43.30388937 -002.90463201  43.30387917 -002.90462934  20 
116  43.30384891 -002.90455104  43.30384984 -002.90449028 
120 Linear Feature 97
111  43.30325191 -002.90429395  20 
111  43.30348369 -002.90380459  20 
112  43.30370220 -002.90403351  43.30376738 -002.90410152 
111  43.30370220 -002.90403351 
112  43.30370220 -002.90403351  43.30384464 -002.90417617  20 
111  43.30390380 -002.90437855  20 
112  43.30394967 -002.90438685  43.30396196 -002.90438333 
111  43.30394967 -002.90438685 
112  43.30394967 -002.90438685  43.30395940 -002.90437559  20 
112  43.30389293 -002.90423092  43.30386631 -002.90418378 
111  43.30389293 -002.90423092 
112  43.30389293 -002.90423092  43.30392365 -002.90423514  20 
112  43.30403685 -002.90436117  43.30405528 -002.90438368 
111  43.30403685 -002.90436117 
112  43.30403685 -002.90436117  43.30405528 -002.90437875  20 
112  43.30405711 -002.90442043  43.30405892 -002.90443165 
111  43.30405711 -002.90442043 
112  43.30405711 -002.90442043  43.30401992 -002.90443788  20 
112  43.30396384 -002.90441545  43.30394842 -002.90441545 
111  43.30396384 -002.90441545 
112  43.30396384 -002.90441545  43.30372077 -002.90432946  20 
111  43.30377342 -002.90463734  20 
111  43.30360321 -002.90460416  20 
115  43.30326882 -002.90431220 
120 Linear Feature 96
111  43.30275646 -002.90387672  20 
111  43.30301142 -002.90332565  20 
111  43.30342573 -002.90371067  20 
111  43.30317475 -002.90423619  20 
115  43.30275646 -002.90387672 
120 Linear Feature 95
111  43.30268386 -002.90381430  20 
111  43.30294005 -002.90327453  20 
112  43.30273510 -002.90307505  43.30270004 -002.90304695 
111  43.30273510 -002.90307505 
112  43.30273510 -002.90307505  43.30254375 -002.90298272  20 
111  43.30243906 -002.90320021  20 
112  43.30247184 -002.90364601  43.30261645 -002.90386680 
111  43.30247184 -002.90364601 
112  43.30247184 -002.90364601  43.30268386 -002.90381430  20 
115  43.30268386 -002.90381430 
120 Linear Feature 92
112  43.30613883 -002.92488101  43.30615295 -002.92514286   3 102 
112  43.30601650 -002.92570536  43.30592699 -002.92595390 
111  43.30601650 -002.92570536 
112  43.30601650 -002.92570536  43.30582831 -002.92559545 
112  43.30582831 -002.92559545  43.30564011 -002.92548553 
111  43.30582831 -002.92559545 
112  43.30582831 -002.92559545  43.30600666 -002.92509202   3 102 
116  43.30579067 -002.92402433  43.30565692 -002.92359863 
120 Linear Feature 91
111  43.30337328 -002.91039921   4 103 
115  43.30324723 -002.91005627 
120 Linear Feature 90
111  43.30101293 -002.90401389   4 103 
115  43.30115172 -002.90441472 
120 Linear Feature 89
111  43.30156856 -002.90554715   4 103 
115  43.30170007 -002.90589564 
120 Linear Feature 87
111  43.30264979 -002.90938095   3 102 
112  43.30287938 -002.90986386  43.30294179 -002.90999889 
111  43.30287938 -002.90986386 
112  43.30287938 -002.90986386  43.30302013 -002.91015034   3 102 
112  43.30330068 -002.91002843  43.30345737 -002.90993354 
111  43.30330068 -002.91002843 
112  43.30330068 -002.91002843  43.30340957 -002.90997368   3 102 
111  43.30363858 -002.90984037   3 102 
112  43.30378615 -002.90973164  43.30387512 -002.90966777   3 102 
112  43.30396151 -002.90925262  43.30397479 -002.90894424   3 102 
111  43.30399032 -002.90804794   3 102 
111  43.30331286 -002.90622910   3 102 
112  43.30255284 -002.90553677  43.30247583 -002.90547655 
111  43.30255284 -002.90553677 
112  43.30255284 -002.90553677  43.30241341 -002.90542546   3 102 
112  43.30222265 -002.90547418  43.30211907 -002.90554900   3 102 
112  43.30170117 -002.90589581  43.30162150 -002.90597245 
111  43.30170117 -002.90589581 
112  43.30170117 -002.90589581  43.30158432 -002.90599799   3 102 
112  43.30158219 -002.90635421  43.30163664 -002.90653851   3 102 
112  43.30175013 -002.90693700  43.30179396 -002.90706291   3 102 
115  43.30264979 -002.90938095 
120 Linear Feature 86
112  43.30515525 -002.91000570  43.30515392 -002.91005861   3 102 
112  43.30501862 -002.91006046  43.30488823 -002.91005393 
111  43.30501862 -002.91006046 
112  43.30501862 -002.91006046  43.30483644 -002.91004481   3 102 
112  43.30404227 -002.90996263  43.30393604 -002.90996446   3 102 
112  43.30384871 -002.91000175  43.30379028 -002.91004554 
111  43.30384871 -002.91000175 
112  43.30384871 -002.91000175  43.30378232 -002.91004736   3 102 
112  43.30335627 -002.91041243  43.30329651 -002.91046352   3 102 
112  43.30325380 -002.91085442  43.30330674 -002.91116294 
111  43.30325380 -002.91085442 
112  43.30325380 -002.91085442  43.30328226 -002.91106956   3 102 
111  43.30339897 -002.91143332   3 102 
112  43.30809567 -002.92432215  43.30821238 -002.92465464 
111  43.30809567 -002.92432215 
112  43.30809567 -002.92432215  43.30828069 -002.92485414   3 102 
112  43.30753491 -002.92524922  43.30715064 -002.92509666 
111  43.30753491 -002.92524922 
112  43.30753491 -002.92524922  43.30735274 -002.92516316   3 102 
115  43.30647602 -002.92476018 
120 Linear Feature 85
112  43.30415469 -002.90435610  43.30405186 -002.90426999   3 102 
112  43.30274448 -002.90301592  43.30264098 -002.90293833 
111  43.30274448 -002.90301592 
112  43.30274448 -002.90301592  43.30236809 -002.90284459   3 102 
112  43.30243655 -002.90369864  43.30263886 -002.90392492 
111  43.30243655 -002.90369864 
112  43.30243655 -002.90369864  43.30259181 -002.90381824   3 102 
112  43.30322321 -002.90436358  43.30331496 -002.90444116 
111  43.30322321 -002.90436358 
112  43.30322321 -002.90436358  43.30348904 -002.90459633   3 102 
112  43.30378733 -002.90471205  43.30393083 -002.90472175 
111  43.30378733 -002.90471205 
112  43.30378733 -002.90471205  43.30393742 -002.90474050   3 102 
115  43.30393742 -002.90474050 
120 Linear Feature 84
112  43.29607921 -002.89622846  43.29639525 -002.89605513   3 102 
112  43.29654888 -002.89524289  43.29666641 -002.89488094 
111  43.29654888 -002.89524289 
112  43.29654888 -002.89524289  43.29667039 -002.89477512   3 102 
112  43.29743413 -002.89519205  43.29767603 -002.89576503 
111  43.29743413 -002.89519205 
112  43.29743413 -002.89519205  43.29751668 -002.89541107   3 102 
112  43.30046849 -002.90345635  43.30056729 -002.90372464 
111  43.30046849 -002.90345635 
112  43.30046849 -002.90345635  43.30054142 -002.90360504   3 102 
112  43.30072467 -002.90390614  43.30082113 -002.90402574 
111  43.30072467 -002.90390614 
112  43.30072467 -002.90390614  43.30088229 -002.90414211   3 102 
112  43.30115165 -002.90370276  43.30127633 -002.90345709   3 102 
112  43.30196290 -002.90190358  43.30210405 -002.90159003   3 102 
112  43.30283962 -002.90159460  43.30325600 -002.90192109 
111  43.30283962 -002.90159460 
112  43.30283962 -002.90159460  43.30306075 -002.90176592   3 102 
112  43.30397821 -002.90260376  43.30403372 -002.90265595   3 102 
112  43.30415469 -002.90303794  43.30415177 -002.90314633 
111  43.30415469 -002.90303794 
112  43.30415469 -002.90303794  43.30415469 -002.90308209   3 102 
112  43.30422016 -002.90369115  43.30431979 -002.90404318 
111  43.30422016 -002.90369115 
112  43.30422016 -002.90369115  43.30426855 -002.90383196   3 102 
116  43.30415469 -002.90435610  43.30388997 -002.90450473 
120 Linear Feature 83
112  43.29882998 -002.90376613  43.29893983 -002.90395357   3 102 
112  43.29917382 -002.90355639  43.29918227 -002.90317157 
111  43.29917382 -002.90355639 
112  43.29917382 -002.90355639  43.29918469 -002.90325119   3 102 
112  43.29920354 -002.90259160  43.29921682 -002.90234943   3 102 
112  43.29942930 -002.90212356  43.29956571 -002.90201408 
111  43.29942930 -002.90212356 
112  43.29942930 -002.90212356  43.29954519 -002.90202237   3 102 
112  43.29954659 -002.90158651  43.29945484 -002.90131945   3 102 
112  43.29767150 -002.89649822  43.29759182 -002.89627927 
111  43.29767150 -002.89649822 
112  43.29767150 -002.89649822  43.29752543 -002.89611340   3 102 
112  43.29720553 -002.89620902  43.29706590 -002.89633530 
111  43.29720553 -002.89620902 
112  43.29720553 -002.89620902  43.29704293 -002.89634016   3 102 
112  43.29675242 -002.89682939  43.29661987 -002.89711109 
111  43.29675242 -002.89682939 
112  43.29675242 -002.89682939  43.29662340 -002.89703824   3 102 
112  43.29666084 -002.89752481  43.29667675 -002.89770937   3 102 
115  43.29684240 -002.89837698 
120 Linear Feature 82
112  43.30055899 -002.90840519  43.30065454 -002.90866076   3 102 
112  43.30080718 -002.90816536  43.30074854 -002.90771534 
111  43.30080718 -002.90816536 
112  43.30080718 -002.90816536  43.30077510 -002.90788620   3 102 
112  43.30069373 -002.90693001  43.30066596 -002.90653688   3 102 
112  43.30092256 -002.90618361  43.30112174 -002.90598787 
111  43.30092256 -002.90618361 
112  43.30092256 -002.90618361  43.30097495 -002.90611626   3 102 
112  43.30103804 -002.90589856  43.30103804 -002.90583553   3 102 
112  43.30102690 -002.90558188  43.30100167 -002.90553079 
111  43.30102690 -002.90558188 
112  43.30102690 -002.90558188  43.30101761 -002.90555086   3 102 
111  43.30012699 -002.90316565   3 102 
112  43.29989389 -002.90264552  43.29985050 -002.90255942 
111  43.29989389 -002.90264552 
112  43.29989389 -002.90264552  43.29965128 -002.90227238   3 102 
112  43.29944906 -002.90279245  43.29944745 -002.90295582 
111  43.29944906 -002.90279245 
112  43.29944906 -002.90279245  43.29943942 -002.90293154   3 102 
112  43.29941912 -002.90392673  43.29941912 -002.90417621 
111  43.29941912 -002.90392673 
112  43.29941912 -002.90392673  43.29942554 -002.90495997   3 102 
116  43.29971638 -002.90617766  43.29979351 -002.90645143 
120 Linear Feature 81
112  43.30407419 -002.91795593  43.30431447 -002.91869877   3 102 
112  43.30576201 -002.92009427  43.30601977 -002.92033461 
111  43.30576201 -002.92009427 
112  43.30576201 -002.92009427  43.30603214 -002.92035161   3 102 
112  43.30614777 -002.91971564  43.30602459 -002.91934173 
111  43.30614777 -002.91971564 
112  43.30614777 -002.91971564  43.30599278 -002.91915714   3 102 
111  43.30599278 -002.91915714   3 102 
112  43.30145670 -002.90675232  43.30136143 -002.90647181 
111  43.30145670 -002.90675232 
112  43.30145670 -002.90675232  43.30136143 -002.90644777   3 102 
112  43.30092629 -002.90690376  43.30093212 -002.90757698 
111  43.30092629 -002.90690376 
112  43.30092629 -002.90690376  43.30093212 -002.90742471   3 102 
112  43.30111227 -002.90915179  43.30117060 -002.90972883 
111  43.30111227 -002.90915179 
112  43.30111227 -002.90915179  43.30117254 -002.90977692   3 102 
116  43.30139128 -002.91063934  43.30151182 -002.91102404 
120 Linear Feature 79
111  43.30270359 -002.90257430   1 
115  43.30275563 -002.90261431 
120 Linear Feature 80
112  43.30624340 -002.92405077  43.30636046 -002.92426485   3 102 
112  43.30694444 -002.92467146  43.30729119 -002.92479948 
111  43.30694444 -002.92467146 
112  43.30694444 -002.92467146  43.30712817 -002.92474258   3 102 
112  43.30760078 -002.92492364  43.30772056 -002.92493970 
111  43.30760078 -002.92492364 
112  43.30760078 -002.92492364  43.30791483 -002.92493568   3 102 
112  43.30787367 -002.92447428  43.30785760 -002.92441406 
111  43.30787367 -002.92447428 
112  43.30787367 -002.92447428  43.30785906 -002.92437191   3 102 
111  43.30764783 -002.92372104   3 102 
112  43.30657510 -002.92075657  43.30650937 -002.92060201 
111  43.30657510 -002.92075657 
112  43.30657510 -002.92075657  43.30642319 -002.92037719   3 102 
112  43.30614695 -002.92060140  43.30605493 -002.92064556 
111  43.30614695 -002.92060140 
112  43.30614695 -002.92060140  43.30597459 -002.92067567   3 102 
112  43.30573998 -002.92048825  43.30560705 -002.92036179   3 102 
112  43.30518479 -002.91999362  43.30500106 -002.91983716   3 102 
116  43.30488838 -002.92029750  43.30499707 -002.92070643 
120 Linear Feature 77
111  43.30306656 -002.90433843   1 
115  43.30310449 -002.90437356 
120 Linear Feature 76
111  43.30310528 -002.90430889   2 
115  43.30285069 -002.90486444 
120 Linear Feature 75
111  43.30416063 -002.90930575   1 
115  43.30406536 -002.90930623 
120 Linear Feature 74
111  43.30420168 -002.90884624   1 
111  43.30415460 -002.90884790   1 
111  43.30415453 -002.90877157   1 
115  43.30408098 -002.90877272 
120 Linear Feature 73
111  43.30417874 -002.90887112   1 
115  43.30407933 -002.90886946 
120 Linear Feature 72
111  43.30419985 -002.90850174   1 
115  43.30409096 -002.90858020 
120 Linear Feature 71
111  43.30412681 -002.90775358   1 
115  43.30403757 -002.90781672 
120 Linear Feature 70
111  43.30392232 -002.90719886   1 
115  43.30383547 -002.90726573 
120 Linear Feature 69
111  43.30373112 -002.90670202   1 
115  43.30364801 -002.90676412 
120 Linear Feature 68
111  43.30353193 -002.90615459   1 
115  43.30343522 -002.90622210 
120 Linear Feature 67
111  43.30304592 -002.90561629   1 
115  43.30293632 -002.90569043 
120 Linear Feature 66
111  43.30310567 -002.90565278   1 
115  43.30298469 -002.90573547 
120 Linear Feature 65
111  43.30275909 -002.90538637   1 
115  43.30271015 -002.90548112 
120 Linear Feature 64
111  43.30265020 -002.90528236   1 
115  43.30259763 -002.90539256 
120 Linear Feature 63
111  43.30243508 -002.90514368   1 
115  43.30235835 -002.90528407 
120 Linear Feature 62
111  43.30102420 -002.90438133   1 
115  43.30110991 -002.90444934 
120 Linear Feature 61
112  43.30201297 -002.90545248  43.30201176 -002.90544916   1 
115  43.30195856 -002.90531524 
120 Linear Feature 60
111  43.30131996 -002.90393678   1 
115  43.30124994 -002.90387872 
120 Linear Feature 59
111  43.30153363 -002.90345739   1 
115  43.30145879 -002.90339601 
120 Linear Feature 58
111  43.30174972 -002.90300122   1 
115  43.30165797 -002.90292823 
120 Linear Feature 57
111  43.30194770 -002.90253510   1 
115  43.30185595 -002.90245713 
120 Linear Feature 56
111  43.30269253 -002.90180356   1 
115  43.30273599 -002.90169906 
120 Linear Feature 55
111  43.30299554 -002.90206235   1 
115  43.30304745 -002.90195286 
120 Linear Feature 54
111  43.30342168 -002.90244555   1 
115  43.30347600 -002.90232943 
120 Linear Feature 53
111  43.30368698 -002.90276466   1 
115  43.30374081 -002.90264012 
120 Linear Feature 52
111  43.30334033 -002.90329902   1 
115  43.30341759 -002.90336372 
120 Linear Feature 51
111  43.30374026 -002.90370991   1 
115  43.30382271 -002.90377068 
120 Linear Feature 50
111  43.30363180 -002.90287959   1 
111  43.30339716 -002.90338594   1 
112  43.30357828 -002.90349651  43.30369227 -002.90343494 
111  43.30357828 -002.90349651 
112  43.30357828 -002.90349651  43.30370576 -002.90341743   1 
111  43.30365301 -002.90322204   1 
111  43.30372724 -002.90304717 
111  43.30388851 -002.90322023   1 
111  43.30381737 -002.90337932   1 
112  43.30366449 -002.90356564  43.30366449 -002.90377366   1 
115  43.30380324 -002.90379036 
120 Linear Feature 49
111  43.30310423 -002.90297300   1 
115  43.30317597 -002.90302965 
120 Linear Feature 48
111  43.30337467 -002.90254648   1 
111  43.30316435 -002.90304194   1 
112  43.30301058 -002.90284036  43.30301158 -002.90267996 
111  43.30301058 -002.90284036 
112  43.30301058 -002.90284036  43.30301158 -002.90263060   1 
111  43.30316258 -002.90263635   1 
115  43.30325449 -002.90243719 
120 Linear Feature 47
111  43.30294689 -002.90216346   1 
112  43.30272857 -002.90264094  43.30251026 -002.90311843 
111  43.30272857 -002.90264094 
112  43.30272857 -002.90264094  43.30272543 -002.90264118   1 
112  43.30292660 -002.90273097  43.30305398 -002.90266007 
111  43.30292660 -002.90273097 
112  43.30292660 -002.90273097  43.30305765 -002.90262490   1 
111  43.30298932 -002.90244047   1 
115  43.30307112 -002.90225581 
120 Linear Feature 46
111  43.30233120 -002.90237985   1 
115  43.30242946 -002.90245832 
120 Linear Feature 45
111  43.30263678 -002.90191736   1 
111  43.30238507 -002.90247336   1 
112  43.30223451 -002.90227294  43.30221185 -002.90211148 
111  43.30223451 -002.90227294 
112  43.30223451 -002.90227294  43.30215911 -002.90222271   1 
116  43.30216394 -002.90222436  43.30215911 -002.90222271 
120 Linear Feature 44
111  43.30233684 -002.90300393   1 
115  43.30236859 -002.90291046 
120 Linear Feature 43
111  43.30224614 -002.90291918   1 
115  43.30227789 -002.90283568 
120 Linear Feature 42
112  43.30233344 -002.90287254  43.30227720 -002.90302929   1 
116  43.30209242 -002.90299397  43.30197191 -002.90289903 
120 Linear Feature 41
111  43.30202333 -002.90258551   1 
115  43.30241378 -002.90291228 
120 Linear Feature 40
111  43.30213247 -002.90345699   1 
115  43.30217008 -002.90336711 
120 Linear Feature 39
111  43.30183944 -002.90307818   1 
115  43.30220106 -002.90338540 
120 Linear Feature 38
111  43.30184667 -002.90386103   1 
115  43.30189121 -002.90375227 
120 Linear Feature 37
111  43.30193147 -002.90392409   1 
115  43.30197437 -002.90382676 
120 Linear Feature 36
112  43.30191375 -002.90343997  43.30200712 -002.90351326   1 
116  43.30196429 -002.90374452  43.30191876 -002.90389915 
120 Linear Feature 35
111  43.30161045 -002.90351744   1 
115  43.30201679 -002.90384871 
120 Linear Feature 34
111  43.30165442 -002.90434818   1 
115  43.30168762 -002.90427885 
120 Linear Feature 33
111  43.30169691 -002.90439198   1 
115  43.30174339 -002.90429162 
120 Linear Feature 32
111  43.30140633 -002.90401150   1 
115  43.30175712 -002.90430096 
120 Linear Feature 31
111  43.30145429 -002.90426780   1 
115  43.30140914 -002.90436816 
120 Linear Feature 30
111  43.30184295 -002.90499865   1 
112  43.30164085 -002.90442369  43.30162724 -002.90437827 
111  43.30164085 -002.90442369 
112  43.30164085 -002.90442369  43.30155919 -002.90436759   1 
111  43.30146152 -002.90441978   1 
115  43.30127650 -002.90426333 
120 Linear Feature 29
111  43.30119591 -002.90451242   1 
112  43.30165935 -002.90490032  43.30168183 -002.90491989   1 
112  43.30166876 -002.90496174  43.30165826 -002.90498440   1 
111  43.30161935 -002.90506841   1 
115  43.30166640 -002.90517831 
120 Linear Feature 28
111  43.30247163 -002.90416324   1 
115  43.30242773 -002.90412211 
120 Linear Feature 27
112  43.30217681 -002.90534306  43.30209071 -002.90509314   1 
112  43.30214859 -002.90478866  43.30225994 -002.90454580 
111  43.30214859 -002.90478866 
112  43.30214859 -002.90478866  43.30222459 -002.90461623   1 
111  43.30246673 -002.90410378   1 
112  43.30260813 -002.90438065  43.30259399 -002.90460651 
111  43.30260813 -002.90438065 
112  43.30260813 -002.90438065  43.30257631 -002.90463566   1 
111  43.30238543 -002.90460651   1 
115  43.30229175 -002.90480566 
120 Linear Feature 26
111  43.30268413 -002.90409892   1 
115  43.30260636 -002.90403335 
120 Linear Feature 25
111  43.30225994 -002.90477652   1 
115  43.30265231 -002.90395077 
120 Linear Feature 24
111  43.30290683 -002.90434179   1 
115  43.30282199 -002.90427379 
120 Linear Feature 23
111  43.30258869 -002.90482024   1 
115  43.30285027 -002.90423736 
120 Linear Feature 22
111  43.30321259 -002.90462838   1 
115  43.30313129 -002.90455552 
120 Linear Feature 21
111  43.30290683 -002.90506798   1 
111  43.30314897 -002.90454581   1 
112  43.30288562 -002.90450938  43.30275836 -002.90465267 
111  43.30288562 -002.90450938 
112  43.30288562 -002.90450938  43.30277603 -002.90464053   1 
111  43.30285069 -002.90486444   1 
115  43.30279548 -002.90500240 
120 Linear Feature 18
111  43.30419748 -002.90573009   1 
115  43.30417424 -002.90566623 
120 Linear Feature 17
111  43.30376772 -002.90599714   1 
115  43.30426261 -002.90563945 
120 Linear Feature 16
111  43.30437140 -002.90630950   1 
115  43.30434447 -002.90623410 
120 Linear Feature 15
111  43.30395940 -002.90655157   1 
115  43.30443307 -002.90621641 
120 Linear Feature 14
111  43.30414144 -002.90704461   1 
111  43.30460628 -002.90671430 
111  43.30455149 -002.90679445   1 
115  43.30452675 -002.90672402 
120 Linear Feature 13
111  43.30475600 -002.90734301   1 
115  43.30473405 -002.90728543 
120 Linear Feature 10
111  43.30487610 -002.90901834   1 
115  43.30487829 -002.90887658 
120 Linear Feature 9
111  43.30481025 -002.90902890   1 
115  43.30481244 -002.90890976 
120 Linear Feature 8
111  43.30444847 -002.90832874   1 
115  43.30509589 -002.90786655 
120 Linear Feature 7
111  43.30407993 -002.90973254   1 
115  43.30398670 -002.90972628 
120 Linear Feature 6
111  43.30442940 -002.90908903   1 
111  43.30457016 -002.90909451   1 
112  43.30477333 -002.90920217  43.30490877 -002.90912918 
111  43.30477333 -002.90920217 
112  43.30477333 -002.90920217  43.30490213 -002.90911823   1 
111  43.30483308 -002.90891750   1 
111  43.30444400 -002.90889561   1 
111  43.30444533 -002.90886459   1 
115  43.30492072 -002.90889561 
120 Linear Feature 5
111  43.30442984 -002.90932484   1 
111  43.30485212 -002.90935951 
111  43.30480166 -002.90946170   1 
115  43.30480564 -002.90933579 
120 Linear Feature 1
111  43.30161806 -002.90573524   1 101 
115  43.30099660 -002.90628921 
120 Linear Feature 2
112  43.30095377 -002.90869619  43.30103199 -002.90972077   1 101 
116  43.30143692 -002.91136492  43.30175193 -002.91221848 
120 Linear Feature 1
111  43.30186746 -002.93026823   1 101 
112  43.30241956 -002.93016483  43.30248807 -002.93015624 
111  43.30241956 -002.93016483 
112  43.30241956 -002.93016483  43.30273700 -002.93013127   1 101 
116  43.30287213 -002.93184454  43.30298774 -002.93299794 
120 Linear Feature 19
112  43.30161806 -002.90573524  43.30152073 -002.90581948   1 101 
112  43.30109149 -002.90547352  43.30096423 -002.90511018 
111  43.30109149 -002.90547352 
112  43.30109149 -002.90547352  43.30121691 -002.90578451   1 101 
116  43.30099660 -002.90628921  43.30077231 -002.90650671 
120 Linear Feature 18
112  43.30090369 -002.90499004  43.30088801 -002.90449595   1 101 
116  43.30115809 -002.90405850  43.30130987 -002.90371747 
120 Linear Feature 15
112  43.29763721 -002.89612012  43.29741141 -002.89558514   1 101 
112  43.29699424 -002.89496457  43.29673655 -002.89501343 
111  43.29699424 -002.89496457 
112  43.29699424 -002.89496457  43.29665405 -002.89505221   1 101 
112  43.29650079 -002.89584744  43.29633715 -002.89646183 
111  43.29650079 -002.89584744 
112  43.29650079 -002.89584744  43.29639178 -002.89626675   1 101 
116  43.29643556 -002.89782216  43.29672139 -002.89861532 
120 Linear Feature 14
111  43.29998985 -002.90249331   1 101 
112  43.29763721 -002.89612012  43.29754929 -002.89589083 
111  43.29763721 -002.89612012 
112  43.29763721 -002.89612012  43.29754031 -002.89589083   1 101 
112  43.29727274 -002.89590612  43.29712059 -002.89590593 
111  43.29727274 -002.89590612 
112  43.29727274 -002.89590612  43.29697736 -002.89591993   1 101 
112  43.29653534 -002.89697058  43.29641503 -002.89721394 
111  43.29653534 -002.89697058 
112  43.29653534 -002.89697058  43.29642029 -002.89722838   1 101 
116  43.29688953 -002.89904486  43.29716434 -002.90026305 
120 Linear Feature 13
112  43.29864135 -002.90380528  43.29910520 -002.90511604   1 101 
116  43.29927594 -002.90416409  43.29926687 -002.90375163 
120 Linear Feature 12
111  43.30157087 -002.90680700   1 101 
111  43.30125386 -002.90590447   1 101 
111  43.30090369 -002.90499004   1 101 
112  43.30046912 -002.90382583  43.30030536 -002.90339876 
111  43.30046912 -002.90382583 
112  43.30046912 -002.90382583  43.30030332 -002.90338911   1 101 
112  43.29998985 -002.90249331  43.29988665 -002.90220767 
111  43.29998985 -002.90249331 
112  43.29998985 -002.90249331  43.29990064 -002.90226068   1 101 
112  43.29965771 -002.90225472  43.29954774 -002.90223958 
111  43.29965771 -002.90225472 
112  43.29965771 -002.90225472  43.29956293 -002.90226553   1 101 
116  43.29931381 -002.90264702  43.29928758 -002.90303429 
120 Linear Feature 11
112  43.30026104 -002.90821255  43.30068830 -002.90937587   1 101 
116  43.30095377 -002.90869619  43.30100573 -002.90817121 
120 Linear Feature 10
111  43.30317177 -002.91114709   1 101 
115  43.30277765 -002.91005391 
120 Linear Feature 9
112  43.30095377 -002.90869619  43.30092658 -002.90839858   1 101 
112  43.30081551 -002.90720064  43.30070445 -002.90599455 
111  43.30081551 -002.90720064 
112  43.30081551 -002.90720064  43.30079179 -002.90672884   1 101 
112  43.30099660 -002.90628921  43.30127666 -002.90604086 
111  43.30099660 -002.90628921 
112  43.30099660 -002.90628921  43.30115772 -002.90612595   1 101 
112  43.30148403 -002.90657376  43.30156692 -002.90678802   1 101 
112  43.30277765 -002.91005391  43.30295527 -002.91050948   1 101 
115  43.30323453 -002.91027963 
120 Linear Feature 8
111  43.30622434 -002.91943532   1 101 
112  43.30317177 -002.91114709  43.30307564 -002.91088269   1 101 
112  43.30323453 -002.91027963  43.30344538 -002.91011377   1 101 
112  43.30393993 -002.90977626  43.30413860 -002.90960806 
111  43.30393993 -002.90977626 
112  43.30393993 -002.90977626  43.30410937 -002.90963944   1 101 
112  43.30410718 -002.90805141  43.30417996 -002.90673201 
111  43.30410718 -002.90805141 
112  43.30410718 -002.90805141  43.30401118 -002.90773504   1 101 
112  43.30338741 -002.90612890  43.30326509 -002.90585323 
111  43.30338741 -002.90612890 
112  43.30338741 -002.90612890  43.30271962 -002.90551111   1 101 
112  43.30217681 -002.90534306  43.30188467 -002.90553695 
111  43.30217681 -002.90534306 
112  43.30217681 -002.90534306  43.30200748 -002.90546801   1 101 
112  43.30161806 -002.90573524  43.30152073 -002.90581948   1 101 
116  43.30147810 -002.90653579  43.30163843 -002.90698675 
120 Linear Feature 7
112  43.30476897 -002.92048915  43.30445769 -002.91963475   1 101 
116  43.30503135 -002.91961794  43.30534040 -002.91993513 
120 Linear Feature 6
112  43.30373195 -002.91766586  43.30410689 -002.91869185   1 101 
112  43.30503135 -002.91961794  43.30528063 -002.91988295 
111  43.30503135 -002.91961794 
112  43.30503135 -002.91961794  43.30535089 -002.91992071   1 101 
112  43.30591528 -002.92039627  43.30645870 -002.92082378 
111  43.30591528 -002.92039627 
112  43.30591528 -002.92039627  43.30630224 -002.92049561   1 101 
116  43.30622434 -002.91943532  43.30603177 -002.91898252 
120 Linear Feature 5
112  43.30579922 -002.92345297  43.30622693 -002.92469888   1 101 
112  43.30753148 -002.92509756  43.30842194 -002.92550118 
111  43.30753148 -002.92509756 
112  43.30753148 -002.92509756  43.30782906 -002.92519586   1 101 
112  43.30798818 -002.92431516  43.30780506 -002.92379139 
111  43.30798818 -002.92431516 
112  43.30798818 -002.92431516  43.30780506 -002.92381760   1 101 
115  43.30622434 -002.91943532 
120 Linear Feature 4
112  43.30287213 -002.93184454  43.30275494 -002.93064213   1 101 
115  43.30331567 -002.92992990 
120 Linear Feature 3
112  43.30265620 -002.92925366  43.30276943 -002.93031134   1 101 
112  43.30331567 -002.92992990  43.30355970 -002.92950417 
111  43.30331567 -002.92992990 
112  43.30331567 -002.92992990  43.30503874 -002.92721694   1 101 
112  43.30597306 -002.92549042  43.30619582 -002.92451375 
111  43.30597306 -002.92549042 
112  43.30597306 -002.92549042  43.30609899 -002.92494826   1 101 
116  43.30579922 -002.92345297  43.30544221 -002.92240461 
120 Linear Feature 2
112  43.30265620 -002.92925366  43.30272952 -002.93004961   1 101 
116  43.30241956 -002.93016483  43.30230460 -002.93026554 
120 Linear Feature 17
112  43.30046912 -002.90382583  43.30061172 -002.90417732   1 101 
112  43.30115809 -002.90405850  43.30136803 -002.90371290 
111  43.30115809 -002.90405850 
112  43.30115809 -002.90405850  43.30132467 -002.90371868   1 101 
112  43.30203532 -002.90201045  43.30213224 -002.90181299   1 101 
112  43.30282738 -002.90174787  43.30323511 -002.90209229   1 101 
112  43.30360352 -002.90243953  43.30370713 -002.90254515 
111  43.30360352 -002.90243953 
112  43.30360352 -002.90243953  43.30367302 -002.90250440   1 101 
112  43.30387434 -002.90292035  43.30390844 -002.90308337 
111  43.30387434 -002.90292035 
112  43.30387434 -002.90292035  43.30397814 -002.90352149   1 101 
116  43.30380324 -002.90379036  43.30366059 -002.90413314 
120 Linear Feature 1
112  43.30312627 -002.93492223  43.30316594 -002.93538085   1 101 
112  43.30250328 -002.93720814  43.30179493 -002.93725980 
111  43.30250328 -002.93720814 
112  43.30250328 -002.93720814  43.30201897 -002.93725866   1 101 
112  43.30186347 -002.93633204  43.30183296 -002.93589945 
111  43.30186347 -002.93633204 
112  43.30186347 -002.93633204  43.30183760 -002.93605113   1 101 
112  43.30138745 -002.93084307  43.30133421 -002.93015821 
111  43.30138745 -002.93084307 
112  43.30138745 -002.93084307  43.30133226 -002.93035323   1 101 
116  43.30186746 -002.93026823  43.30197464 -002.93024936 
120 Linear Feature 3
112  43.29931381 -002.90264702  43.29927785 -002.90299663   1 101 
112  43.29927594 -002.90416409  43.29928674 -002.90454492 
111  43.29927594 -002.90416409 
112  43.29927594 -002.90416409  43.29928196 -002.90439397   1 101 
116  43.29960038 -002.90628670  43.29985109 -002.90702611 
120 Linear Feature 20
111  43.30397565 -002.90508902   1 
115  43.30395114 -002.90501901 
120 Linear Feature 19
111  43.30335512 -002.90546911   1 
115  43.30401266 -002.90501930 
120 Linear Feature 12
111  43.30435864 -002.90759622   1 
115  43.30483938 -002.90724891 
120 Linear Feature 11
111  43.30498821 -002.90799227   1 
115  43.30496028 -002.90791960 
120 Linear Feature 4
111  43.30471731 -002.90990817   1 
115  43.30471536 -002.90979329 
120 Linear Feature 3
111  43.30436541 -002.90976123   1 
111  43.30473481 -002.90978528   1 
112  43.30466676 -002.90956620  43.30455983 -002.90953414   1 
111  43.30452483 -002.90963834   1 
115  43.30439068 -002.90963032 
120 Linear Feature 32
111  43.30191995 -002.93039913   4 
115  43.30189642 -002.93013378 
120 Linear Feature 31
111  43.30553683 -002.92676571   4 104 
115  43.30536817 -002.92654776 
120 Linear Feature 30
111  43.30348793 -002.92944126   4 104 
115  43.30363949 -002.92965119 
120 Linear Feature 29
111  43.30250823 -002.93739236   4 
115  43.30248154 -002.93701555 
120 Linear Feature 28
111  43.29645894 -002.89550769   4 104 
115  43.29660542 -002.89556614 
120 Linear Feature 27
111  43.29672857 -002.89627271   4 104 
115  43.29696455 -002.89646485 
120 Linear Feature 26
111  43.29925462 -002.90234008   4 104 
115  43.29949332 -002.90260377 
120 Linear Feature 25
111  43.30075568 -002.90640356   4 104 
115  43.30095943 -002.90662832 
120 Linear Feature 24
111  43.30596620 -002.92019737   4 104 
115  43.30597741 -002.92063086 
120 Linear Feature 21
111  43.30763212 -002.92492427   4 104 
115  43.30764763 -002.92528422 
120 Linear Feature 78
111  43.30191047 -002.90551893   1 
115  43.30201834 -002.90529278 
14   43.30044676 -002.91399014   60 0 Tower Viewpoint Location
15   43.30156885 -002.90482846 331.39 10
15   43.30165245 -002.90421402 330.12 11
15   43.30146386 -002.90442239 148.39 11 1
15   43.30192122 -002.90377025 330.40 12
15   43.30231036 -002.90282502 328.30 13
15   43.30244677 -002.90233733 237.46 14
15   43.30278394 -002.90251904 239.49 15
15   43.30321933 -002.90291477 239.42 16
15   43.30345703 -002.90326878 237.46 17
15   43.30467447 -002.90978253 357.92 19
15   43.30476625 -002.90935205 356.19 20
15   43.30474630 -002.90891471 358.36 21
15   43.30482013 -002.90888866 356.76 21A
15   43.30209910 -002.90329778 328.50 23
15   43.30307493 -002.90471808  57.48 7
15   43.30304757 -002.90443726  57.32 7 8
15   43.30279768 -002.90435929  59.04 8
15   43.30257194 -002.90412539  56.82 8 9
15   43.30240293 -002.90424151  57.91 9
15   43.30492385 -002.90798738  25.00 finger 1
15   43.30467688 -002.90736247  25.00 finger 2
15   43.30445261 -002.90682229  25.00 finger 3
15   43.30426767 -002.90632735  25.00 finger 4
15   43.30406287 -002.90578426  25.00 finger 5
15   43.30381854 -002.90515592  25.00 finger 6
15   43.30083309 -002.93116421 276.34 GA 2
15   43.30064254 -002.93075045 280.49 GA 4
15   43.30079545 -002.93073429 276.12 GA3
15   43.30095876 -002.93069858 272.90 Gen. Aviation 2
15   43.30385806 -002.90367387 239.22 New Ramp Start 22
15   43.30125908 -002.93159015   0.00 New Ramp Start 32
18   43.29704927 -002.90204261 1 New Airport Beacon 27
19   43.30439456 -002.92171736 1 Windsock
19   43.29733805 -002.90191672 1 Windsock
19   43.30105024 -002.91501229 0 Windsock
19   43.30259297 -002.93448270 1 Windsock
20   43.30086433 -002.90345917 218.27  0 2 {@Y}{^l}30|12{^r}
20   43.30320594 -002.90981307 208.92  0 2 {@Y}{^l}30|12{^r}
20   43.30144182 -002.90553689 208.92  0 2 {@Y}{^l}30|12{^r}
50 11882 ATIS
53 12170 GND
54 11850 TWR
55 12070 APP
