1     2962 1 0 LEBG Burgos
100   45.11   1   0 0.00 1 0 1 04   42.35049131 -003.62239128  359.97    0.00 4  0 1 1 22   42.36329847 -003.60605039  406.91    0.00 2  0 1 0
102 H2   42.35474012 -003.62112445 312.54   35.05   35.05   1 0   0 0.00 0
102 H4   42.35501162 -003.63280479 306.76   17.98   17.98   1 0   0 0.00 0
21   42.35386439 -003.61676182  3  39.71   3.00 New PAPI-4R
21   42.35844139 -003.61134269  2 229.76   3.00 New PAPI-4L
110   1 0.00 228.00 New Taxiway 1
111  42.35459189 -003.62696994   5 
111  42.35446954 -003.62723192 
111  42.35392477 -003.62797571   5 
111  42.36029523 -003.61529028 
111  42.36036971 -003.61514170   5 
111  42.36060902 -003.61466817   5 
113  42.36071845 -003.61477394   5 
110   1 0.00  44.00 Taxiway A/B
112  42.35063075 -003.62259061  42.35063982 -003.62261107 
111  42.35063075 -003.62259061 
112  42.35063075 -003.62259061  42.35054302 -003.62270931   5 102 
112  42.35049505 -003.62349557  42.35068310 -003.62382459 
111  42.35049505 -003.62349557 
112  42.35049505 -003.62349557  42.35055017 -003.62357015   5 102 
112  42.35097820 -003.62417158  42.35103656 -003.62424616 
111  42.35097820 -003.62417158 
112  42.35097820 -003.62417158  42.35110141 -003.62430757   5 102 
112  42.35134388 -003.62403023  42.35148654 -003.62388984 
111  42.35134388 -003.62403023 
112  42.35134388 -003.62403023  42.35139900 -003.62396004   5 102 
112  42.35332651 -003.62142742  42.35339784 -003.62134407   5 102 
112  42.35337349 -003.62099545  42.35331837 -003.62089016   5 102 
112  42.35299040 -003.62039870  42.35280243 -003.62009177   5 102 
111  42.35244747 -003.62027157 
111  42.35308287 -003.61946086   5 102 
112  42.35313857 -003.62018639  42.35332982 -003.62048604 
111  42.35313857 -003.62018639 
112  42.35313857 -003.62018639  42.35317883 -003.62023815   5 102 
111  42.35374913 -003.62109850   5 102 
111  42.35401547 -003.62141907 
111  42.35372831 -003.62178451   5 102 
112  42.35366722 -003.62170073  42.35359265 -003.62163493   5 102 
111  42.35321151 -003.62197191   5 102 
112  42.35142832 -003.62431252  42.35120461 -003.62458013   5 102 
112  42.35089810 -003.62445750  42.35077813 -003.62432151 
111  42.35089810 -003.62445750 
112  42.35089810 -003.62445750  42.35084946 -003.62439609   5 102 
112  42.35025579 -003.62356761  42.35024369 -003.62355329 
111  42.35025579 -003.62356761 
112  42.35025579 -003.62356761  42.34997447 -003.62299253   5 102 
112  42.35035299 -003.62219222  42.35047399 -003.62206738 
111  42.35035299 -003.62219222 
114  42.35035299 -003.62219222  42.35037114 -003.62220860 
110   1 0.00 210.00 Taxiway/Parking antiguos
111  42.35446954 -003.62723192   5 102 
112  42.35444468 -003.62818157  42.35444468 -003.62829774   5 102 
112  42.35467499 -003.62894049  42.35470342 -003.62901262   5 102 
111  42.35480524 -003.62895598   5 102 
111  42.35510283 -003.62843712   5 102 
111  42.35538326 -003.62871591   5 102 
112  42.35494259 -003.62954454  42.35488929 -003.62966475   5 102 
112  42.35494259 -003.62987753  42.35494259 -003.62990851   5 102 
112  42.35566369 -003.63225500  42.35571699 -003.63244734   5 102 
112  42.35596701 -003.63223951  42.35605940 -003.63201832   5 102 
111  42.35621310 -003.63165869   5 102 
111  42.35702577 -003.63223177   5 102 
111  42.35648209 -003.63361024   5 102 
111  42.35675107 -003.63381159   5 102 
111  42.35642486 -003.63464021   5 102 
111  42.35530886 -003.63385029   5 102 
111  42.35521729 -003.63409036   5 102 
111  42.35501127 -003.63395097   5 102 
111  42.35519440 -003.63343211   5 102 
111  42.35510283 -003.63306040   5 102 
112  42.35482240 -003.63278161  42.35483914 -003.63247018   5 102 
111  42.35514862 -003.63258027   5 102 
111  42.35537000 -003.63183349 
111  42.35548860 -003.63223771   5 102 
112  42.35538188 -003.63224221  42.35534634 -003.63233357   5 102 
112  42.35522302 -003.63270417  42.35520170 -003.63286766   5 102 
112  42.35529169 -003.63329272  42.35533434 -003.63343217   5 102 
112  42.35545766 -003.63348632  42.35554295 -003.63351037   5 102 
112  42.35560074 -003.63333919  42.35563983 -003.63325263   5 102 
111  42.35564652 -003.63317656   5 102 
112  42.35564080 -003.63275838  42.35560171 -003.63261412   5 102 
112  42.35434739 -003.62834430  42.35428755 -003.62812630 
111  42.35434739 -003.62834430 
112  42.35434739 -003.62834430  42.35425073 -003.62820727   5 102 
112  42.35403835 -003.62832881  42.35391869 -003.62819505   5 102 
113  42.35392477 -003.62797571 
110   2 0.00 225.00 Parking nuevo
111  42.35401547 -003.62141907   1 
111  42.35419421 -003.62141987   1 
111  42.35472617 -003.62073323   1 
111  42.35540643 -003.62170653   1 
111  42.35401809 -003.62355102   1 
111  42.35330189 -003.62255752   1 
111  42.35379478 -003.62189024   1 
113  42.35373079 -003.62178451   1 
110   1 0.00 222.50 Taxiway C
111  42.36029523 -003.61529028   5 102 
111  42.35848748 -003.61256177 
111  42.35858017 -003.61244170   5 102 
113  42.36036971 -003.61514170 
110   1 0.00 225.00 Taxiway RWY 22
111  42.36343697 -003.60624951   1 
112  42.36361377 -003.60652269  42.36362930 -003.60655105 
111  42.36361377 -003.60652269 
112  42.36361377 -003.60652269  42.36374130 -003.60686847   1 
112  42.36338632 -003.60711266  42.36322551 -003.60712559   1 
112  42.36286824 -003.60716396  42.36281324 -003.60717411 
111  42.36286824 -003.60716396 
112  42.36286824 -003.60716396  42.36273449 -003.60718088   1 
111  42.36266945 -003.60722959 
111  42.36295268 -003.60686817   1 
112  42.36340528 -003.60689035  42.36344763 -003.60689240 
111  42.36340528 -003.60689035 
112  42.36340528 -003.60689035  42.36353838 -003.60688831   1 
112  42.36352132 -003.60656267  42.36345326 -003.60643575 
111  42.36352132 -003.60656267 
112  42.36352132 -003.60656267  42.36348199 -003.60652173   1 
113  42.36333488 -003.60637958 
130 Airport Boundary 11
111  42.35776928 -003.63654506 
111  42.35355429 -003.63814425 
111  42.34656357 -003.62389054 
111  42.36296092 -003.60198850 
113  42.36666189 -003.60810716 
120 Linear Feature 13
111  42.35494375 -003.62143111   1 
115  42.35487123 -003.62151452 
120 Linear Feature 12
111  42.35507428 -003.62159792   1 
115  42.35500176 -003.62171567 
120 Linear Feature 11
111  42.35520843 -003.62178436   1 
115  42.35512866 -003.62189229 
120 Linear Feature 10
111  42.35380890 -003.62275088   1 
111  42.35414609 -003.62322678   1 
112  42.35422585 -003.62277050  42.35407042 -003.62255022 
111  42.35422585 -003.62277050 
112  42.35422585 -003.62277050  42.35409352 -003.62259712   1 
111  42.35396480 -003.62270672   1 
115  42.35390506 -003.62262294 
120 Linear Feature 9
111  42.35427299 -003.62241235   1 
111  42.35449378 -003.62272015   1 
112  42.35454492 -003.62247122  42.35446930 -003.62236179 
111  42.35454492 -003.62247122 
112  42.35454492 -003.62247122  42.35448716 -003.62239022   1 
111  42.35443977 -003.62243197   1 
115  42.35434550 -003.62229460 
120 Linear Feature 8
111  42.35457392 -003.62199042   1 
111  42.35479147 -003.62229951   1 
112  42.35485311 -003.62205910  42.35478129 -003.62195857 
111  42.35485311 -003.62205910 
112  42.35485311 -003.62205910  42.35480538 -003.62199350   1 
111  42.35472983 -003.62201495   1 
115  42.35465732 -003.62189720 
120 Linear Feature 5
112  42.35055240 -003.62231781  42.35005922 -003.62304667   3 101 
111  42.35042655 -003.62360714   3 101 
111  42.35086403 -003.62422747   3 101 
112  42.35139733 -003.62415438  42.35169102 -003.62380900 
111  42.35139733 -003.62415438 
112  42.35139733 -003.62415438  42.35146498 -003.62406492   3 101 
112  42.35325031 -003.62171920  42.35336472 -003.62156439 
111  42.35325031 -003.62171920 
112  42.35325031 -003.62171920  42.35364530 -003.62123265   3 101 
115  42.35390777 -003.62160300 
120 Linear Feature 4
112  42.35317933 -003.61896709  42.35261490 -003.61969176   3 101 
112  42.35305130 -003.62027331  42.35308341 -003.62032414 
111  42.35305130 -003.62027331 
112  42.35305130 -003.62027331  42.35312891 -003.62037427   3 101 
115  42.35390777 -003.62160300 
120 Linear Feature 7
112  42.35859919 -003.61260049  42.35840095 -003.61231329   3 101 
115  42.35862692 -003.61201088 
120 Linear Feature 6
111  42.35817264 -003.61258970   3 101 
112  42.35859919 -003.61260049  42.35879730 -003.61287468 
111  42.35859919 -003.61260049 
112  42.35859919 -003.61260049  42.35864422 -003.61266142   3 101 
111  42.36030608 -003.61516997   3 101 
112  42.36030270 -003.61543989  42.36021372 -003.61561316 
111  42.36030270 -003.61543989 
112  42.36030270 -003.61543989  42.36029144 -003.61546731   3 101 
111  42.35432453 -003.62734803   3 101 
112  42.35434186 -003.62813998  42.35448225 -003.62865645 
111  42.35434186 -003.62813998 
112  42.35434186 -003.62813998  42.35446909 -003.62853772   3 101 
115  42.35562403 -003.63238017 
120 Linear Feature 1
112  42.35313857 -003.62018639  42.35312219 -003.62021310  54 104 
115  42.35299040 -003.62039870 
120 Linear Feature 3
111  42.35885846 -003.61286139  54 104 
115  42.35876395 -003.61297771 
120 Linear Feature 2
111  42.35035155 -003.62369790  54 104 
115  42.35050234 -003.62350884 
14   42.35775913 -003.61815785   82 0 New Tower Viewpoint 1
15   42.35597300 -003.63245700  60.00 general aviation 1
15   42.35619700 -003.63175900 330.00 parking 1
15   42.35631700 -003.63143300 330.00 parking 2
18   42.35840632 -003.62148233 1 BCN
19   42.35208680 -003.61937442 0 New Windsock 3
19   42.36210681 -003.60975148 0 New Windsock 4
19   42.35513500 -003.62978000 1 WS
53 12178 GMC
54 11893 twr
