1     3586 1 0 LECD La Cerdanya
100   22.86   1   0 0.00 0 0 0 07   42.38471346  001.85673413    0.00    0.00 1  0 0 0 25   42.38931817  001.86923818    0.00    0.00 1  0 0 0
110   2 0.00  70.00 New Taxiway 1
112  42.38590191  001.86847326  42.38589694  001.86890251 
111  42.38590191  001.86847326 
112  42.38590191  001.86847326  42.38654141  001.86844613 
112  42.38737640  001.86840826  42.38760417  001.86841271 
111  42.38737640  001.86840826 
112  42.38737640  001.86840826  42.38738202  001.86821639 
112  42.38745238  001.86737463  42.38747640  001.86707130 
111  42.38745238  001.86737463 
112  42.38745238  001.86737463  42.38754698  001.86726407 
112  42.38784353  001.86706468  42.38800793  001.86699140 
111  42.38784353  001.86706468 
112  42.38784353  001.86706468  42.38827302  001.86696838 
112  42.38848402  001.86728687  42.38862360  001.86742294 
111  42.38848402  001.86728687 
112  42.38848402  001.86728687  42.38846212  001.86720793 
112  42.38841566  001.86708747  42.38838674  001.86702035 
111  42.38841566  001.86708747 
112  42.38841566  001.86708747  42.38835148  001.86699039 
112  42.38791557  001.86693408  42.38768594  001.86701857 
111  42.38791557  001.86693408 
112  42.38791557  001.86693408  42.38787324  001.86690283 
112  42.38790346  001.86685530  42.38792795  001.86681702 
111  42.38790346  001.86685530 
112  42.38790346  001.86685530  42.38805806  001.86670731 
112  42.38808619  001.86620117  42.38810847  001.86613010 
111  42.38808619  001.86620117 
112  42.38808619  001.86620117  42.38805953  001.86611179 
112  42.38799983  001.86596491  42.38797124  001.86588510 
111  42.38799983  001.86596491 
112  42.38799983  001.86596491  42.38800309  001.86613470 
112  42.38777485  001.86688783  42.38754971  001.86711001 
111  42.38777485  001.86688783 
112  42.38777485  001.86688783  42.38763643  001.86700787 
112  42.38736310  001.86719520  42.38720536  001.86729227 
111  42.38736310  001.86719520 
112  42.38736310  001.86719520  42.38717722  001.86706135 
112  42.38687148  001.86685924  42.38671221  001.86675225 
111  42.38687148  001.86685924 
112  42.38687148  001.86685924  42.38682129  001.86696116 
112  42.38654691  001.86737283  42.38646087  001.86751844 
111  42.38654691  001.86737283 
112  42.38654691  001.86737283  42.38643577  001.86738739 
112  42.38589747  001.86738243  42.38576482  001.86736302 
111  42.38589747  001.86738243 
114  42.38589747  001.86738243  42.38589872  001.86767218 
130 Airport Boundary 5
111  42.39199451  001.86955354 
111  42.38586534  001.85319918 
111  42.38261158  001.85569160 
111  42.38533566  001.86415899 
111  42.38495731  001.86941697 
113  42.38858942  001.87184111 
15   42.38644568  001.86831245   0.00 parking 1
19   42.38488357  001.85810779 0 Windsock
19   42.38951079  001.86839739 0 Windsock
54 12350 TWR
