1     3284 0 1 LEFM FUENTEMILANOS
100   17.98   1   0 0.25 0 0 0 16   40.89197500 -004.24178300    0.00   48.77 2  0 0 0 34   40.88410300 -004.23613100    0.00   64.01 2  0 0 0
110   1 0.30 151.51 Default taxiway for RWY 16
111  40.89193747 -004.24187446   3 
111  40.89174338 -004.24234745   3 
111  40.88387152 -004.23669471   3 
111  40.88406561 -004.23622178 
112  40.88420784 -004.23632391  40.88413565 -004.23627545   3 
111  40.88408932 -004.23638833   3 
112  40.88402755 -004.23653883  40.88398123 -004.23665171   3 
111  40.88405235 -004.23670278   3 
111  40.88781049 -004.23940148   3 
111  40.88796598 -004.23902258 
111  40.88803710 -004.23907365   3 
111  40.88788161 -004.23945255   3 
112  40.89163975 -004.24215125  40.89171086 -004.24220231   3 
111  40.89175718 -004.24208942   3 
112  40.89181895 -004.24193890  40.89186528 -004.24182601   3 
113  40.89179524 -004.24177233 
120 Default hold RWY 16 (near)
111  40.89185919 -004.24206523   4 
115  40.89178807 -004.24201416 
120 Default hold RWY 16 (centre)
111  40.88795882 -004.23926441   4 
115  40.88788770 -004.23921334 
120 Default hold RWY 16 (far)
111  40.88405844 -004.23646358   4 
115  40.88398733 -004.23641252 
19   40.89223239 -004.24160450 1 WS
19   40.88384562 -004.23630950 1 WS
54 12340 AERO CLUB
54 12350 AERO CLUB
