1     1860 1 0 LEGR Granada
100   44.81   1   1 0.25 0 2 0 09   37.18861045 -003.79371670    0.00    0.00 3  1 0 1 27   37.18885155 -003.76100130    0.00    0.00 3  0 0 0
21   37.18904015 -003.78970867  2  89.46   0.00 09  PAPI-4L
21   37.18843563 -003.76325594  2 269.48   0.00 27  PAPI-4L
10   37.18842900 -003.77723800 xxx 180.08   270 0.0 0.0   100 101101  1 0 0 0.25 0
10   37.18767100 -003.77722900 xxx 179.15   382 0.0 0.0   100 101101  1 0 0 0.25 0
10   37.18825900 -003.79341100 xxx 176.28   305 0.0 0.0   100 161161  1 0 0 0.25 0
10   37.18847400 -003.76138100 xxx 186.19   327 0.0 0.0   100 161161  1 0 0 0.25 0
10   37.18741500 -003.78470600 xxx  30.90   224 0.0 0.0   100 161161  1 0 0 0.25 0
10   37.18750300 -003.76946400 xxx 331.98   241 0.0 0.0   100 161161  1 0 0 0.25 0
10   37.18809700 -003.76193800 xxx 118.45   173 0.0 0.0   100 161161  1 0 0 0.25 0
10   37.18792000 -003.79280800 xxx  53.14   182 0.0 0.0   100 161161  1 0 0 0.25 0
10   37.18786000 -003.79318700 xxx 287.42   169 0.0 0.0   100 161161  1 0 0 0.25 0
10   37.18805700 -003.76159200 xxx  72.68   146 0.0 0.0   100 161161  1 0 0 0.25 0
10   37.18827500 -003.78382700 xxx  41.07   436 0.0 0.0   100 161161  1 0 0 0.25 0
10   37.18837700 -003.77016100 xxx 326.26   394 0.0 0.0   100 161161  1 0 0 0.25 0
10   37.18774800 -003.78440800 xxx  41.97   175 0.0 0.0   100 161161  1 0 0 0.25 0
10   37.18721300 -003.77769500 xxx  89.77   325 0.0 0.0   100 101101  4 0 0 0.25 0
10   37.18721600 -003.77710500 xxx 269.38   117 0.0 0.0   100 161161  1 0 0 0.25 0
10   37.18722400 -003.77644600 xxx 269.01   365 0.0 0.0   100 161161  1 0 0 0.25 0
10   37.18723100 -003.77536400 xxx 270.13   364 0.0 0.0   100 161161  1 0 0 0.25 0
10   37.18725100 -003.77206700 xxx  89.46  1653 0.0 0.0   100 161161  1 0 0 0.25 0
10   37.18720800 -003.77873500 xxx  89.56   379 0.0 0.0   100 101101  4 0 0 0.25 0
10   37.18720800 -003.78208100 xxx 270.07  1666 0.0 0.0   100 101101  4 0 0 0.25 0
10   37.18786000 -003.76972500 xxx 145.73   159 0.0 0.0   100 161161  1 0 0 0.25 0
10   37.18832800 -003.79239300 xxx  31.87   306 0.0 0.0   100 161161  1 0 0 0.25 0
10   37.18851000 -003.76239100 xxx 327.35   337 0.0 0.0   100 161161  1 0 0 0.25 0
14   37.18465500 -003.77640500    0 0 Granada Tower
15   37.18601100 -003.77455500 268.88 East GA Ramp
15   37.18560300 -003.77456400 269.81 GA Ramp 13
15   37.18555800 -003.77270600   0.60 GA Ramp 14
15   37.18619200 -003.77456100 269.04 Gate 10
15   37.18640800 -003.77456900 269.04 Gate 11
15   37.18661800 -003.77455300 269.04 Gate 12
15   37.18681600 -003.77455700 268.84 Gate 13
15   37.18571100 -003.77539200 269.81 Gate 13
15   37.18570700 -003.77645600 270.48 Gate 2
15   37.18668600 -003.77646400 269.09 Gate 4
15   37.18620700 -003.77537900 269.99 Gate 5
15   37.18568800 -003.77755200 270.01 Gate 6
15   37.18668500 -003.77754200 268.67 Gate 7
15   37.18665100 -003.77891400 117.23 Gate 8
18   37.18954100 -003.77736600 1 Rotating Beacon
19   37.18921500 -003.79218800 1 Windsock
19   37.18944500 -003.76262100 1 Windsock
53 12170 GRANADA GND
54 11885 GRANADA TWR
55 11885 GRANADA APP
