1       52 1 0 LEMG Malaga
100   45.11   1   1 0.00 1 2 0 13   36.68452800 -004.51258330    0.00   74.98 3 10 0 0 31   36.66541700 -004.48583330    0.00   74.98 3 10 0 0
100   45.11   1   1 0.00 1 2 0 12   36.69131711 -004.50843042   63.09  145.09 3 10 1 0 30   36.67777761 -004.47623937  431.90   42.06 3  0 0 0
21   36.68192860 -004.50979508  2 131.56   3.20 13  PAPI-4L
21   36.68263367 -004.50903263  2 131.56   3.20 13  PAPI-4L
21   36.66800326 -004.48858198  2 311.56   3.00 31  PAPI-4L
21   36.66732875 -004.48938714  2 311.56   3.00 31  PAPI-4L
110   3 0.00 131.70 Isleta Verde
111  36.66753774 -004.48553214 
111  36.66710854 -004.48494205 
112  36.66710854 -004.48494205  36.66703364 -004.48483979 
111  36.66691362 -004.48475286 
112  36.66734803 -004.48481279  36.66758163 -004.48519515 
111  36.66734803 -004.48481279 
112  36.66734803 -004.48481279  36.66741401 -004.48491282 
111  36.66752999 -004.48512057 
114  36.66752999 -004.48512057  36.66761422 -004.48533677 
110   1 0.00 131.70 Taxiway Principal
111  36.67016860 -004.48752495 
111  36.66978414 -004.48793531 
111  36.67155728 -004.49040846 
111  36.67151414 -004.49046256 
111  36.67160016 -004.49058435 
111  36.67149982 -004.49069743 
111  36.67154732 -004.49076222 
111  36.67164937 -004.49065694 
111  36.67173832 -004.49077940 
111  36.67178706 -004.49072683 
111  36.67277414 -004.49211702 
111  36.67272449 -004.49217427 
111  36.67281170 -004.49230385 
111  36.67261262 -004.49253460 
111  36.67252079 -004.49240698 
111  36.67248117 -004.49245144 
111  36.67293117 -004.49308394 
111  36.67297860 -004.49303424 
111  36.67288591 -004.49289763 
111  36.67298049 -004.49278653 
111  36.67294391 -004.49272893 
112  36.67317008 -004.49270931  36.67330223 -004.49282223 
111  36.67317008 -004.49270931 
111  36.67332913 -004.49292885 
112  36.67332913 -004.49292885  36.67343847 -004.49317118 
112  36.67305557 -004.49325433  36.67292723 -004.49314184 
111  36.67305557 -004.49325433 
111  36.67340441 -004.49372146 
112  36.67340441 -004.49372146  36.67333366 -004.49358132 
112  36.67374510 -004.49350804  36.67391911 -004.49374781 
111  36.67374510 -004.49350804 
111  36.67439350 -004.49440903 
112  36.67439350 -004.49440903  36.67451427 -004.49465966 
112  36.67413461 -004.49474949  36.67402359 -004.49464613 
111  36.67413461 -004.49474949 
111  36.67447809 -004.49522386 
112  36.67447809 -004.49522386  36.67444873 -004.49490447 
112  36.67475984 -004.49493927  36.67482775 -004.49502308 
111  36.67475984 -004.49493927 
111  36.67467049 -004.49480998 
111  36.67795572 -004.49130779 
111  36.67910345 -004.49298300 
111  36.67882714 -004.49329672 
111  36.68054939 -004.49570923 
111  36.67897579 -004.49739153 
111  36.67912765 -004.49762085 
111  36.67773978 -004.49909444 
112  36.67773978 -004.49909444  36.67775674 -004.49916799 
111  36.67774487 -004.49921192 
111  36.67795172 -004.49950713 
112  36.67817325 -004.49958119  36.67826911 -004.49971313 
111  36.67817325 -004.49958119 
111  36.67851844 -004.50006141 
111  36.67867550 -004.49988514 
111  36.68193878 -004.50444646 
111  36.68326897 -004.50301152 
111  36.68332821 -004.50309022 
111  36.68275021 -004.50372217 
111  36.68174285 -004.50483735 
111  36.68144909 -004.50443775 
111  36.68125531 -004.50429665 
111  36.68113762 -004.50442052 
111  36.68246222 -004.50626449 
111  36.68342531 -004.50762106 
111  36.68413575 -004.50859391 
111  36.68409169 -004.50864336 
111  36.68480116 -004.50963551 
112  36.68480116 -004.50963551  36.68514868 -004.51009576 
112  36.68571574 -004.51038634  36.68609953 -004.51091706 
111  36.68571574 -004.51038634 
111  36.68627167 -004.51117085 
112  36.68627167 -004.51117085  36.68659492 -004.51164480 
111  36.68625889 -004.51216992 
111  36.68569515 -004.51279558 
112  36.68569515 -004.51279558  36.68567243 -004.51282429 
112  36.68514287 -004.51291333  36.68487864 -004.51276456 
111  36.68514287 -004.51291333 
111  36.68454965 -004.51256344 
111  36.68467064 -004.51242898 
111  36.68374980 -004.51112775 
111  36.68447437 -004.51097958 
112  36.68447437 -004.51097958  36.68488434 -004.51087994 
112  36.68469487 -004.51034065  36.68456918 -004.51015305 
111  36.68469487 -004.51034065 
111  36.68438406 -004.50993138 
111  36.68438554 -004.50985468 
111  36.68379872 -004.50904571 
112  36.68334608 -004.50897080  36.68311446 -004.50876810 
111  36.68334608 -004.50897080 
112  36.68334608 -004.50897080  36.68309023 -004.50867344 
112  36.68309395 -004.50817684  36.68297049 -004.50799267 
111  36.68309395 -004.50817684 
111  36.68130742 -004.50568390 
111  36.67960319 -004.50496558 
112  36.67960319 -004.50496558  36.67937255 -004.50487785 
111  36.67945138 -004.50511612 
111  36.67846001 -004.50372389 
111  36.67866324 -004.50388002 
111  36.67870984 -004.50383133 
112  36.67913633 -004.50419102  36.67925999 -004.50426008 
111  36.67913633 -004.50419102 
111  36.67962307 -004.50441855 
111  36.67971489 -004.50441547 
111  36.68020172 -004.50459242 
112  36.68020172 -004.50459242  36.68038930 -004.50464891 
111  36.68037554 -004.50439029 
111  36.67974515 -004.50349357 
112  36.67904182 -004.50290030  36.67876026 -004.50279638 
111  36.67769205 -004.50236444 
112  36.67811439 -004.50311294  36.67850548 -004.50364172 
111  36.67811439 -004.50311294 
111  36.67805707 -004.50317032 
111  36.67619701 -004.50057012 
111  36.67626961 -004.50049818 
112  36.67626961 -004.50049818  36.67678069 -004.50121027 
111  36.67706962 -004.50136117 
112  36.67666924 -004.49917570  36.67649781 -004.49885329 
111  36.67666924 -004.49917570 
111  36.67522616 -004.49715032 
112  36.67522616 -004.49715032  36.67501973 -004.49689989 
111  36.67392129 -004.49654006 
111  36.67370093 -004.49679660 
112  36.67370093 -004.49679660  36.67370093 -004.49692588 
111  36.67395607 -004.49719037 
111  36.67386916 -004.49729153 
111  36.67237671 -004.49521774 
111  36.67242202 -004.49515414 
112  36.67275401 -004.49544259  36.67280123 -004.49538568 
111  36.67275401 -004.49544259 
112  36.67239167 -004.49346167  36.67231133 -004.49314690 
111  36.67192862 -004.49256419 
111  36.67149154 -004.49195840 
112  36.67128896 -004.49213396  36.67129393 -004.49243972 
111  36.67128896 -004.49213396 
111  36.67134867 -004.49252125 
112  36.67134867 -004.49252125  36.67138234 -004.49272091 
111  36.67136031 -004.49284190 
112  36.67172090 -004.49405450  36.67199052 -004.49443810 
111  36.67172090 -004.49405450 
111  36.67163233 -004.49418160 
111  36.67079297 -004.49300759 
112  36.67094691 -004.49292304  36.67088919 -004.49263087 
111  36.67094691 -004.49292304 
111  36.67054347 -004.49061136 
111  36.66786089 -004.48685985 
111  36.66790002 -004.48681740 
111  36.66718623 -004.48581641 
111  36.66669508 -004.48525959 
112  36.66669508 -004.48525959  36.66662728 -004.48522511 
112  36.66645671 -004.48529586  36.66637159 -004.48536808 
111  36.66645671 -004.48529586 
111  36.66607768 -004.48566557 
112  36.66592475 -004.48590389  36.66594371 -004.48601172 
111  36.66592475 -004.48590389 
111  36.66607123 -004.48640644 
111  36.66555184 -004.48565515 
111  36.66535415 -004.48587573 
111  36.66501082 -004.48497035 
112  36.66501082 -004.48497035  36.66491722 -004.48467170 
112  36.66519309 -004.48386980  36.66562143 -004.48340700 
111  36.66519309 -004.48386980 
111  36.66580970 -004.48322230 
112  36.66580970 -004.48322230  36.66590375 -004.48313864 
111  36.66603021 -004.48310270 
112  36.66603021 -004.48310270  36.66621938 -004.48304200 
111  36.66644687 -004.48305365 
112  36.66644687 -004.48305365  36.66658638 -004.48306291 
112  36.66677787 -004.48323867  36.66682632 -004.48329884 
111  36.66677787 -004.48323867 
111  36.66790763 -004.48477758 
112  36.66790763 -004.48477758  36.66801221 -004.48494144 
112  36.66804770 -004.48575727  36.66805611 -004.48626223 
111  36.66804770 -004.48575727 
111  36.66832958 -004.48545659 
112  36.66832958 -004.48545659  36.66838600 -004.48538819 
112  36.66840205 -004.48524362  36.66839859 -004.48514433 
111  36.66840205 -004.48524362 
111  36.66898181 -004.48523832 
112  36.66906055 -004.48538338  36.66914614 -004.48539894 
111  36.66906055 -004.48538338 
111  36.66939786 -004.48543319 
111  36.67016199 -004.48653369 
113  36.66976534 -004.48695373 
112  36.68591116 -004.51149250  36.68584122 -004.51134908 
111  36.68591116 -004.51149250 
112  36.68583228 -004.51161186  36.68578431 -004.51167168 
111  36.68583228 -004.51161186 
111  36.68531204 -004.51217991 
112  36.68531204 -004.51217991  36.68521624 -004.51227784 
111  36.68517596 -004.51230762 
112  36.68517596 -004.51230762  36.68532726 -004.51240356 
111  36.68544210 -004.51232943 
112  36.68544210 -004.51232943  36.68557903 -004.51224552 
111  36.68583939 -004.51186899 
114  36.68583939 -004.51186899  36.68589625 -004.51177671 
111  36.68496848 -004.51180248 
112  36.68517924 -004.51162593  36.68529561 -004.51148487 
111  36.68517924 -004.51162593 
112  36.68545135 -004.51126483  36.68550575 -004.51117046 
111  36.68545135 -004.51126483 
112  36.68542881 -004.51078484  36.68523500 -004.51054628 
111  36.68542881 -004.51078484 
111  36.68525349 -004.51062171 
114  36.68525349 -004.51062171  36.68525141 -004.51086052 
112  36.68454481 -004.51153398  36.68454850 -004.51139975 
111  36.68454481 -004.51153398 
111  36.68425772 -004.51159884 
114  36.68425772 -004.51159884  36.68434150 -004.51183051 
111  36.66578897 -004.48521663 
111  36.66666838 -004.48427293 
111  36.66683999 -004.48412680 
112  36.66653198 -004.48414633  36.66633935 -004.48429877 
111  36.66653198 -004.48414633 
111  36.66624230 -004.48441982 
111  36.66583986 -004.48487597 
114  36.66583986 -004.48487597  36.66576095 -004.48495709 
111  36.66540586 -004.48467076 
112  36.66540586 -004.48467076  36.66548526 -004.48453830 
111  36.66635145 -004.48363765 
112  36.66635145 -004.48363765  36.66628565 -004.48361515 
111  36.66613573 -004.48366283 
112  36.66613573 -004.48366283  36.66607411 -004.48367732 
111  36.66577697 -004.48395302 
111  36.66548982 -004.48425819 
114  36.66548982 -004.48425819  36.66534786 -004.48444114 
111  36.67361862 -004.49663619 
112  36.67376951 -004.49646437  36.67376214 -004.49642211 
113  36.67348318 -004.49634732 
111  36.67328447 -004.49579333 
111  36.67386133 -004.49603104 
112  36.67386133 -004.49603104  36.67431517 -004.49618710 
111  36.67420926 -004.49572581 
111  36.67344154 -004.49465260 
112  36.67344154 -004.49465260  36.67340944 -004.49460813 
112  36.67310915 -004.49504110  36.67322023 -004.49565573 
113  36.67310915 -004.49504110 
112  36.67836890 -004.50156848  36.67830796 -004.50148538 
111  36.67836890 -004.50156848 
111  36.67724750 -004.49998981 
112  36.67723128 -004.50007379  36.67725138 -004.50018318 
111  36.67723128 -004.50007379 
111  36.67749369 -004.50167444 
111  36.67810146 -004.50199837 
114  36.67810146 -004.50199837  36.67862624 -004.50214127 
111  36.66992830 -004.48872141 
112  36.66992830 -004.48872141  36.67005347 -004.48889053 
112  36.67012317 -004.48854454  36.67003425 -004.48841829 
111  36.67012317 -004.48854454 
111  36.66968667 -004.48793032 
111  36.66991330 -004.48766966 
112  36.66991330 -004.48766966  36.67001008 -004.48756117 
111  36.66989646 -004.48744051 
111  36.66963910 -004.48709978 
113  36.66913972 -004.48762653 
111  36.67056243 -004.48919532 
112  36.67056243 -004.48919532  36.67045240 -004.48905115 
112  36.67038834 -004.48936992  36.67050959 -004.48954489 
111  36.67038834 -004.48936992 
111  36.67106511 -004.49031277 
112  36.67106511 -004.49031277  36.67120220 -004.49048676 
112  36.67121475 -004.49011316  36.67112089 -004.48998844 
113  36.67121475 -004.49011316 
111  36.67170412 -004.49083274 
112  36.67170412 -004.49083274  36.67160201 -004.49069947 
112  36.67155401 -004.49102508  36.67164083 -004.49116810 
111  36.67155401 -004.49102508 
111  36.67247251 -004.49230600 
112  36.67247251 -004.49230600  36.67262265 -004.49251634 
112  36.67267311 -004.49216890  36.67258791 -004.49203639 
113  36.67267311 -004.49216890 
112  36.67321910 -004.49299648  36.67313439 -004.49287649 
111  36.67321910 -004.49299648 
111  36.67312925 -004.49286329 
112  36.67312925 -004.49286329  36.67305320 -004.49276463 
112  36.67299695 -004.49302274  36.67307444 -004.49313226 
111  36.67299695 -004.49302274 
111  36.67309556 -004.49315442 
114  36.67309556 -004.49315442  36.67317294 -004.49325973 
111  36.67364379 -004.49358179 
112  36.67364379 -004.49358179  36.67355805 -004.49346153 
112  36.67348501 -004.49370086  36.67353863 -004.49377715 
111  36.67348501 -004.49370086 
111  36.67412594 -004.49460130 
112  36.67412594 -004.49460130  36.67421550 -004.49472755 
112  36.67427778 -004.49446491  36.67420246 -004.49435411 
113  36.67427778 -004.49446491 
112  36.67762509 -004.49903527  36.67752721 -004.49891620 
111  36.67762509 -004.49903527 
111  36.67747922 -004.49884037 
112  36.67747922 -004.49884037  36.67739571 -004.49872994 
112  36.67729256 -004.49901153  36.67735330 -004.49910198 
111  36.67729256 -004.49901153 
111  36.67746246 -004.49925407 
114  36.67746246 -004.49925407  36.67755484 -004.49936204 
111  36.67601742 -004.49678177 
112  36.67601742 -004.49678177  36.67596231 -004.49670160 
112  36.67582984 -004.49698475  36.67590639 -004.49708656 
111  36.67582984 -004.49698475 
111  36.67688046 -004.49844805 
112  36.67688046 -004.49844805  36.67693480 -004.49851426 
112  36.67705237 -004.49826542  36.67697456 -004.49816225 
113  36.67705237 -004.49826542 
111  36.67874871 -004.50108674 
111  36.67886265 -004.50095730 
111  36.67875722 -004.50066343 
111  36.67804883 -004.49966790 
112  36.67804883 -004.49966790  36.67798136 -004.49959000 
112  36.67786596 -004.49983914  36.67790715 -004.49998296 
113  36.67786596 -004.49983914 
111  36.68072430 -004.50384819 
111  36.68084038 -004.50372713 
111  36.68072172 -004.50339770 
111  36.67950650 -004.50168738 
111  36.67926924 -004.50151439 
113  36.67915447 -004.50163476 
112  36.67558227 -004.49619094  36.67551807 -004.49608867 
111  36.67558227 -004.49619094 
111  36.67541976 -004.49596439 
112  36.67541976 -004.49596439  36.67534985 -004.49587274 
112  36.67524158 -004.49615234  36.67528616 -004.49622571 
111  36.67524158 -004.49615234 
111  36.67539889 -004.49638142 
114  36.67539889 -004.49638142  36.67546594 -004.49646944 
112  36.67495989 -004.49541362  36.67489272 -004.49531643 
111  36.67495989 -004.49541362 
111  36.67474126 -004.49510586 
112  36.67474126 -004.49510586  36.67464985 -004.49496967 
112  36.67460156 -004.49525950  36.67468468 -004.49537621 
111  36.67460156 -004.49525950 
111  36.67481562 -004.49556136 
114  36.67481562 -004.49556136  36.67487568 -004.49563484 
111  36.67889423 -004.49621395 
111  36.67962270 -004.49542204 
111  36.67849577 -004.49383265 
111  36.67806162 -004.49431637 
111  36.67874094 -004.49530242 
113  36.67867628 -004.49592879 
111  36.67631198 -004.49382218 
111  36.67578203 -004.49439133 
111  36.67786963 -004.49730517 
113  36.67838691 -004.49671779 
110   2 0.00 131.00 New Taxiway 11
111  36.67867628 -004.49592879 
111  36.67874094 -004.49530242 
111  36.67806162 -004.49431637 
111  36.67849577 -004.49383265 
111  36.67962270 -004.49542204 
113  36.67889423 -004.49621395 
110   2 0.00 131.00 New Taxiway 12
111  36.67786963 -004.49730517 
111  36.67578203 -004.49439133 
111  36.67631198 -004.49382218 
113  36.67838691 -004.49671779 
110   2 0.00  41.70 Plataforma 1
111  36.68193878 -004.50444646 
111  36.67867550 -004.49988514 
111  36.67986004 -004.49861733 
111  36.68003788 -004.49885798 
111  36.68017750 -004.49869110 
113  36.68326897 -004.50301152 
110   2 0.00  41.70 Plataforma 2
111  36.67986004 -004.49861733 
111  36.67867550 -004.49988514 
111  36.67851844 -004.50006141 
111  36.67817325 -004.49958119 
112  36.67817325 -004.49958119  36.67807740 -004.49944924 
111  36.67795172 -004.49950713 
111  36.67774487 -004.49921192 
112  36.67773978 -004.49909444  36.67772283 -004.49902088 
111  36.67773978 -004.49909444 
113  36.67912765 -004.49762085 
110   1 0.00 118.00 Plataforma
111  36.69116726 -004.50859052 
111  36.69017014 -004.50924815 
112  36.68939194 -004.50896207  36.68911345 -004.50837689 
111  36.68939194 -004.50896207 
111  36.68747766 -004.50438998 
111  36.68713036 -004.50372488 
112  36.68685417 -004.50363303  36.68671773 -004.50377007 
111  36.68685417 -004.50363303 
111  36.68392183 -004.50680821 
111  36.68342708 -004.50747258 
112  36.68342708 -004.50747258  36.68340353 -004.50750846 
112  36.68342531 -004.50762106  36.68345999 -004.50767193 
111  36.68342531 -004.50762106 
111  36.68246222 -004.50626449 
111  36.68298677 -004.50683655 
112  36.68298677 -004.50683655  36.68307798 -004.50696266 
112  36.68309900 -004.50673811  36.68301316 -004.50662285 
111  36.68309900 -004.50673811 
111  36.68174285 -004.50483735 
111  36.68275021 -004.50372217 
112  36.68224243 -004.50445396  36.68224587 -004.50452610 
111  36.68252096 -004.50496390 
112  36.68252096 -004.50496390  36.68271712 -004.50531223 
112  36.68352127 -004.50627861  36.68397957 -004.50675412 
111  36.68352127 -004.50627861 
112  36.68352127 -004.50627861  36.68358915 -004.50634698 
112  36.68372581 -004.50625466  36.68382834 -004.50617208 
111  36.68372581 -004.50625466 
111  36.68423875 -004.50579713 
111  36.68447135 -004.50554935 
111  36.68658942 -004.50315673 
112  36.68658942 -004.50315673  36.68674989 -004.50297284 
112  36.68670122 -004.50266312  36.68666554 -004.50255506 
111  36.68670122 -004.50266312 
111  36.68640685 -004.50183301 
111  36.68333774 -004.49455449 
112  36.68333774 -004.49455449  36.68327278 -004.49441676 
112  36.68282550 -004.49376702  36.68272093 -004.49387527 
111  36.68282550 -004.49376702 
111  36.67912765 -004.49762085 
111  36.67897579 -004.49739153 
111  36.68054939 -004.49570923 
111  36.67882714 -004.49329672 
111  36.67910345 -004.49298300 
111  36.67943133 -004.49262656 
111  36.67678560 -004.48602480 
111  36.67770812 -004.48537332 
111  36.67582615 -004.48066290 
112  36.67582615 -004.48066290  36.67573751 -004.48043536 
112  36.67578225 -004.47987571  36.67593868 -004.47956365 
111  36.67578225 -004.47987571 
111  36.67737091 -004.47713532 
112  36.67737091 -004.47713532  36.67743869 -004.47701830 
111  36.67764449 -004.47687675 
113  36.67760000 -004.47634512 
112  36.67896024 -004.48453674  36.67900459 -004.48435661 
112  36.67772135 -004.48165258  36.67757231 -004.48164174 
112  36.67699120 -004.48215716  36.67694594 -004.48228257 
114  36.67820922 -004.48504594  36.67833495 -004.48507729 
111  36.68126713 -004.48550538 
111  36.67986570 -004.48218644 
112  36.67986570 -004.48218644  36.67919316 -004.48135275 
112  36.67841045 -004.48140809  36.67837650 -004.48147490 
111  36.67841045 -004.48140809 
112  36.67841045 -004.48140809  36.67836356 -004.48150407 
114  36.67935576 -004.48383295  36.67986513 -004.48452103 
112  36.67897456 -004.48008903  36.67900247 -004.47996142 
111  36.67897456 -004.48008903 
111  36.67850390 -004.47892593 
112  36.67850390 -004.47892593  36.67817128 -004.47892593 
112  36.67754197 -004.47951148  36.67737310 -004.47972204 
111  36.67754197 -004.47951148 
111  36.67779636 -004.48033822 
111  36.67798521 -004.48074077 
114  36.67798521 -004.48074077  36.67809220 -004.48076397 
111  36.67822889 -004.47826900 
111  36.67792905 -004.47753621 
112  36.67792905 -004.47753621  36.67790538 -004.47747963 
112  36.67780328 -004.47747774  36.67775864 -004.47753777 
111  36.67780328 -004.47747774 
111  36.67737639 -004.47804511 
111  36.67715366 -004.47858258 
112  36.67726077 -004.47895908  36.67739647 -004.47928323 
111  36.67726077 -004.47895908 
111  36.67821509 -004.47832878 
114  36.67821509 -004.47832878  36.67824640 -004.47830517 
112  36.68282439 -004.48920147  36.68427367 -004.49035157 
111  36.68282439 -004.48920147 
111  36.68200053 -004.48727186 
112  36.68200053 -004.48727186  36.68135683 -004.48613088 
111  36.68050931 -004.48558384 
112  36.68050931 -004.48558384  36.67985608 -004.48518748 
112  36.68028971 -004.48623482  36.68047995 -004.48698501 
111  36.68028971 -004.48623482 
114  36.68028971 -004.48623482  36.68099036 -004.48804234 
112  36.68467814 -004.49356020  36.68545861 -004.49409174 
111  36.68467814 -004.49356020 
111  36.68366697 -004.49119083 
112  36.68366697 -004.49119083  36.68325830 -004.49025794 
111  36.68202310 -004.48924372 
112  36.68202310 -004.48924372  36.68150346 -004.48899262 
112  36.68190957 -004.49004940  36.68224345 -004.49111701 
111  36.68190957 -004.49004940 
112  36.68190957 -004.49004940  36.68206203 -004.49043034 
112  36.68284411 -004.49204362  36.68314918 -004.49240948 
111  36.68284411 -004.49204362 
114  36.68284411 -004.49204362  36.68308831 -004.49234177 
111  36.68547026 -004.49547664 
112  36.68547026 -004.49547664  36.68511155 -004.49457276 
111  36.68386567 -004.49359825 
112  36.68386567 -004.49359825  36.68361810 -004.49345915 
112  36.68350988 -004.49365595  36.68359115 -004.49392619 
111  36.68350988 -004.49365595 
112  36.68380844 -004.49454994  36.68399279 -004.49507146 
111  36.68380844 -004.49454994 
111  36.68860179 -004.50594415 
112  36.68860179 -004.50594415  36.68872370 -004.50615738 
111  36.68900572 -004.50665890 
112  36.68900572 -004.50665890  36.68904909 -004.50672257 
112  36.68916782 -004.50658551  36.68925541 -004.50639759 
111  36.68916782 -004.50658551 
111  36.68936767 -004.50604483 
112  36.68935064 -004.50467324  36.68911702 -004.50413294 
113  36.68935064 -004.50467324 
111  36.68987580 -004.50590330 
112  36.68987580 -004.50590330  36.68942711 -004.50756097 
112  36.68985991 -004.50868659  36.69043794 -004.50948903 
111  36.68985991 -004.50868659 
112  36.68985991 -004.50868659  36.68989661 -004.50873001 
112  36.69079575 -004.50807400  36.69118349 -004.50755309 
113  36.69079575 -004.50807400 
111  36.68082615 -004.48917287 
111  36.68036065 -004.48945348 
111  36.68201206 -004.49333769 
113  36.68249751 -004.49302618 
111  36.67996272 -004.48854354 
111  36.68041762 -004.48823695 
111  36.67929881 -004.48556959 
113  36.67883161 -004.48586086 
111  36.67772808 -004.48543463 
111  36.67685758 -004.48604455 
111  36.68042992 -004.49482182 
113  36.68137449 -004.49420365 
110   2 0.00 118.00 cemento0
111  36.68137449 -004.49420365 
111  36.68042992 -004.49482182 
111  36.67682601 -004.48603726 
113  36.67772808 -004.48543463 
110   2 0.00 118.00 cemento1
111  36.68201206 -004.49333769 
111  36.68036065 -004.48945348 
111  36.68082615 -004.48917287 
113  36.68249751 -004.49302618 
110   2 0.00 118.00 cemento2
111  36.67996272 -004.48854354 
111  36.67883161 -004.48586086 
111  36.67929881 -004.48556959 
113  36.68041762 -004.48823695 
110   2 0.00  41.70 Plataforma Principal
111  36.66978414 -004.48793531 
111  36.67016860 -004.48752495 
111  36.67127192 -004.48632007 
111  36.67159425 -004.48677097 
111  36.67218456 -004.48613164 
111  36.67445411 -004.48936918 
111  36.67551337 -004.48821441 
111  36.67672864 -004.48995943 
111  36.67690255 -004.48977600 
111  36.67795572 -004.49130779 
111  36.67467049 -004.49480998 
111  36.67475984 -004.49493927 
112  36.67475984 -004.49493927  36.67469192 -004.49485547 
112  36.67447809 -004.49522386  36.67450744 -004.49554325 
111  36.67447809 -004.49522386 
111  36.67413461 -004.49474949 
112  36.67413461 -004.49474949  36.67424563 -004.49485285 
112  36.67439350 -004.49440903  36.67427272 -004.49415841 
111  36.67439350 -004.49440903 
111  36.67374510 -004.49350804 
112  36.67374510 -004.49350804  36.67357110 -004.49326827 
112  36.67340441 -004.49372146  36.67347515 -004.49386159 
111  36.67340441 -004.49372146 
111  36.67305557 -004.49325433 
112  36.67305557 -004.49325433  36.67318392 -004.49336682 
112  36.67332913 -004.49292885  36.67321980 -004.49268652 
111  36.67332913 -004.49292885 
111  36.67317008 -004.49270931 
112  36.67317008 -004.49270931  36.67303793 -004.49259638 
111  36.67294391 -004.49272893 
111  36.67298049 -004.49278653 
111  36.67288591 -004.49289763 
111  36.67297860 -004.49303424 
111  36.67293117 -004.49308394 
111  36.67248117 -004.49245144 
111  36.67252079 -004.49240698 
111  36.67261262 -004.49253460 
111  36.67281170 -004.49230385 
111  36.67272449 -004.49217427 
111  36.67277414 -004.49211702 
111  36.67178706 -004.49072683 
111  36.67173832 -004.49077940 
111  36.67164937 -004.49065694 
111  36.67154732 -004.49076222 
111  36.67149982 -004.49069743 
111  36.67160016 -004.49058435 
111  36.67151414 -004.49046256 
113  36.67155728 -004.49040846 
110   1 0.00   0.00 Plataforma GA
111  36.66929099 -004.48384210 
112  36.66929099 -004.48384210  36.66927803 -004.48405430 
112  36.66901537 -004.48428190  36.66901375 -004.48444156 
111  36.66901537 -004.48428190 
111  36.66898181 -004.48523832 
111  36.66840205 -004.48524362 
112  36.66832122 -004.48504755  36.66824205 -004.48494064 
111  36.66832122 -004.48504755 
111  36.66763448 -004.48407898 
111  36.66764728 -004.48394958 
111  36.66649710 -004.48235327 
111  36.66650418 -004.48211378 
111  36.66707501 -004.48176481 
111  36.66828092 -004.48123400 
111  36.66815450 -004.48076804 
111  36.66870322 -004.48054198 
111  36.66881876 -004.48094534 
111  36.66898109 -004.48091230 
112  36.66898109 -004.48091230  36.66907365 -004.48087518 
112  36.66922116 -004.48115383  36.66928370 -004.48140070 
111  36.66922116 -004.48115383 
113  36.66943222 -004.48198418 
110   2 0.00  41.70 Plataforma Militar
111  36.66856125 -004.49383237 
112  36.66856125 -004.49383237  36.66863856 -004.49393464 
111  36.66875661 -004.49399919 
111  36.67192000 -004.49530995 
111  36.67248852 -004.49610508 
112  36.67168580 -004.49548716  36.67142562 -004.49538629 
111  36.67168580 -004.49548716 
111  36.66862321 -004.49422544 
112  36.66862321 -004.49422544  36.66846657 -004.49416470 
111  36.66831341 -004.49434643 
111  36.66783165 -004.49486291 
111  36.66517549 -004.49113668 
111  36.66499789 -004.49132053 
111  36.66296773 -004.48852134 
111  36.66380258 -004.48757695 
111  36.66377313 -004.48703659 
111  36.66466393 -004.48606348 
111  36.66511669 -004.48616775 
111  36.66526624 -004.48600056 
111  36.66577350 -004.48670871 
112  36.66509064 -004.48657715  36.66498530 -004.48668905 
111  36.66509064 -004.48657715 
111  36.66432834 -004.48740664 
112  36.66437267 -004.48798596  36.66453351 -004.48822189 
113  36.66437267 -004.48798596 
111  36.66516466 -004.49034666 
111  36.66538206 -004.49011994 
112  36.66538206 -004.49011994  36.66547726 -004.49001191 
111  36.66541553 -004.48983306 
111  36.66525865 -004.48960143 
112  36.66499765 -004.48952003  36.66488426 -004.48964378 
111  36.66499765 -004.48952003 
111  36.66484876 -004.48968133 
111  36.66492286 -004.48978879 
113  36.66483517 -004.48988374 
112  36.66470727 -004.48881583  36.66458537 -004.48864027 
111  36.66470727 -004.48881583 
111  36.66385626 -004.48764540 
112  36.66374969 -004.48806073  36.66391218 -004.48828480 
111  36.66374969 -004.48806073 
111  36.66428400 -004.48879029 
111  36.66427754 -004.48890514 
111  36.66456014 -004.48931164 
114  36.66456014 -004.48931164  36.66469528 -004.48918711 
130 Airport Boundary
111  36.69140855 -004.52173227 
111  36.68100668 -004.51606647 
111  36.66246580 -004.49181591 
111  36.66192207 -004.48442107 
111  36.65784061 -004.47793857 
111  36.66160400 -004.47425600 
111  36.67601884 -004.46768436 
111  36.67907254 -004.47360731 
111  36.68331723 -004.47910948 
113  36.69833488 -004.51724936 
14   36.67805600 -004.49344821  213 0 LEMG TWR
15   36.66913870 -004.48703141  45.00 GA_Ramp_1
15   36.66796100 -004.48293543 350.38 GA_Ramp_15
15   36.66704110 -004.48240794 357.13 GA_Ramp_20
15   36.66847984 -004.48139901 288.95 GA_Ramp_30
15   36.67297404 -004.48992391 336.50 Gate_16
15   36.67271633 -004.49032843   8.20 Gate_18
15   36.67379100 -004.49087704 110.00 Gate_23
15   36.67341265 -004.49116481 105.00 Gate_25
15   36.67464508 -004.49222162 331.00 Gate_26
15   36.67306989 -004.49137450  70.00 Gate_27
15   36.67432039 -004.49259532   9.50 Gate_28
15   36.67542480 -004.49318447 116.00 Gate_33
15   36.67504416 -004.49354854 116.00 Gate_35
15   36.67462689 -004.49373253  89.50 Gate_37
15   36.67665718 -004.49470462  41.64 Gate_45
15   36.67765462 -004.49617205  45.11 Gate_52
15   36.67830395 -004.49433895 221.56 Gate_60
15   36.67912430 -004.49508332 221.00 Gate_64
15   36.68047093 -004.49966603 131.56 Gate_U_1
15   36.68245709 -004.50244723 131.56 Gate_W_1
15   36.66579741 -004.49162096 129.21 MIL_1
15   36.66490176 -004.49061881  46.56 MIL_helo
15   36.67072211 -004.48759580 250.00 Ramp_5
15   36.67162361 -004.48827938 175.00 Ramp_6
18   36.67881400 -004.50657300 1 BCN
18   36.66639500 -004.48918700 1 BCN
19   36.68299486 -004.50908925 1 WDI 13
19   36.66775750 -004.48773596 1 WDI 31
50 12037 ATIS
52 12185 CLR DEL
53 12170 GND
54 11815 TWR
55 11845 APP
55 12385 APP
55 12395 APP
