1     2329 1 0 LERE Requena
100   39.93   1   1 0.00 1 2 0 12   39.47599700 -001.03960900   49.99    0.00 3  0 0 0 30   39.47322700 -001.02976700   49.99    0.00 3  0 0 0
102 H1   39.47595200 -001.03616300   0.00   14.94   14.94   1 0   0 0.00 0
21   39.47604400 -001.03834800  2 110.00   3.00 12  PAPI-4L
21   39.47318000 -001.03102800  2 290.00   3.00 30  PAPI-4L
110   5 0.00 110.00 Taxiway
111  39.47464300 -001.03774500 
111  39.47540300 -001.03737500 
111  39.47541900 -001.03742900 
111  39.47466000 -001.03779900 
111  39.47461800 -001.03782000 
111  39.47456700 -001.03781400 
113  39.47460100 -001.03776600 
110   4 0.00 110.00 Apron
111  39.47547600 -001.03497600 
111  39.47628300 -001.03568500 
111  39.47636500 -001.03667900 
111  39.47637900 -001.03781400 
111  39.47662600 -001.03999500 
111  39.47609200 -001.04003800 
111  39.47591400 -001.04008400 
111  39.47551700 -001.04006600 
111  39.47533900 -001.03985400 
111  39.47498300 -001.03949900 
111  39.47443500 -001.03939200 
111  39.47431200 -001.03900200 
111  39.47423400 -001.03867400 
111  39.47534800 -001.03793100 
111  39.47508100 -001.03702800 
111  39.47386600 -001.03758200 
111  39.47240900 -001.03233400 
111  39.47238200 -001.03102100 
111  39.47225800 -001.03038200 
111  39.47206700 -001.02898100 
113  39.47381900 -001.02855600 
110   2 0.00 110.00 Apron
111  39.47534900 -001.03793100 
111  39.47423400 -001.03867900 
111  39.47386900 -001.03757200 
113  39.47508600 -001.03701600 
120 Centreline for Path
111  39.47495200 -001.03723000  51 
112  39.47503700 -001.03752400  39.47504800 -001.03756100  51 
112  39.47506900 -001.03763300  39.47508000 -001.03767000  51 
115  39.47514700 -001.03789900 
120 Centreline for Path
111  39.47472100 -001.03733600  51 
112  39.47480700 -001.03763600  39.47481800 -001.03767300  51 
112  39.47484000 -001.03774500  39.47485200 -001.03778100  51 
115  39.47493200 -001.03803100 
120 Centreline for Path
111  39.47447800 -001.03744300  51 
112  39.47457100 -001.03774900  39.47458200 -001.03778500  51 
112  39.47460500 -001.03785700  39.47461700 -001.03789300  51 
115  39.47471300 -001.03819200 
120 Centreline for Taxi
111  39.47539000 -001.03741200  51 
112  39.47463000 -001.03778200  39.47460200 -001.03779600  51 
116  39.47457100 -001.03774900  39.47456000 -001.03771300 
120 Centreline for Taxi join
112  39.47460500 -001.03785700  39.47459400 -001.03782100  51 
116  39.47463000 -001.03778200  39.47465800 -001.03776900 
120 GA Ramp 1
111  39.47515800 -001.03789400  51 
115  39.47513600 -001.03790400 
120 GA Ramp 2
111  39.47494200 -001.03802500  51 
115  39.47492200 -001.03803700 
120 GA Ramp 3
111  39.47472300 -001.03818600  51 
115  39.47470300 -001.03819800 
120 GA Ramp 4
111  39.47494100 -001.03723500  51 
115  39.47496300 -001.03722500 
120 GA Ramp 5
111  39.47471000 -001.03734100  51 
115  39.47473200 -001.03733100 
120 GA Ramp 6
111  39.47446800 -001.03744800  51 
115  39.47448800 -001.03743800 
120 Apron edge
111  39.47517200 -001.03889000 102 
111  39.47496700 -001.03896100 102 
111  39.47484400 -001.03846400 102 
111  39.47506200 -001.03841100 102 
115  39.47517200 -001.03887200 
14   39.47502600 -001.03869400    0 0 Requena Tower
15   39.47514700 -001.03789900  70.00 GA_Ramp_1
15   39.47493200 -001.03803100  70.00 GA_Ramp_2
15   39.47471300 -001.03819200  70.00 GA_Ramp_3
15   39.47495200 -001.03723000 295.00 GA_Ramp_4
15   39.47472100 -001.03733600 295.00 GA_Ramp_5
15   39.47447800 -001.03744300 295.00 GA_Ramp_6
19   39.47429300 -001.03459800 1 Windsock
50 12175 ATIS_VLC ATIS
54 12350 Torre_LERE TWR
55 12010 Aproximacion_VLC APP
