1     3097 0 1 LERM ROBLEDILLO DE MOHERNANDO
100   10.06   1   0 0.25 0 0 0 01   40.85781100 -003.24776700    0.00    0.00 2  0 0 0 19   40.86674400 -003.24625600    0.00    0.00 2  0 0 0
110   1 0.30   7.29 Default taxiway for RWY 01
111  40.85780554 -003.24771059   3 
111  40.85777654 -003.24741086   3 
111  40.86670955 -003.24590001   3 
111  40.86673855 -003.24619979 
112  40.86664876 -003.24621498  40.86669338 -003.24620444   3 
111  40.86668649 -003.24613320   3 
112  40.86667730 -003.24603822  40.86667041 -003.24596698   3 
111  40.86662551 -003.24597457   3 
111  40.86227124 -003.24671101   3 
111  40.86229449 -003.24695140 
111  40.86224960 -003.24695899   3 
111  40.86222635 -003.24671860   3 
112  40.85787208 -003.24745503  40.85782718 -003.24746263   3 
111  40.85783407 -003.24753386   3 
112  40.85784326 -003.24762883  40.85785015 -003.24770005   3 
113  40.85789533 -003.24769540 
120 Default hold RWY 01 (near)
111  40.85779377 -003.24758893   4 
115  40.85783866 -003.24758134 
120 Default hold RWY 01 (centre)
111  40.86223783 -003.24683732   4 
115  40.86228272 -003.24682973 
120 Default hold RWY 01 (far)
111  40.86668189 -003.24608571   4 
115  40.86672678 -003.24607811 
19   40.85773826 -003.24795846 1 WS
19   40.86681673 -003.24606452 1 WS
