1        0 1 0 LERS Reus
100   35.05   3   0 0.00 0 0 0 12   41.13964077  001.16684380    0.00    0.00 0  0 0 0 30   41.14269770  001.15624160    0.00    0.00 0  0 0 0
100   45.11   1   0 0.00 0 3 0 7    41.14408167  001.15578036  269.14    0.00 3  0 0 0 25   41.15203518  001.18315433    0.00    0.00 2  3 0 0
21   41.15129223  001.17887010  2 250.00   3.00 New PAPI-4L
21   41.15038224  001.17910894  2 250.00   3.00 New PAPI-4L
21   41.14650229  001.16241300  2  70.00   3.00 New PAPI-4L
21   41.14569813  001.16304015  2  70.00   3.00 New PAPI-4L
110   1 0.00 158.00 New Taxiway 7
111  41.14633168  001.15791314 
112  41.14633168  001.15791314  41.14636385  001.15802411 
112  41.14610231  001.15850469  41.14591385  001.15859458 
111  41.14610231  001.15850469 
111  41.14532389  001.15888093 
112  41.14532389  001.15888093  41.14528225  001.15890022 
112  41.14517396  001.15879637  41.14514567  001.15869610 
111  41.14517396  001.15879637 
111  41.14537558  001.15949145 
112  41.14537558  001.15949145  41.14533510  001.15935524 
112  41.14552289  001.15907115  41.14562983  001.15901502 
111  41.14552289  001.15907115 
111  41.14639876  001.15863686 
112  41.14639876  001.15863686  41.14644885  001.15861469 
112  41.14657733  001.15875394  41.14660666  001.15885340 
113  41.14657733  001.15875394 
110   1 0.00 158.00 New Taxiway 7
111  41.14871749  001.16615901 
112  41.14871749  001.16615901  41.14875223  001.16627511 
112  41.14864670  001.16638354  41.14861531  001.16639991 
111  41.14864670  001.16638354 
111  41.14766875  001.16688432 
112  41.14766875  001.16688432  41.14761847  001.16691065 
112  41.14748720  001.16676266  41.14745597  001.16665099 
111  41.14748720  001.16676266 
111  41.14766529  001.16737523 
112  41.14766529  001.16737523  41.14764002  001.16728927 
112  41.14773212  001.16714685  41.14778144  001.16711943 
111  41.14773212  001.16714685 
111  41.14872041  001.16665420 
112  41.14872041  001.16665420  41.14877050  001.16663203 
112  41.14888659  001.16674293  41.14891322  001.16682923 
113  41.14888659  001.16674293 
110   1 0.00 158.00 New Taxiway 7
111  41.15132114  001.17510950 
112  41.15132114  001.17510950  41.15135588  001.17522560 
112  41.15125325  001.17534716  41.15122187  001.17536353 
111  41.15125325  001.17534716 
111  41.15027614  001.17584794 
112  41.15027614  001.17584794  41.15022586  001.17587427 
112  41.15009375  001.17572629  41.15006252  001.17561462 
111  41.15009375  001.17572629 
111  41.15027185  001.17633885 
112  41.15027185  001.17633885  41.15024657  001.17625290 
112  41.15033868  001.17611047  41.15038799  001.17608305 
111  41.15033868  001.17611047 
111  41.15132697  001.17561782 
112  41.15132697  001.17561782  41.15137706  001.17559565 
112  41.15149515  001.17571221  41.15152177  001.17579851 
113  41.15149515  001.17571221 
110   1 0.00  68.90 New Taxiway 2
111  41.14562065  001.15470699 
111  41.14541196  001.15481656 
111  41.14633168  001.15791314 
111  41.14657733  001.15875394 
111  41.14871749  001.16615901 
111  41.14888659  001.16674293 
111  41.15132114  001.17510950 
111  41.15149515  001.17571275 
111  41.15322705  001.18166064 
111  41.15352947  001.18269167 
111  41.15365754  001.18233202 
111  41.14737245  001.16071589 
111  41.14735018  001.16064605  20 
111  41.14717073  001.16003618  20 
111  41.14700232  001.15945699  20 
111  41.14678792  001.15872283  20 
111  41.14658877  001.15804382  20 
113  41.14641780  001.15746233  20 
110   1 0.00 158.00 New Taxiway 2
112  41.15302572  001.18235797  41.15280951  001.18249526 
111  41.15302572  001.18235797 
111  41.15251700  001.18261636 
112  41.15251700  001.18261636  41.15231849  001.18270307 
112  41.15199262  001.18227201  41.15190584  001.18196593 
111  41.15199262  001.18227201 
111  41.15222198  001.18305785 
111  41.15242069  001.18297216 
111  41.15296574  001.18328539 
111  41.15339317  001.18307242 
111  41.15352947  001.18269167 
111  41.15322705  001.18166064 
114  41.15322705  001.18166064  41.15330965  001.18193488 
110   1 0.00  75.00 New Taxiway 16
111  41.14810800  001.16100051  53 
111  41.14838908  001.16236308  53 
111  41.14879665  001.16220042  53 
113  41.14851336  001.16084405 
110   2 0.00  74.00 New Taxiway 14
111  41.14828446  001.15978704 
111  41.14822612  001.15980713   3 102 
111  41.14788294  001.15993431 
111  41.14799547  001.16046741  53 
111  41.14810800  001.16100051 
113  41.14851336  001.16084405  53 
110   1 0.00 344.62 New Taxiway 17
111  41.14788294  001.15993431 
112  41.14788294  001.15993431  41.14777728  001.15994410   3 102 
112  41.14780791  001.15970354  41.14787671  001.15960673 
111  41.14780791  001.15970354 
111  41.14740152  001.15991874 
112  41.14740152  001.15991874  41.14752942  001.15990145   3 102 
112  41.14750237  001.16010508  41.14747397  001.16016318   3 102 
112  41.14721984  001.16016378  41.14717640  001.16007165 
111  41.14721984  001.16016378 
112  41.14721984  001.16016378  41.14719594  001.16011203   3 102 
111  41.14717073  001.16003618 
111  41.14735018  001.16064605 
111  41.14737245  001.16071589 
112  41.14737245  001.16071589  41.14737000  001.16070424 
112  41.14737448  001.16068629  41.14737617  001.16067900 
111  41.14737448  001.16068629 
112  41.14737448  001.16068629  41.14733840  001.16055737 
112  41.14746184  001.16047106  41.14751008  001.16045310 
111  41.14746184  001.16047106 
111  41.14781911  001.16034062 
112  41.14781911  001.16034062  41.14790212  001.16031518 
112  41.14799547  001.16046741  41.14803218  001.16055643 
113  41.14799547  001.16046741 
110   2 0.00  69.00 New Taxiway 15
111  41.14641780  001.15746233 
112  41.14641780  001.15746233  41.14636660  001.15728476 
112  41.14660570  001.15735537  41.14665097  001.15751122 
111  41.14660570  001.15735537 
111  41.14677979  001.15794635 
112  41.14677979  001.15794635  41.14682798  001.15811122 
112  41.14658877  001.15804382  41.14654251  001.15788391 
111  41.14658877  001.15804382 
111  41.14678792  001.15872283 
112  41.14678792  001.15872283  41.14673344  001.15853462 
112  41.14697498  001.15861178  41.14701994  001.15876531 
111  41.14697498  001.15861178 
111  41.14719364  001.15936293 
112  41.14719364  001.15936293  41.14724672  001.15954534 
112  41.14700232  001.15945699  41.14694915  001.15927316 
111  41.14700232  001.15945699 
111  41.14717073  001.16003618   3 102 
111  41.14740152  001.15991874 
111  41.14780791  001.15970354  53 102 
111  41.14813357  001.15953544  53 102 
111  41.14749271  001.15734238  53 102 
111  41.14762456  001.15727554  53 102 
111  41.14676922  001.15432975  53 102 
111  41.14586063  001.15479029 
112  41.14586063  001.15479029  41.14578513  001.15481361  53 102 
112  41.14562065  001.15470699  41.14557500  001.15462539 
113  41.14562065  001.15470699 
110   1 0.00  19.70 New Taxiway 18
111  41.14459553  001.15006290 
111  41.14451455  001.14995923 
112  41.14437203  001.14982910  41.14434061  001.14980567 
111  41.14437203  001.14982910 
111  41.14426960  001.14978445 
112  41.14426960  001.14978445  41.14412365  001.14975739 
112  41.14388433  001.14985849  41.14377410  001.14991902 
111  41.14388433  001.14985849 
111  41.14391796  001.14996821 
112  41.14391796  001.14996821  41.14402538  001.14991447 
112  41.14414219  001.15000833  41.14404078  001.15020801 
111  41.14414219  001.15000833 
111  41.14427797  001.15010188 
112  41.14427797  001.15010188  41.14430814  001.15005026 
112  41.14436966  001.14997129  41.14441140  001.14995200 
112  41.14453302  001.15012802  41.14455422  001.15015656 
113  41.14453302  001.15012802 
110   1 0.00 316.07 New Taxiway 19
111  41.14437203  001.14982910 
112  41.14437203  001.14982910  41.14436830  001.14982316 
112  41.14438623  001.14978820  41.14440303  001.14975625 
111  41.14476539  001.14930626 
111  41.14471375  001.14923671 
111  41.14439213  001.14964421 
112  41.14433312  001.14971082  41.14433164  001.14971179 
112  41.14429251  001.14976372  41.14428289  001.14977840 
112  41.14426960  001.14978445  41.14426193  001.14978483 
113  41.14426960  001.14978445 
110   1 0.00  71.30 New Taxiway 16
111  41.14573791  001.15420456 
111  41.14559427  001.15368258 
111  41.14554617  001.15349230 
112  41.14509854  001.15171462  41.14502267  001.15142853 
112  41.14471390  001.15034824  41.14469432  001.15028288 
112  41.14459553  001.15006290  41.14455171  001.14999502 
111  41.14459553  001.15006290 
111  41.14453302  001.15012802 
112  41.14453302  001.15012802  41.14457757  001.15020487 
112  41.14465332  001.15041572  41.14467487  001.15049296 
112  41.14503540  001.15176213  41.14511399  001.15205860 
112  41.14549275  001.15358923  41.14554575  001.15381062 
113  41.14566816  001.15424228 
110   1 0.00  58.00 New Taxiway 18
112  41.14463993  001.15696235  41.14461935  001.15688948 
112  41.14464456  001.15663538  41.14465975  001.15654557 
112  41.14469135  001.15625370  41.14466610  001.15610692 
112  41.14451712  001.15589462  41.14442164  001.15579615 
111  41.14451712  001.15589462 
111  41.14445826  001.15584681 
112  41.14445826  001.15584681  41.14440392  001.15581860 
112  41.14429920  001.15578918  41.14424270  001.15578652 
113  41.14429920  001.15578918 
110   1 0.00 124.00 New Taxiway 22
111  41.14531250  001.15445615 
112  41.14499742  001.15481500  41.14488306  001.15497493 
112  41.14471337  001.15536492  41.14462330  001.15553442 
111  41.14445826  001.15584681 
111  41.14451712  001.15589462 
112  41.14476582  001.15541464  41.14485776  001.15524811 
112  41.14504595  001.15487251  41.14515877  001.15471277 
113  41.14533617  001.15454128 
110   1 0.00  68.77 New Taxiway 21
111  41.14561581  001.15426984 
112  41.14561581  001.15426984  41.14559229  001.15420736 
112  41.14537192  001.15345562  41.14532743  001.15330060 
111  41.14514195  001.15264710 
111  41.14503368  001.15270147 
113  41.14550941  001.15432972 
110   1 0.00  68.74 New Taxiway 20
111  41.14562065  001.15470699 
111  41.14554518  001.15446222 
111  41.14550941  001.15432972 
111  41.14503368  001.15270147 
111  41.14435554  001.15036734 
111  41.14385851  001.15060977 
112  41.14385851  001.15060977  41.14397858  001.15055067 
112  41.14426874  001.15086161  41.14433152  001.15106151 
111  41.14426874  001.15086161 
111  41.14531250  001.15445615 
111  41.14533617  001.15454128 
113  41.14541196  001.15481656 
110   2 0.00 158.50 New Taxiway 19
111  41.14435554  001.15036734 
111  41.14427797  001.15010188 
111  41.14414219  001.15000833 
111  41.14405382  001.14994941 
111  41.14311938  001.15041296 
111  41.14285492  001.15082490 
111  41.14303169  001.15144204 
111  41.14306910  001.15157272 
112  41.14306910  001.15157272  41.14300685  001.15125690 
112  41.14325736  001.15092763  41.14340584  001.15080428 
111  41.14325736  001.15092763 
113  41.14385851  001.15060977 
110   1 0.00  68.80 New Taxiway 21
111  41.14303169  001.15144204 
111  41.14285492  001.15082490 
111  41.14265747  001.15091406 
111  41.14257084  001.15135229 
113  41.14265397  001.15164069 
110   5 0.00  68.80 New Taxiway 21
111  41.14427114  001.15568629 
111  41.14306910  001.15157272 
111  41.14303169  001.15144204 
111  41.14265397  001.15164069 
113  41.14389375  001.15588016 
110   5 0.00 356.63 New Taxiway 13
112  41.15192671  001.17952977  41.15191175  001.17953003 
112  41.15192671  001.17952977  41.15191175  001.17953003 
112  41.15189627  001.17956951  41.15189627  001.17959112 
112  41.15189627  001.17956951  41.15189627  001.17959112 
112  41.15192653  001.17961013  41.15194643  001.17961012 
112  41.15192653  001.17961013  41.15194643  001.17961012 
112  41.15195858  001.17956886  41.15195858  001.17954552 
114  41.15195858  001.17956886  41.15195858  001.17954552 
110   5 0.00 356.63 New Taxiway 13
112  41.14556416  001.15761622  41.14554919  001.15761648 
112  41.14556416  001.15761622  41.14554919  001.15761648 
112  41.14553371  001.15765596  41.14553371  001.15767757 
112  41.14553371  001.15765596  41.14553371  001.15767757 
112  41.14556397  001.15769658  41.14558388  001.15769657 
112  41.14556397  001.15769658  41.14558388  001.15769657 
112  41.14559603  001.15765531  41.14559603  001.15763197 
114  41.14559603  001.15765531  41.14559603  001.15763197 
110   4 0.00  58.00 New Taxiway 9
111  41.14962343  001.17109496 
111  41.14966087  001.17122132 
111  41.14968304  001.17123414 
111  41.14977862  001.17118473 
111  41.14978830  001.17115540 
111  41.14977892  001.17112375 
111  41.15009366  001.17096300 
112  41.15009366  001.17096300  41.15010177  001.17095929 
112  41.15011858  001.17097446  41.15012589  001.17098664 
111  41.15011858  001.17097446 
111  41.15008633  001.17086315 
112  41.15008633  001.17086315  41.15008779  001.17088099 
112  41.15007584  001.17089256  41.15006826  001.17089680 
111  41.15007584  001.17089256 
111  41.14976017  001.17106045 
111  41.14975079  001.17102880 
111  41.14972862  001.17101598 
113  41.14963311  001.17106562 
110   1 0.00 339.16 New Taxiway 14
112  41.14554518  001.15446222  41.14554322  001.15445309 
112  41.14556691  001.15440141  41.14558458  001.15438186 
111  41.14610462  001.15412878 
111  41.14607708  001.15403728 
111  41.14573791  001.15420456 
111  41.14566816  001.15424228 
111  41.14561581  001.15426984 
113  41.14550941  001.15432972 
110   1 0.00  68.89 New Taxiway 41
111  41.14610462  001.15412878 
112  41.14556691  001.15440141  41.14544251  001.15448938 
111  41.14556691  001.15440141 
111  41.14554142  001.15441578 
111  41.14554518  001.15446222 
111  41.14562065  001.15470699 
111  41.14569751  001.15484047 
111  41.14586063  001.15479029 
111  41.14676922  001.15432975 
111  41.14762456  001.15727554 
111  41.14749271  001.15734238 
111  41.14813357  001.15953544 
111  41.14818081  001.15969789 
111  41.14824885  001.15966480 
111  41.14801339  001.15875543 
111  41.14780868  001.15802862 
111  41.14764471  001.15753611 
111  41.14758029  001.15741514 
111  41.14763029  001.15739215 
111  41.14771361  001.15735383 
111  41.14737381  001.15618376 
111  41.14734258  001.15607723 
111  41.14703401  001.15501368 
111  41.14692074  001.15462366 
111  41.14684995  001.15437989 
111  41.14681456  001.15425801 
111  41.14680748  001.15423363 
111  41.14648302  001.15438750 
111  41.14640897  001.15413996 
113  41.14614661  001.15426703 
110   1 0.00 275.79 New Taxiway 19
111  41.14467698  001.16706991 
112  41.14467698  001.16706991  41.14468571  001.16706810 
112  41.14469357  001.16708988  41.14469252  001.16711013 
111  41.14469357  001.16708988 
111  41.14468157  001.16737431 
112  41.14468157  001.16737431  41.14468183  001.16738842 
111  41.14466786  001.16741090 
111  41.14479557  001.16734456 
112  41.14479557  001.16734456  41.14478766  001.16727777 
112  41.14481401  001.16709985  41.14483398  001.16703002 
112  41.14497597  001.16691765  41.14503935  001.16686255 
113  41.14497597  001.16691765 
110   1 0.00 337.76 New Taxiway 18
111  41.14453495  001.16748334 
111  41.14469330  001.16801163 
111  41.14510188  001.16779097 
111  41.14494255  001.16726139 
111  41.14479557  001.16734456 
113  41.14466786  001.16741090 
110   1 0.00 158.82 New Taxiway 17
111  41.14677365  001.16577403 
111  41.14673892  001.16591961 
111  41.14583962  001.16637200 
111  41.14553754  001.16652505 
111  41.14467555  001.16696647 
112  41.14467555  001.16696647  41.14459700  001.16700456 
112  41.14441617  001.16688067  41.14436117  001.16678612 
111  41.14441617  001.16688067 
111  41.14455176  001.16735299 
112  41.14455176  001.16735299  41.14453563  001.16719308 
112  41.14467698  001.16706991  41.14472149  001.16704555 
111  41.14467698  001.16706991 
111  41.14497597  001.16691765 
111  41.14673680  001.16602512 
113  41.14685399  001.16605515 
110   1 0.00 100.13 New Taxiway 16
111  41.14581771  001.16570362 
112  41.14581771  001.16570362  41.14587854  001.16591762 
112  41.14553754  001.16652505  41.14520640  001.16677684 
111  41.14553754  001.16652505 
111  41.14583962  001.16637200 
112  41.14583962  001.16637200  41.14583095  001.16636669 
112  41.14584870  001.16626564  41.14589887  001.16617267 
112  41.14588792  001.16566575  41.14582544  001.16544625 
113  41.14588792  001.16566575 
110   1 0.00  68.87 New Taxiway 15
111  41.14233307  001.15375743 
111  41.14581771  001.16570362 
111  41.14588792  001.16566575 
113  41.14240953  001.15371689 
110   1 0.00  85.81 New Taxiway 14
111  41.14225919  001.15244574 
112  41.14225919  001.15244574  41.14217524  001.15290379 
112  41.14233307  001.15375743  41.14244242  001.15413018 
111  41.14233307  001.15375743 
111  41.14240953  001.15371689 
112  41.14240953  001.15371689  41.14229937  001.15334905 
112  41.14233280  001.15247222  41.14241084  001.15202943 
113  41.14233280  001.15247222 
110   1 0.00 105.07 New Taxiway 13
111  41.14257977  001.15086471 
111  41.14225919  001.15244574 
111  41.14233280  001.15247222 
113  41.14265106  001.15089234 
110   1 0.00 135.98 New Taxiway 12
111  41.14301578  001.15029595 
112  41.14301578  001.15029595  41.14279501  001.15041007 
112  41.14257977  001.15086471  41.14251620  001.15119229 
111  41.14257977  001.15086471 
111  41.14265106  001.15089234 
112  41.14265106  001.15089234  41.14272961  001.15058157 
112  41.14304712  001.15040541  41.14326049  001.15028715 
113  41.14304712  001.15040541 
110   1 0.00 159.24 New Taxiway 11
111  41.14388433  001.14985849 
111  41.14301578  001.15029595 
111  41.14304712  001.15040541 
113  41.14391796  001.14996821 
130 Airport Boundary 6
111  41.14107920  001.14254770 
111  41.14232845  001.14684959 
111  41.14246254  001.14678624 
112  41.14308241  001.14892546  41.14311248  001.14904521 
111  41.14419881  001.14497386 
111  41.14424191  001.14485349 
111  41.14430436  001.14481598 
111  41.14576116  001.14466768 
111  41.14583167  001.14513041 
111  41.14653258  001.14502725 
111  41.14752963  001.14429610 
111  41.14754802  001.14431941 
111  41.14782676  001.14540784 
111  41.14796890  001.14584474 
111  41.14868553  001.14615821 
111  41.14918147  001.14899227 
111  41.15046612  001.15326998 
111  41.14989430  001.15356011 
111  41.15422124  001.16844268 
111  41.15114754  001.17000591 
111  41.15269075  001.17530186 
111  41.15352991  001.17995016 
111  41.15359240  001.18048471 
111  41.15489728  001.18497729 
111  41.15378142  001.18561585 
111  41.15372965  001.18576028 
111  41.15400594  001.18671797 
111  41.15435464  001.18712547 
111  41.15389489  001.18767442 
111  41.15390408  001.18768608 
111  41.15403856  001.18821866 
111  41.15417605  001.18836980 
111  41.15410571  001.18847899 
111  41.15439285  001.18955557 
111  41.15454872  001.18973005 
111  41.15424360  001.19267012 
111  41.15375912  001.19221865 
111  41.15408197  001.19155433 
111  41.15376217  001.19126518 
111  41.15391074  001.19097508 
111  41.15312241  001.19010297 
111  41.15286509  001.18920434 
111  41.15242729  001.18943089 
111  41.15243352  001.18638064 
112  41.15146902  001.18652453  41.15130129  001.18602662 
112  41.14968821  001.18024859  41.14960213  001.17997291 
111  41.14968821  001.18024859 
112  41.14968821  001.18024859  41.14921226  001.18075961 
112  41.14944080  001.17948492  41.14949234  001.17906573 
111  41.14944080  001.17948492 
112  41.14944080  001.17948492  41.14938283  001.17925394 
112  41.14862587  001.17741650  41.14821574  001.17686514 
111  41.14862587  001.17741650 
112  41.14862587  001.17741650  41.14851448  001.17724168 
112  41.14821991  001.17680810  41.14812371  001.17651898 
111  41.14821991  001.17680810 
112  41.14821991  001.17680810  41.14832624  001.17659294 
111  41.14854279  001.17644052 
112  41.14728958  001.17114961  41.14755321  001.17057726 
111  41.14728958  001.17114961 
112  41.14728958  001.17114961  41.14711802  001.17082731 
112  41.14660249  001.17010985  41.14643092  001.17000427 
111  41.14580788  001.16954665 
112  41.14559345  001.16942834  41.14550140  001.16935054 
111  41.14545012  001.16913955 
111  41.14505019  001.16891236 
111  41.14256630  001.16848100 
111  41.14245447  001.16824581 
111  41.14230293  001.16834535 
111  41.14178311  001.16794278 
111  41.14126688  001.16776651 
111  41.14112036  001.16761569 
111  41.14106786  001.16771247 
111  41.14025452  001.16754447 
111  41.13933266  001.16791565 
112  41.13861489  001.16796278  41.13842552  001.16792581 
111  41.13861489  001.16796278 
112  41.13861489  001.16796278  41.13839210  001.16792581 
111  41.13771935  001.16785331 
111  41.13770134  001.16785381 
111  41.14153919  001.15435447 
111  41.14171795  001.15370604 
111  41.14091678  001.15092849 
111  41.14117577  001.15079015 
111  41.14016555  001.14733940 
111  41.14105879  001.14687341 
113  41.14001952  001.14330440 
120 Linear Feature 1
111  41.15293234  001.18325248   4 103 
115  41.15271551  001.18252737 
120 Linear Feature 1
111  41.15078645  001.17587601   4 103 
115  41.15071158  001.17563674 
120 Linear Feature 1
111  41.14573020  001.15895475   4 103 
115  41.14566375  001.15872866 
120 Linear Feature 1
111  41.14818068  001.16691208   4 103 
115  41.14810996  001.16667097 
120 Linear Feature 4
111  41.15275436  001.18264106  51 
111  41.15306202  001.18248804 
112  41.15306202  001.18248804  41.15332843  001.18234524  51 
112  41.15333780  001.18164794  41.15324945  001.18136962 
111  41.15333780  001.18164794  51 
111  41.15159939  001.17567870  51 
111  41.15141971  001.17505987  51 
111  41.14898741  001.16669589  51 
111  41.14881779  001.16611268  51 
111  41.14728361  001.16083510  51 
111  41.14718526  001.16050498  51 
111  41.14714010  001.16034722  51 
111  41.14706444  001.16008116  51 
111  41.14693149  001.15962647  51 
111  41.14666772  001.15871341  51 
111  41.14646438  001.15801057  51 
111  41.14623813  001.15723818  51 
111  41.14602211  001.15649388  51 
111  41.14574378  001.15553864  51 
115  41.14551538  001.15475916 
120 Linear Feature 3
111  41.15275436  001.18264106  51 
111  41.15251334  001.18276403 
112  41.15251334  001.18276403  41.15219325  001.18292831  51 
112  41.15180281  001.18231787  41.15167887  001.18190348 
111  41.15180281  001.18231787  51 
115  41.15163257  001.18172526 
120 Linear Feature 13
112  41.15038285  001.17594013  41.15017079  001.17606648  51 
112  41.15015379  001.17664252  41.15023567  001.17692943 
111  41.15015379  001.17664252  51 
115  41.15034291  001.17729405 
120 Linear Feature 12
112  41.15038285  001.17594013  41.15010822  001.17605811  51 
112  41.14985182  001.17561148  41.14978632  001.17538693 
111  41.14985182  001.17561148  51 
115  41.14966430  001.17496162 
120 Linear Feature 11
111  41.15072332  001.17576840  51 
115  41.15038285  001.17594013 
120 Linear Feature 10
112  41.15159939  001.17567870  41.15154622  001.17549632  51 
116  41.15127732  001.17548588  41.15115268  001.17554487 
120 Linear Feature 9
112  41.15141971  001.17505987  41.15146793  001.17522772  51 
116  41.15127732  001.17548588  41.15115411  001.17555071 
120 Linear Feature 8
111  41.15127732  001.17548588  51 
115  41.15075819  001.17574968 
120 Linear Feature 13
112  41.14777642  001.16697385  41.14756436  001.16710020  51 
112  41.14754735  001.16767623  41.14763468  001.16798052 
111  41.14754735  001.16767623  51 
115  41.14773576  001.16832517 
120 Linear Feature 12
112  41.14777642  001.16697385  41.14750179  001.16709183  51 
112  41.14724538  001.16664520  41.14717988  001.16642065 
111  41.14724538  001.16664520  51 
115  41.14705725  001.16599534 
120 Linear Feature 11
111  41.14811797  001.16680368  51 
115  41.14777642  001.16697385 
120 Linear Feature 10
112  41.14898741  001.16669589  41.14892169  001.16646525  51 
116  41.14868153  001.16652152  41.14856284  001.16656648 
120 Linear Feature 9
112  41.14881779  001.16611268  41.14887658  001.16631475  51 
116  41.14868153  001.16652152  41.14856625  001.16658196 
120 Linear Feature 8
111  41.14868153  001.16652152  51 
115  41.14815495  001.16678384 
120 Linear Feature 10
112  41.14666772  001.15871341  41.14660992  001.15851305  51 
116  41.14630884  001.15853413  41.14616438  001.15860278 
120 Linear Feature 9
112  41.14646438  001.15801057  41.14652614  001.15822581  51 
116  41.14630884  001.15853413  41.14616978  001.15862616 
120 Linear Feature 8
111  41.14630884  001.15853413  51 
115  41.14570656  001.15883813 
120 Linear Feature 7
111  41.15222238  001.18305062  53 102 
111  41.15239942  001.18296673 
112  41.15239942  001.18296673  41.15241763  001.18295758  53 102 
112  41.15244603  001.18297076  41.15245928  001.18298013 
111  41.15244603  001.18297076  53 102 
111  41.15293631  001.18325541 
112  41.15293631  001.18325541  41.15296277  001.18327090  53 102 
112  41.15300445  001.18325305  41.15303282  001.18323681 
111  41.15300445  001.18325305  53 102 
111  41.15335732  001.18307501 
112  41.15335732  001.18307501  41.15337939  001.18306403  53 102 
112  41.15339702  001.18303209  41.15340483  001.18301339 
111  41.15339702  001.18303209  53 102 
111  41.15364699  001.18233267  53 102 
111  41.14736291  001.16071921 
112  41.14736291  001.16071921  41.14731725  001.16056672  53 102 
112  41.14745616  001.16046200  41.14752093  001.16043759 
111  41.14745616  001.16046200  53 102 
111  41.14782968  001.16032806 
112  41.14782968  001.16032806  41.14790067  001.16030621  53 102 
116  41.14799547  001.16046741  41.14801322  001.16056050 
120 Linear Feature 2
112  41.15026680  001.17634100  41.15024553  001.17625836  53 102 
112  41.15033686  001.17610464  41.15040214  001.17606864 
111  41.15033686  001.17610464  53 102 
111  41.15132283  001.17560439 
112  41.15132283  001.17560439  41.15137640  001.17557804  53 102 
112  41.15150228  001.17570931  41.15153123  001.17580998 
111  41.15150228  001.17570931  53 102 
112  41.15324579  001.18170145  41.15326470  001.18176686 
111  41.15324579  001.18170145 
112  41.15324579  001.18170145  41.15332142  001.18196309  53 102 
112  41.15303100  001.18236757  41.15284162  001.18247528 
111  41.15303100  001.18236757  53 102 
111  41.15252133  001.18262449 
112  41.15252133  001.18262449  41.15236722  001.18270654  53 102 
116  41.15198657  001.18228183  41.15187466  001.18191837 
120 Linear Feature 6
112  41.14766012  001.16737874  41.14763262  001.16729327  53 102 
112  41.14772978  001.16713815  41.14778538  001.16711069 
111  41.14772978  001.16713815  53 102 
111  41.14871790  001.16664385 
112  41.14871790  001.16664385  41.14877871  001.16661287  53 102 
112  41.14889375  001.16673923  41.14891396  001.16681655 
111  41.14889375  001.16673923  53 102 
111  41.15132776  001.17510558 
112  41.15132776  001.17510558  41.15135807  001.17520441  53 102 
112  41.15125654  001.17535742  41.15119641  001.17539265 
111  41.15125654  001.17535742  53 102 
111  41.15027794  001.17585608 
112  41.15027794  001.17585608  41.15021330  001.17589120  53 102 
116  41.15008787  001.17572986  41.15006185  001.17563331 
120 Linear Feature 6
112  41.14536905  001.15949509  41.14533399  001.15938317  53 102 
112  41.14551927  001.15905973  41.14565952  001.15897640 
111  41.14551927  001.15905973  53 102 
111  41.14639587  001.15862795 
112  41.14639587  001.15862795  41.14646486  001.15859499  53 102 
112  41.14658371  001.15875102  41.14660826  001.15884228 
111  41.14658371  001.15875102  53 102 
111  41.14872600  001.16615541 
112  41.14872600  001.16615541  41.14875631  001.16625424  53 102 
112  41.14865075  001.16639456  41.14859062  001.16642979 
111  41.14865075  001.16639456  53 102 
111  41.14767135  001.16689258 
112  41.14767135  001.16689258  41.14760828  001.16692502  53 102 
116  41.14748031  001.16676772  41.14745181  001.16666492 
120 Linear Feature 25
111  41.14541827  001.15481297  53 102 
111  41.14633761  001.15791140 
112  41.14633761  001.15791140  41.14638266  001.15806096  53 102 
112  41.14610583  001.15851476  41.14594256  001.15858651 
111  41.14610583  001.15851476  53 102 
111  41.14532704  001.15889022 
112  41.14532704  001.15889022  41.14526488  001.15892133  53 102 
116  41.14517476  001.15882036  41.14515702  001.15875785 
120 Non-movement 8-16
111  41.14785149  001.15977525  21 
111  41.14791512  001.16006896 
112  41.14791512  001.16006896  41.14810774  001.16017818  21 
112  41.14820324  001.16060277  41.14823673  001.16077114 
111  41.14820324  001.16060277  21 
111  41.14855270  001.16228869  21 
111  41.14874989  001.16221064  21 
111  41.14823785  001.15981160  21 
113  41.14806279  001.15969079  21 
120 Parking Line 16
112  41.14766079  001.16018844  41.14779547  001.16011313  51 101 
112  41.14793968  001.15999246  41.14802676  001.15995702  51 101 
111  41.14820725  001.15989633 
112  41.14820725  001.15989633  41.14826794  001.16000734  51 101 
116  41.14816993  001.16011231  41.14812145  001.16013071 
120 Parking Line 14
112  41.14714010  001.16034722  41.14715469  001.16039687  51 
116  41.14721770  001.16039704  41.14724786  001.16038283 
120 Parking Line 14
112  41.14718526  001.16050498  41.14717241  001.16046141  51 101 
112  41.14721770  001.16039704  41.14724786  001.16038283 
111  41.14721770  001.16039704  51 101 
111  41.14766079  001.16018844 
112  41.14766079  001.16018844  41.14779849  001.16013380  51 101 
112  41.14796103  001.16029856  41.14802017  001.16036766  51 101 
112  41.14806813  001.16055303  41.14808766  001.16065363 
111  41.14806813  001.16055303  51 101 
111  41.14814888  001.16091440  51 101 
111  41.14820505  001.16117954  51 101 
111  41.14828200  001.16154944  51 101 
111  41.14833563  001.16180175  51 101 
111  41.14841409  001.16217105  51 101 
111  41.14850113  001.16217213 101 
111  41.14858624  001.16217172  51 101 
111  41.14867927  001.16217105 
112  41.14867927  001.16217105  41.14870504  001.16211703  51 101 
116  41.14860490  001.16203806  41.14852686  001.16204645 
120 Parking Line 13
111  41.14833563  001.16180175  51 
111  41.14842857  001.16180352 
111  41.14850711  001.16180388  51 
111  41.14860198  001.16180459 
112  41.14860198  001.16180459  41.14863070  001.16186952  51 
116  41.14852864  001.16193769  41.14846372  001.16192552 
120 Parking Line 12
111  41.14828200  001.16154944  51 
111  41.14836891  001.16155073 
111  41.14845402  001.16155033  51 
111  41.14854706  001.16154965 
112  41.14854706  001.16154965  41.14857283  001.16149564  51 
116  41.14847268  001.16141667  41.14839464  001.16142506 
120 Parking Line 11
111  41.14820330  001.16117914  51 
111  41.14829454  001.16117969 
111  41.14837308  001.16118006  51 
111  41.14846794  001.16118077 
112  41.14846794  001.16118077  41.14849667  001.16124569  51 
116  41.14839461  001.16131387  41.14832677  001.16130169 
120 Parking Line 10
111  41.14814888  001.16091440  51 
111  41.14823580  001.16091569 
111  41.14832090  001.16091528  51 
111  41.14841394  001.16091461 
112  41.14841394  001.16091461  41.14843971  001.16086060  51 
116  41.14833956  001.16078163  41.14826153  001.16079001 
120 Parking Line 9
111  41.14806813  001.16055303  51 
111  41.14815936  001.16055358 
111  41.14823790  001.16055395  51 
111  41.14833277  001.16055465 
112  41.14833277  001.16055465  41.14836149  001.16061958  51 
116  41.14825943  001.16068775  41.14819160  001.16067558 
120 Parking Line 8
112  41.14796103  001.16029856  41.14801497  001.16032934  51 
111  41.14808000  001.16033832 
111  41.14818332  001.16034482  51 
111  41.14829717  001.16034587 
112  41.14829717  001.16034587  41.14832294  001.16029186  51 
116  41.14822280  001.16021289  41.14814476  001.16022128 
120 Parking Line 5 old
111  41.14717524  001.15971768  52 
112  41.14732536  001.15959290  41.14733607  001.15958499  52 
111  41.14779242  001.15919239 
112  41.14779242  001.15919239  41.14764216  001.15883484  52 
112  41.14742889  001.15939637  41.14750968  001.15966993 
111  41.14742889  001.15939637  52 
115  41.14729818  001.15957828 
120 Parking Line 5
112  41.14693149  001.15962647  41.14695549  001.15970850  51 
116  41.14715616  001.15972967  41.14727211  001.15965115 
120 Non-movement 5B
111  41.14731480  001.15934056  21 
111  41.14743329  001.15974836  21 
111  41.14748882  001.15993982  21 
111  41.14796907  001.15971963  21 
111  41.14805426  001.15957517  21 
111  41.14792332  001.15912458  21 
111  41.14778411  001.15908308  21 
113  41.14765424  001.15915206  21 
120 Parking Line 5B
112  41.14706444  001.16008116  41.14702575  001.15994529  51 
112  41.14715616  001.15972967  41.14727211  001.15965115 
111  41.14715616  001.15972967  51 
111  41.14717524  001.15971768  51 
111  41.14754742  001.15951881  51 
111  41.14793440  001.15931122 
112  41.14793440  001.15931122  41.14806503  001.15959996  51 
112  41.14772328  001.15958439  41.14764213  001.15944764 
111  41.14772328  001.15958439  51 
115  41.14754247  001.15962896 
120 Non-movement 5A
111  41.14709569  001.15858648  21 
111  41.14716572  001.15882749  21 
111  41.14731480  001.15934056  21 
111  41.14743329  001.15974836  21 
111  41.14752610  001.15953839  21 
111  41.14752436  001.15929694  21 
111  41.14765424  001.15915206  21 
111  41.14778411  001.15908308  21 
111  41.14784388  001.15885120  21 
111  41.14771923  001.15842225  21 
113  41.14748413  001.15838748  21 
120 Parking Line 5A
112  41.14732536  001.15959290  41.14739135  001.15950923  51 
112  41.14735517  001.15933854  41.14734109  001.15924508  51 
112  41.14741433  001.15906520  41.14745872  001.15899475 
111  41.14741433  001.15906520  51 
111  41.14769122  001.15870024 
112  41.14769122  001.15870024  41.14753398  001.15847751  51 
112  41.14734025  001.15873695  41.14730999  001.15880671  51 
112  41.14731001  001.15896628  41.14731457  001.15903551  51 
115  41.14734109  001.15924508 
120 Non-movement 5A
111  41.14685692  001.15776476  21 
111  41.14709569  001.15858648  21 
111  41.14716572  001.15882749  21 
111  41.14755479  001.15863065  21 
111  41.14771923  001.15842225  21 
111  41.14747621  001.15758585  21 
113  41.14724467  001.15756339  21 
120 Parking Line 4
112  41.14630884  001.15853413  41.14664831  001.15835614  51 
112  41.14682944  001.15821669  41.14708289  001.15808058 
111  41.14682944  001.15821669  51 
112  41.14749254  001.15787975  41.14753441  001.15786531 
111  41.14749254  001.15787975 
112  41.14749254  001.15787975  41.14780798  001.15826687  51 
112  41.14711509  001.15826543  41.14693452  001.15777431 
111  41.14711509  001.15826543  51 
115  41.14687687  001.15826832 
120 Non-movement 3
111  41.14648599  001.15648819  21 
111  41.14652103  001.15660878  21 
111  41.14683510  001.15768968  21 
111  41.14732454  001.15744035  21 
111  41.14744401  001.15696318  21 
111  41.14734753  001.15663113  21 
113  41.14717735  001.15636416  21 
120 Parking Line 3
112  41.14623813  001.15723818  41.14620865  001.15712597  51 
112  41.14640923  001.15689376  41.14655664  001.15686876 
111  41.14640923  001.15689376  51 
111  41.14718090  001.15678225 
112  41.14718090  001.15678225  41.14739517  001.15724559  51 
112  41.14671983  001.15696015  41.14666414  001.15633441 
111  41.14671983  001.15696015  51 
111  41.14660810  001.15686283 
112  41.14660810  001.15686283  41.14656517  001.15683345  51 
116  41.14643094  001.15682454  41.14631255  001.15684355 
120 Non-movement 2
111  41.14622594  001.15559324  21 
111  41.14633578  001.15597125  21 
111  41.14648599  001.15648819  21 
111  41.14652103  001.15660878  21 
111  41.14701944  001.15649645  21 
111  41.14719625  001.15611049  21 
111  41.14701300  001.15547986  21 
113  41.14671563  001.15534174  21 
120 Parking Line 2
112  41.14602211  001.15649388  41.14599091  001.15638314  51 
112  41.14614759  001.15621282  41.14624521  001.15619756 
111  41.14614759  001.15621282  51 
111  41.14693993  001.15609871 
112  41.14693993  001.15609871  41.14704475  001.15559971  51 
112  41.14645242  001.15596083  41.14641287  001.15646246 
111  41.14645242  001.15596083  51 
115  41.14623092  001.15607508 
120 Non-movement 1
111  41.14600164  001.15482131  21 
111  41.14622594  001.15559324  21 
111  41.14633578  001.15597125  21 
111  41.14680100  001.15573273  21 
111  41.14695535  001.15528144  21 
111  41.14681432  001.15479609  21 
113  41.14646932  001.15458387  21 
120 Parking Line 1
112  41.14574378  001.15553864  41.14571321  001.15543174  51 
112  41.14592716  001.15516679  41.14608092  001.15513825 
111  41.14592716  001.15516679  51 
111  41.14666763  001.15503313 
112  41.14666763  001.15503313  41.14689337  001.15543906  51 
112  41.14618862  001.15537862  41.14597286  001.15485373 
111  41.14618862  001.15537862  51 
115  41.14601821  001.15535959 
120 Linear Feature 23
112  41.14697687  001.15861326  41.14702377  001.15877208 
111  41.14697687  001.15861326  53 102 
111  41.14719460  001.15936217 
112  41.14719460  001.15936217  41.14724834  001.15954770  53 102 
112  41.14700125  001.15945821  41.14694751  001.15927422 
111  41.14700125  001.15945821  53 102 
111  41.14678634  001.15872198 
114  41.14678634  001.15872198  41.14673344  001.15853462  53 102 
120 Linear Feature 23
112  41.14660707  001.15735457  41.14665398  001.15751339 
111  41.14660707  001.15735457  53 102 
111  41.14678069  001.15794589 
112  41.14678069  001.15794589  41.14682798  001.15811122  53 102 
112  41.14658785  001.15804433  41.14653964  001.15788149 
111  41.14658785  001.15804433  53 102 
111  41.14641655  001.15746329 
114  41.14641655  001.15746329  41.14636531  001.15728442  53 102 
120 Linear Feature 23
111  41.14431165  001.15582491   1 
112  41.14448487  001.15590147  41.14457578  001.15597832   1 
112  41.14467250  001.15625798  41.14469670  001.15640917   1 
112  41.14463688  001.15661787  41.14461395  001.15674839   1 
116  41.14463192  001.15693517  41.14465037  001.15700877 
120 Linear Feature 22
111  41.14502100  001.15287687  20 
115  41.14511488  001.15266314 
120 Linear Feature 22
111  41.14506930  001.15304292  20 
111  41.14517056  001.15281227  20 
115  41.14516453  001.15279179 
120 Linear Feature 22
111  41.14511824  001.15320903  20 
111  41.14521950  001.15297839  20 
115  41.14521346  001.15295791 
120 Linear Feature 22
111  41.14516518  001.15337912  20 
111  41.14526644  001.15314848  20 
115  41.14526041  001.15312799 
120 Linear Feature 22
111  41.14521481  001.15354565  20 
111  41.14531607  001.15331500  20 
115  41.14531003  001.15329452 
120 Linear Feature 22
111  41.14526376  001.15370861  20 
111  41.14536502  001.15347797  20 
115  41.14535899  001.15345749 
120 Linear Feature 22
111  41.14531137  001.15387603  20 
111  41.14541263  001.15364539  20 
115  41.14540660  001.15362490 
120 Linear Feature 22
111  41.14536100  001.15404078  20 
111  41.14546226  001.15381013  20 
115  41.14545622  001.15378965 
120 Linear Feature 22
111  41.14540995  001.15420820  20 
111  41.14551121  001.15397755  20 
115  41.14550518  001.15395707 
120 Linear Feature 22
111  41.14545958  001.15437205  20 
111  41.14556084  001.15414141  20 
115  41.14555480  001.15412092 
120 Linear Feature 46
111  41.14768229  001.15726871  20 
111  41.14736832  001.15619112 
111  41.14733561  001.15607890  20 
111  41.14683864  001.15437060 
111  41.14679622  001.15439145  20 
111  41.14729411  001.15610023 
111  41.14732685  001.15621166  20 
111  41.14763597  001.15728532  20 
115  41.14751923  001.15734565 
14   41.14796900  001.15789200   72 0 Tower Viewpoint 1
15   41.14666431  001.15503696 352.06 Parking 1
15   41.14693649  001.15610145 353.78 Parking 2
15   41.14717511  001.15677975 352.71 Parking 3
15   41.14748831  001.15787892 341.25 Parking 4
15   41.14768592  001.15869586 315.38 Parking 5A
15   41.14472543  001.14928501 135.00 Parking Aeroclub 1
15   41.14513246  001.15303895 119.44 Parking Aeroclub 2
18   41.14553300  001.15763100 1 BCN
18   41.15187100  001.17946900 1 BCN
19   41.15193044  001.17956768 1 New Windsock 5
19   41.14556499  001.15765641 0 New Windsock 5
20   41.14577287  001.15911374 160.10  0 2 {@L}A{@R}25
20   41.14822148  001.16706662 158.78  0 2 {@L}B{@R}25
20   41.15082891  001.17603276 159.44  0 2 {@L}C{@R}25
20   41.15297369  001.18339573 159.44  0 2 {@L}T{@R}25
20   41.14561998  001.15857293 159.89  0 2 {@R}25{@L}A
20   41.14806643  001.16652073 158.29  0 2 {@R}25{@L}B
20   41.15066250  001.17548562 158.87  0 2 {@R}25{@L}C
20   41.15267004  001.18238382 160.46  0 2 {@R}25{@L}T
20   41.15192864  001.18158240  69.16  0 2 {@Y}X
20   41.15061227  001.17706986 249.32  0 2 {@Y}X
20   41.15131829  001.17593211 338.92  0 2 {@Y}X
20   41.15109939  001.17480938  69.35  0 2 {@Y}X
20   41.15151454  001.17459620  69.40  0 2 {@Y}X
20   41.14997690  001.17489625  69.37  0 2 {@Y}X
20   41.14799954  001.16809453 249.21  0 2 {@Y}X
20   41.14869973  001.16697042 339.84  0 2 {@Y}X
20   41.14911019  001.16629331 340.00  0 2 {@Y}X
20   41.14857053  001.16618303 340.31  0 2 {@Y}X
20   41.14892129  001.16562751  69.50  0 2 {@Y}X
20   41.14737178  001.16592174  69.49  0 2 {@Y}X
20   41.14792966  001.16221841 248.87  0 2 {@Y}X
20   41.14568151  001.16010021 249.01  0 2 {@Y}X
20   41.14669076  001.15964587  69.93  0 2 {@Y}X
20   41.14624370  001.15903084 339.50  0 2 {@Y}X
20   41.14638455  001.15896746 158.75  0 2 {@Y}X
20   41.14545498  001.15538460 159.78  0 2 {@Y}X
54 11815 TWR
54 12150 TWR
54 12170 TWR
55 11815 APP
