1      197 0 1 LESL SAN LUIS
100   45.11   1   0 0.25 0 0 0 02   39.85436900  004.25472500    0.00    0.00 2  0 0 0 20   39.87007500  004.26194400    0.00    0.00 2  0 0 0
110   1 0.30  19.43 Default taxiway for RWY 02
111  39.85430222  004.25497159   3 
111  39.85396385  004.25622110   3 
111  39.86967007  004.26343879   3 
111  39.87000844  004.26218899 
112  39.86962560  004.26201307  39.86981627  004.26210380   3 
111  39.86973524  004.26240308   3 
112  39.86962720  004.26280213  39.86954617  004.26310142   3 
111  39.86935475  004.26301345   3 
111  39.86198019  004.25962454   3 
111  39.86225104  004.25862426 
111  39.86205962  004.25853630   3 
111  39.86178877  004.25953658   3 
112  39.85441421  004.25614767  39.85422279  004.25605971   3 
111  39.85430382  004.25576049   3 
112  39.85441186  004.25536153  39.85449289  004.25506231   3 
113  39.85468506  004.25514751 
120 Default hold RWY 02 (near)
111  39.85416642  004.25547305   4 
115  39.85435784  004.25556101 
120 Default hold RWY 02 (centre)
111  39.86192382  004.25903782   4 
115  39.86211524  004.25912578 
120 Default hold RWY 02 (far)
111  39.86968122  004.26260261   4 
115  39.86987264  004.26269057 
19   39.85418874  004.25380104 1 WS
19   39.87025521  004.26286820 1 WS
