1     2625 1 0 LESU Seo De Urgel
100   29.87   1   0 0.00 0 0 0 04   42.33596527  001.40651531    0.00   31.09 1  0 0 0 22   42.34634445  001.41478677    0.00   31.09 1  0 0 0
110   2 0.00 128.00 New Taxiway 4
112  42.33734137  001.40625414  42.33729190  001.40611615 
111  42.33734137  001.40625414 
112  42.33734137  001.40625414  42.33727725  001.40607030 
112  42.33739086  001.40569545  42.33750198  001.40546190 
111  42.33739086  001.40569545 
112  42.33739086  001.40569545  42.33734534  001.40564115 
112  42.33714046  001.40547132  42.33705961  001.40540550 
111  42.33714046  001.40547132 
112  42.33714046  001.40547132  42.33723554  001.40563866 
112  42.33699467  001.40582715  42.33685625  001.40577863 
111  42.33699467  001.40582715 
112  42.33699467  001.40582715  42.33687352  001.40573008 
112  42.33653000  001.40551502  42.33639053  001.40539407 
111  42.33653000  001.40551502 
112  42.33653000  001.40551502  42.33644233  001.40535923 
112  42.33670680  001.40513560  42.33684443  001.40521924 
111  42.33670680  001.40513560 
112  42.33670680  001.40513560  42.33664640  001.40505438 
112  42.33634641  001.40481434  42.33626363  001.40475488 
111  42.33634641  001.40481434 
112  42.33634641  001.40481434  42.33637253  001.40501712 
112  42.33596844  001.40631278  42.33590431  001.40652732 
111  42.33596844  001.40631278 
112  42.33596844  001.40631278  42.33607459  001.40645004 
112  42.33631521  001.40660286  42.33637769  001.40666438 
111  42.33631521  001.40660286 
112  42.33631521  001.40660286  42.33625789  001.40644718 
112  42.33642901  001.40584029  42.33664395  001.40568537 
111  42.33642901  001.40584029 
112  42.33642901  001.40584029  42.33672722  001.40584750 
112  42.33725098  001.40640349  42.33738551  001.40665887 
111  42.33725098  001.40640349 
112  42.33725098  001.40640349  42.33734685  001.40658907 
112  42.33828159  001.40816006  42.33836053  001.40830519 
111  42.33828159  001.40816006 
112  42.33828159  001.40816006  42.33840167  001.40826656 
112  42.33875538  001.40853389  42.33901500  001.40872943 
111  42.33875538  001.40853389 
112  42.33875538  001.40853389  42.33859722  001.40835428 
112  42.33760609  001.40677449  42.33738168  001.40641263 
111  42.33760609  001.40677449 
114  42.33760609  001.40677449  42.33750694  001.40660761 
110   2 0.00 165.00 New Taxiway 3
112  42.34515699  001.41402382  42.34516038  001.41392559 
111  42.34515699  001.41402382 
112  42.34515699  001.41402382  42.34508847  001.41395727 
112  42.34469754  001.41366957  42.34451829  001.41355360 
111  42.34469754  001.41366957 
112  42.34469754  001.41366957  42.34508523  001.41469289 
112  42.34555880  001.41540349  42.34577799  001.41576277 
111  42.34555880  001.41540349 
112  42.34555880  001.41540349  42.34606988  001.41608013 
112  42.34628779  001.41533727  42.34630309  001.41503851 
111  42.34628779  001.41533727 
112  42.34628779  001.41533727  42.34629594  001.41508376 
112  42.34628297  001.41493848  42.34627171  001.41488324 
111  42.34628297  001.41493848 
112  42.34628297  001.41493848  42.34615190  001.41482011 
112  42.34586955  001.41461088  42.34572315  001.41450507 
111  42.34586955  001.41461088 
112  42.34586955  001.41461088  42.34595245  001.41478765 
112  42.34598186  001.41503497  42.34595452  001.41511627 
111  42.34598186  001.41503497 
112  42.34598186  001.41503497  42.34595793  001.41512002 
112  42.34587830  001.41512724  42.34581140  001.41513271 
111  42.34587830  001.41512724 
112  42.34587830  001.41512724  42.34580638  001.41512045 
112  42.34561920  001.41492649  42.34558408  001.41488124 
111  42.34561920  001.41492649 
114  42.34561920  001.41492649  42.34556136  001.41483824 
110   2 0.00 128.00 New Taxiway 4
111  42.33817930  001.40402506 
111  42.33880473  001.40454223 
111  42.33916256  001.40366027 
113  42.33852445  001.40311101 
110   2 0.00 128.00 Parking
111  42.33714776  001.40168933 
111  42.33604733  001.40457358 
111  42.33751786  001.40579438 
113  42.33862917  001.40286513 
130 Airport Boundary 6
112  42.34803625  001.41318976  42.34792930  001.41311745 
111  42.34028242  001.40711520 
111  42.34087064  001.40147454 
111  42.33702046  001.39836495 
111  42.33343766  001.40711520 
113  42.34600421  001.41861348 
14   42.33773608  001.40595924   39 0 Tour
15   42.33767587  001.40320278   0.00 parking
19   42.33809300  001.40750900 0 Windsock
19   42.34536900  001.41660000 0 Windsock
54 12350 TWR
