1      863 1 1 LEZG Zaragoza AB
100   45.11   1   0 0.25 0 3 1 12R  41.68020600 -001.08237200    0.00  299.92 2 10 0 1 30L  41.66346100 -001.04371400    0.00  299.92 2  0 0 0
100   45.11   1   0 0.25 0 3 1 12L  41.66905800 -001.03983300    0.00  299.92 3  5 0 1 30R  41.65539400 -001.00831700    0.00  185.01 3 10 0 1
21   41.66850170 -001.03747950  2 120.12   3.00 12L PAPI-4L
21   41.67965037 -001.08001781  2 120.10   3.00 12R PAPI-4L
21   41.66401742 -001.04606725  2 300.12   3.00 30L PAPI-4L
21   41.65665261 -001.01228730  2 300.14   3.00 30R PAPI-4L
10   41.66704000 -001.06014800 xxx 120.01  2287 0.0 0.0   144 161161  2 0 0 0.25 0
10   41.67279100 -001.07338300 xxx 120.11  6394 0.0 0.0   146 161161  1 0 0 0.25 0
10   41.66433400 -001.02270600 xxx 120.13  9500 0.0 0.0   120 161161  1 0 0 0.25 0
10   41.66205400 -001.05222200 xxx 120.11  3406 0.0 0.0  1123 161161  2 0 0 0.25 0
10   41.66334100 -001.01012800 xxx 306.00   469 0.0 0.0   356 161161  2 0 0 0.25 0
10   41.66386100 -001.01010800 xxx  35.00   377 0.0 0.0   264 161161  2 0 0 0.25 0
10   41.66175200 -001.00820000 xxx 126.13  1492 0.0 0.0   669 161161  2 0 0 0.25 0
10   41.66752600 -001.05721900 xxx 211.00  1045 0.0 0.0   120 161161  1 0 0 0.25 0
10   41.67346600 -001.07101600 xxx 211.00  1071 0.0 0.0   179 161161  1 0 0 0.25 0
10   41.67899200 -001.08279100 xxx 211.80   861 0.0 0.0   185 161161  1 0 0 0.25 0
10   41.67721500 -001.06752000 xxx 289.70  2113 0.0 0.0   591 161161  2 0 0 0.25 0
10   41.67243700 -001.07153700 xxx   0.00   112 0.0 0.0    92 161161  1 0 0 0.25 0
10   41.67215200 -001.07144700 xxx 336.00   112 0.0 0.0    92 161161  1 0 0 0.25 0
10   41.67457500 -001.07043700 xxx   6.00   112 0.0 0.0    92 161161  1 0 0 0.25 0
10   41.67480900 -001.07050500 xxx 339.00   112 0.0 0.0    92 161161  1 0 0 0.25 0
10   41.67200200 -001.07130100 xxx 315.00   112 0.0 0.0    92 161161  1 0 0 0.25 0
10   41.67498500 -001.07066200 xxx 318.00   112 0.0 0.0    92 161161  1 0 0 0.25 0
10   41.67271400 -001.07195200 xxx  69.00   112 0.0 0.0    92 161161  1 0 0 0.25 0
10   41.67264700 -001.07227800 xxx  87.10   151 0.0 0.0   105 161161  1 0 0 0.25 0
10   41.67267200 -001.07267000 xxx 282.00   236 0.0 0.0    92 161161  1 0 0 0.25 0
10   41.67429000 -001.07010100 xxx  63.00   112 0.0 0.0    92 161161  1 0 0 0.25 0
10   41.67436500 -001.06973000 xxx  84.00   112 0.0 0.0    92 161161  1 0 0 0.25 0
10   41.67435700 -001.06929300 xxx  96.00   210 0.0 0.0    92 161161  1 0 0 0.25 0
10   41.67454100 -001.06970800 xxx   0.00   112 0.0 0.0    92 161161  1 0 0 0.25 0
10   41.67585700 -001.06910200 xxx  30.10   794 0.0 0.0   144 161161  1 0 0 0.25 0
10   41.67504400 -001.06945000 xxx   0.00   171 0.0 0.0    92 161161  1 0 0 0.25 0
10   41.67490200 -001.06937100 xxx 335.90   112 0.0 0.0    92 161161  1 0 0 0.25 0
10   41.67462500 -001.06912500 xxx 318.00   112 0.0 0.0    92 161161  1 0 0 0.25 0
10   41.67532100 -001.06974200 xxx  60.10   112 0.0 0.0    92 161161  1 0 0 0.25 0
10   41.67526200 -001.06998900 xxx  84.00   112 0.0 0.0    92 161161  1 0 0 0.25 0
10   41.67512800 -001.06996600 xxx   0.00   112 0.0 0.0    92 161161  1 0 0 0.25 0
10   41.67527000 -001.07041500 xxx  96.00   217 0.0 0.0    92 161161  1 0 0 0.25 0
10   41.67643500 -001.06886700 xxx   6.00   112 0.0 0.0    92 161161  1 0 0 0.25 0
10   41.67660300 -001.06887800 xxx 351.00   112 0.0 0.0    92 161161  1 0 0 0.25 0
10   41.67680400 -001.06899000 xxx 330.00   112 0.0 0.0    92 161161  1 0 0 0.25 0
10   41.67636800 -001.06850700 xxx  51.00   112 0.0 0.0    92 161161  1 0 0 0.25 0
10   41.67649400 -001.06819300 xxx  78.00   112 0.0 0.0    92 161161  1 0 0 0.25 0
10   41.67651900 -001.06783400 xxx 270.00   112 0.0 0.0    92 161161  1 0 0 0.25 0
10   41.67720600 -001.08354300 xxx 314.90    79 0.0 0.0   146 161161  1 0 0 0.25 0
10   41.67961200 -001.08261200 xxx   0.00   112 0.0 0.0    92 161161  1 0 0 0.25 0
10   41.67989700 -001.08265700 xxx 348.00   112 0.0 0.0    92 161161  1 0 0 0.25 0
10   41.68014000 -001.08276900 xxx 326.90   217 0.0 0.0    92 161161  1 0 0 0.25 0
10   41.67995600 -001.08241000 xxx   0.00   112 0.0 0.0    92 161161  1 0 0 0.25 0
10   41.67948600 -001.08265700 xxx  12.00   112 0.0 0.0    92 161161  1 0 0 0.25 0
10   41.67936100 -001.08212900 xxx  63.00   112 0.0 0.0    92 161161  1 0 0 0.25 0
10   41.67945300 -001.08177000 xxx  77.90   112 0.0 0.0    92 161161  1 0 0 0.25 0
10   41.67948600 -001.08135500 xxx 269.90   112 0.0 0.0    92 161161  1 0 0 0.25 0
10   41.67946900 -001.08094000 xxx 279.00   249 0.0 0.0    92 161161  1 0 0 0.25 0
10   41.67969600 -001.08155700 xxx   0.00   112 0.0 0.0    92 161161  1 0 0 0.25 0
10   41.67965400 -001.08180400 xxx   0.00   112 0.0 0.0    92 161161  1 0 0 0.25 0
10   41.67733200 -001.08368900 xxx 329.90    79 0.0 0.0   146 161161  1 0 0 0.25 0
10   41.67747500 -001.08375600 xxx 347.90    79 0.0 0.0   146 161161  1 0 0 0.25 0
10   41.67762600 -001.08379000 xxx   3.00    79 0.0 0.0   146 161161  1 0 0 0.25 0
10   41.67776000 -001.08375600 xxx  17.90    79 0.0 0.0   146 161161  1 0 0 0.25 0
10   41.67792700 -001.08362200 xxx  44.90    79 0.0 0.0   146 161161  1 0 0 0.25 0
10   41.67780200 -001.08375600 xxx  14.80    79 0.0 0.0   146 161161  1 0 0 0.25 0
10   41.67797800 -001.08370000 xxx  20.90    72 0.0 0.0   146 161161  1 0 0 0.25 0
10   41.67781000 -001.08361000 xxx   8.90    72 0.0 0.0   146 161161  1 0 0 0.25 0
10   41.67758400 -001.08359900 xxx 347.90    79 0.0 0.0   146 161161  1 0 0 0.25 0
10   41.67745000 -001.08356600 xxx 338.90    79 0.0 0.0   146 161161  1 0 0 0.25 0
10   41.67725700 -001.08345300 xxx 332.90    79 0.0 0.0   146 161161  1 0 0 0.25 0
10   41.66844000 -001.05665800 xxx   5.90   112 0.0 0.0    92 161161  1 0 0 0.25 0
10   41.66872400 -001.05670300 xxx 342.00   112 0.0 0.0    92 161161  1 0 0 0.25 0
10   41.66896800 -001.05684900 xxx 326.90   112 0.0 0.0    92 161161  1 0 0 0.25 0
10   41.66838100 -001.05638900 xxx  51.00   112 0.0 0.0    92 161161  1 0 0 0.25 0
10   41.66846500 -001.05613100 xxx  72.00   112 0.0 0.0    92 161161  1 0 0 0.25 0
10   41.66849000 -001.05580600 xxx  87.00   112 0.0 0.0    92 161161  1 0 0 0.25 0
10   41.66653700 -001.05785900 xxx   0.00   112 0.0 0.0    92 161161  1 0 0 0.25 0
10   41.66629400 -001.05781400 xxx 342.00   112 0.0 0.0    92 161161  1 0 0 0.25 0
10   41.66610900 -001.05768000 xxx 326.80   112 0.0 0.0    92 161161  1 0 0 0.25 0
10   41.66665400 -001.05815100 xxx  69.10   112 0.0 0.0    92 161161  1 0 0 0.25 0
10   41.66662100 -001.05839800 xxx  84.00   112 0.0 0.0    92 161161  1 0 0 0.25 0
10   41.66662900 -001.05875700 xxx 102.00   112 0.0 0.0    92 161161  1 0 0 0.25 0
10   41.66641100 -001.05843100 xxx   0.00   112 0.0 0.0    92 161161  1 0 0 0.25 0
10   41.66614300 -001.05792600 xxx   0.00   112 0.0 0.0    92 161161  1 0 0 0.25 0
10   41.66551400 -001.05700600 xxx 327.00   112 0.0 0.0    92 161161  2 0 0 0.25 0
10   41.66529600 -001.05691700 xxx 351.00   112 0.0 0.0    92 161161  2 0 0 0.25 0
10   41.66510400 -001.05693900 xxx  12.00   112 0.0 0.0    92 161161  2 0 0 0.25 0
10   41.66466800 -001.05728700 xxx  54.10   112 0.0 0.0    92 161161  2 0 0 0.25 0
10   41.66461800 -001.05745500 xxx  75.00   112 0.0 0.0    92 161161  2 0 0 0.25 0
10   41.66614300 -001.06193200 xxx  31.10  1051 0.0 0.0    92 161161  2 0 0 0.25 0
10   41.66472700 -001.06015900 xxx 119.70  1325 0.0 0.0   638 161161  2 0 0 0.25 0
10   41.66716600 -001.06129300 xxx   0.00   112 0.0 0.0    92 161161  2 0 0 0.25 0
10   41.66741700 -001.06141600 xxx 326.90   112 0.0 0.0    92 161161  2 0 0 0.25 0
10   41.66703100 -001.06128100 xxx  18.00   112 0.0 0.0    92 161161  2 0 0 0.25 0
10   41.66702300 -001.06111300 xxx  57.00   112 0.0 0.0    92 161161  2 0 0 0.25 0
10   41.66707300 -001.06086600 xxx 257.90   112 0.0 0.0    92 161161  2 0 0 0.25 0
10   41.66707300 -001.06055200 xxx 275.90   112 0.0 0.0    92 161161  2 0 0 0.25 0
10   41.66642000 -001.06158400 xxx   3.00   112 0.0 0.0    92 161161  2 0 0 0.25 0
10   41.66627700 -001.06153900 xxx 344.90   112 0.0 0.0    92 161161  2 0 0 0.25 0
10   41.66460900 -001.05778100 xxx 278.90   112 0.0 0.0    92 161161  2 0 0 0.25 0
10   41.66221200 -001.04511200 xxx  30.00  1050 0.0 0.0   105 161161  2 0 0 0.25 0
10   41.66149100 -001.04571800 xxx  48.00   112 0.0 0.0    92 161161  2 0 0 0.25 0
10   41.66136600 -001.04602100 xxx  75.00   112 0.0 0.0    92 161161  2 0 0 0.25 0
10   41.66134900 -001.04635800 xxx 273.00   112 0.0 0.0    92 161161  2 0 0 0.25 0
10   41.66115600 -001.04611100 xxx   0.00   112 0.0 0.0    92 161161  2 0 0 0.25 0
10   41.66139100 -001.04678400 xxx 282.00   197 0.0 0.0    92 161161  2 0 0 0.25 0
10   41.65953200 -001.04515500 xxx 120.00   873 0.0 0.0    92 161161  1 0 0 0.25 0
10   41.66138200 -001.04373200 xxx 344.90  1824 0.0 0.0    92 161161  1 0 0 0.25 0
10   41.65893600 -001.04372700 xxx 282.00    52 0.0 0.0    92 161161  1 0 0 0.25 0
10   41.65913000 -001.04306800 xxx   6.00   112 0.0 0.0    92 161161  1 0 0 0.25 0
10   41.66155500 -001.04523800 xxx  30.00   453 0.0 0.0   157 161161  1 0 0 0.25 0
10   41.66267700 -001.04443200 xxx   6.00   118 0.0 0.0   131 161161  1 0 0 0.25 0
10   41.66315500 -001.04381000 xxx  75.00   282 0.0 0.0   217 161161  1 0 0 0.25 0
10   41.66305100 -001.04330000 xxx  93.00   112 0.0 0.0    92 161161  1 0 0 0.25 0
10   41.66251100 -001.04408800 xxx   0.00   112 0.0 0.0    92 161161  1 0 0 0.25 0
10   41.66285700 -001.04399600 xxx  39.00   112 0.0 0.0    92 161161  1 0 0 0.25 0
10   41.66307900 -001.04457100 xxx 186.10   112 0.0 0.0    92 161161  1 0 0 0.25 0
10   41.66333500 -001.04458900 xxx 168.00   112 0.0 0.0    92 161161  1 0 0 0.25 0
10   41.66362600 -001.04475600 xxx 147.00   223 0.0 0.0    92 161161  1 0 0 0.25 0
10   41.66628600 -001.04195600 xxx  30.00  2274 0.0 0.0   131 161161  1 0 0 0.25 0
10   41.66404800 -001.04388400 xxx  63.00   112 0.0 0.0    92 161161  1 0 0 0.25 0
10   41.66389600 -001.04407000 xxx  75.00   112 0.0 0.0    92 161161  1 0 0 0.25 0
10   41.66396500 -001.04420900 xxx  75.00   112 0.0 0.0    92 161161  1 0 0 0.25 0
10   41.66393700 -001.04457100 xxx  98.90   112 0.0 0.0    92 161161  1 0 0 0.25 0
10   41.66902800 -001.03107900 xxx 119.93  3682 0.0 0.0   566 161161  2 0 0 0.25 0
10   41.65891600 -001.04357800 xxx 276.00    52 0.0 0.0    92 161161  1 0 0 0.25 0
10   41.65891600 -001.04343000 xxx 273.00    52 0.0 0.0    92 161161  1 0 0 0.25 0
10   41.65894300 -001.04297600 xxx 264.00   217 0.0 0.0    92 161161  1 0 0 0.25 0
10   41.65944900 -001.04325400 xxx 267.00    52 0.0 0.0   427 161161  1 0 0 0.25 0
10   41.65912300 -001.04329100 xxx 291.00    52 0.0 0.0    92 161161  1 0 0 0.25 0
10   41.65900600 -001.04343000 xxx 333.00    52 0.0 0.0    92 161161  1 0 0 0.25 0
10   41.65892900 -001.04270700 xxx 188.90    52 0.0 0.0    92 161161  1 0 0 0.25 0
10   41.65905400 -001.04267900 xxx 185.90    52 0.0 0.0    92 161161  1 0 0 0.25 0
10   41.65917200 -001.04267900 xxx 182.80    52 0.0 0.0    92 161161  1 0 0 0.25 0
10   41.65928300 -001.04268800 xxx 171.00    52 0.0 0.0    92 161161  1 0 0 0.25 0
10   41.65940700 -001.04272500 xxx 168.00    52 0.0 0.0    92 161161  1 0 0 0.25 0
10   41.65951800 -001.04276200 xxx 165.00    52 0.0 0.0    92 161161  1 0 0 0.25 0
10   41.65964300 -001.04282700 xxx 159.00    52 0.0 0.0    92 161161  1 0 0 0.25 0
10   41.65974000 -001.04289200 xxx 147.00    52 0.0 0.0    92 161161  1 0 0 0.25 0
10   41.65984400 -001.04298500 xxx 141.00    52 0.0 0.0    92 161161  1 0 0 0.25 0
10   41.65995500 -001.04313300 xxx 132.00    79 0.0 0.0    92 161161  1 0 0 0.25 0
10   41.66255200 -001.04466300 xxx 150.00    52 0.0 0.0    92 161161  1 0 0 0.25 0
10   41.66253800 -001.04429300 xxx 213.00    52 0.0 0.0    92 161161  1 0 0 0.25 0
10   41.66236500 -001.04483000 xxx 180.00    52 0.0 0.0    92 161161  1 0 0 0.25 0
10   41.66247600 -001.04480300 xxx 198.10    52 0.0 0.0    92 161161  1 0 0 0.25 0
10   41.66224000 -001.04482100 xxx 168.00    52 0.0 0.0    92 161161  1 0 0 0.25 0
10   41.66211600 -001.04475600 xxx 153.00    52 0.0 0.0    92 161161  1 0 0 0.25 0
10   41.66200500 -001.04470100 xxx 164.90    52 0.0 0.0    92 161161  1 0 0 0.25 0
10   41.66190800 -001.04467300 xxx 180.00    52 0.0 0.0    92 161161  1 0 0 0.25 0
10   41.66179700 -001.04469100 xxx 186.00    52 0.0 0.0    92 161161  1 0 0 0.25 0
10   41.66167200 -001.04471900 xxx 192.00    52 0.0 0.0    92 161161  1 0 0 0.25 0
10   41.66158200 -001.04475600 xxx 191.90    52 0.0 0.0    92 161161  1 0 0 0.25 0
10   41.66148500 -001.04478400 xxx 195.00    52 0.0 0.0    92 161161  1 0 0 0.25 0
10   41.66138100 -001.04484000 xxx 201.00    52 0.0 0.0    92 161161  1 0 0 0.25 0
10   41.66129100 -001.04491400 xxx  35.80    52 0.0 0.0    92 161161  1 0 0 0.25 0
10   41.66120100 -001.04501600 xxx 225.00    52 0.0 0.0    92 161161  1 0 0 0.25 0
10   41.66113200 -001.04512700 xxx 230.80    52 0.0 0.0    92 161161  1 0 0 0.25 0
10   41.66107000 -001.04524800 xxx 240.00    52 0.0 0.0    92 161161  1 0 0 0.25 0
10   41.66104200 -001.04537700 xxx 258.00    52 0.0 0.0    92 161161  1 0 0 0.25 0
10   41.66102100 -001.04554400 xxx 258.00    52 0.0 0.0    92 161161  1 0 0 0.25 0
10   41.66098700 -001.04572100 xxx 255.00    52 0.0 0.0    92 161161  1 0 0 0.25 0
10   41.66093800 -001.04589700 xxx 246.00    52 0.0 0.0    92 161161  1 0 0 0.25 0
10   41.66085500 -001.04609200 xxx 231.00    52 0.0 0.0    92 161161  1 0 0 0.25 0
10   41.66267700 -001.04401400 xxx 279.00    52 0.0 0.0    92 161161  1 0 0 0.25 0
10   41.66296100 -001.04305000 xxx 197.90    52 0.0 0.0    92 161161  1 0 0 0.25 0
10   41.67093700 -001.03833500 xxx 258.00    52 0.0 0.0   120 161161  1 0 0 0.25 0
10   41.66846800 -001.04013800 xxx 230.90   112 0.0 0.0    92 161161  1 0 0 0.25 0
10   41.66857100 -001.03990600 xxx 245.90   112 0.0 0.0    92 161161  1 0 0 0.25 0
10   41.66862700 -001.03959100 xxx 266.90   112 0.0 0.0    92 161161  1 0 0 0.25 0
10   41.66864100 -001.03935900 xxx  95.70   335 0.0 0.0   105 161161  1 0 0 0.25 0
10   41.66994000 -001.03928900 xxx 209.90   755 0.0 0.0   120 161161  1 0 0 0.25 0
10   41.67030900 -001.03937900 xxx 209.90   341 0.0 0.0    92 161161  1 0 0 0.25 0
10   41.66980600 -001.03963700 xxx 170.90   131 0.0 0.0    92 161161  1 0 0 0.25 0
10   41.67066900 -001.03898600 xxx 263.80   112 0.0 0.0    92 161161  1 0 0 0.25 0
10   41.67116300 -001.03825700 xxx 122.90   538 0.0 0.0    92 161161  1 0 0 0.25 0
10   41.67108000 -001.03849200 xxx 185.90   112 0.0 0.0    92 161161  1 0 0 0.25 0
10   41.66947000 -001.03948000 xxx 185.90   112 0.0 0.0    92 161161  1 0 0 0.25 0
10   41.66925300 -001.03946800 xxx 164.90   112 0.0 0.0    92 161161  1 0 0 0.25 0
10   41.66902600 -001.03934500 xxx 146.90   112 0.0 0.0    92 161161  1 0 0 0.25 0
10   41.67093700 -001.03730300 xxx 251.90   112 0.0 0.0    92 161161  1 0 0 0.25 0
10   41.67091200 -001.03756100 xxx 275.90   112 0.0 0.0    92 161161  1 0 0 0.25 0
10   41.67102900 -001.03716800 xxx 230.90   112 0.0 0.0    92 161161  1 0 0 0.25 0
10   41.66669600 -001.03128900 xxx 209.90   833 0.0 0.0    92 161161  1 0 0 0.25 0
10   41.66732500 -001.03088500 xxx 194.90   112 0.0 0.0    92 161161  1 0 0 0.25 0
10   41.66749200 -001.03090700 xxx 176.80   112 0.0 0.0    92 161161  1 0 0 0.25 0
10   41.66766800 -001.03098600 xxx 155.90   112 0.0 0.0    92 161161  1 0 0 0.25 0
10   41.66756800 -001.03073900 xxx 185.90   112 0.0 0.0    92 161161  1 0 0 0.25 0
10   41.66792800 -001.03119900 xxx 134.80   112 0.0 0.0    92 161161  1 0 0 0.25 0
10   41.66608400 -001.03169300 xxx 185.90   112 0.0 0.0    92 161161  1 0 0 0.25 0
10   41.66585800 -001.03167000 xxx 170.90   112 0.0 0.0    92 161161  1 0 0 0.25 0
10   41.66564900 -001.03156900 xxx 149.90   112 0.0 0.0    92 161161  1 0 0 0.25 0
10   41.66611800 -001.03185000 xxx 237.10   112 0.0 0.0    92 161161  1 0 0 0.25 0
10   41.66604200 -001.03209700 xxx 257.90   112 0.0 0.0    92 161161  1 0 0 0.25 0
10   41.66604200 -001.03246700 xxx 278.90   112 0.0 0.0    92 161161  1 0 0 0.25 0
10   41.66735000 -001.03068300 xxx 234.00   105 0.0 0.0    92 161161  1 0 0 0.25 0
10   41.66741700 -001.03039100 xxx 254.90   112 0.0 0.0    92 161161  1 0 0 0.25 0
10   41.66743400 -001.03008800 xxx  92.80   112 0.0 0.0    92 161161  1 0 0 0.25 0
10   41.66333500 -001.02345700 xxx 209.90   807 0.0 0.0   118 161161  1 0 0 0.25 0
10   41.66401400 -001.02310900 xxx 185.90   112 0.0 0.0    92 161161  1 0 0 0.25 0
10   41.66420700 -001.02314200 xxx 167.80   112 0.0 0.0    92 161161  1 0 0 0.25 0
10   41.66449200 -001.02332200 xxx 137.80   112 0.0 0.0    92 161161  1 0 0 0.25 0
10   41.66267300 -001.02380400 xxx 185.90   112 0.0 0.0    92 161161  1 0 0 0.25 0
10   41.66240500 -001.02391700 xxx 167.90   112 0.0 0.0    92 161161  1 0 0 0.25 0
10   41.66247200 -001.02378200 xxx 170.80   112 0.0 0.0    92 161161  1 0 0 0.25 0
10   41.66221200 -001.02365900 xxx 152.90   112 0.0 0.0    92 161161  1 0 0 0.25 0
10   41.66395500 -001.02280600 xxx 236.90   112 0.0 0.0    92 161161  1 0 0 0.25 0
10   41.66400600 -001.02262600 xxx 254.90   112 0.0 0.0    92 161161  1 0 0 0.25 0
10   41.66403100 -001.02225600 xxx  95.90   112 0.0 0.0    92 161161  1 0 0 0.25 0
10   41.66273200 -001.02411900 xxx 240.00   112 0.0 0.0    92 161161  1 0 0 0.25 0
10   41.66268100 -001.02437700 xxx 260.90   112 0.0 0.0    92 161161  1 0 0 0.25 0
10   41.66269000 -001.02473600 xxx 278.80   144 0.0 0.0    92 161161  1 0 0 0.25 0
10   41.66250500 -001.02428700 xxx 185.90   112 0.0 0.0    92 161161  1 0 0 0.25 0
10   41.66018400 -001.01629800 xxx 209.90   840 0.0 0.0   118 161161  1 0 0 0.25 0
10   41.66090500 -001.01592800 xxx 185.90   112 0.0 0.0    92 161161  1 0 0 0.25 0
10   41.66113100 -001.01596100 xxx 167.90   112 0.0 0.0    92 161161  1 0 0 0.25 0
10   41.66135700 -001.01608500 xxx 146.90   112 0.0 0.0    92 161161  1 0 0 0.25 0
10   41.66082900 -001.01567000 xxx 233.90   112 0.0 0.0    92 161161  1 0 0 0.25 0
10   41.66096300 -001.01544500 xxx 255.00   112 0.0 0.0    92 161161  1 0 0 0.25 0
10   41.66090500 -001.01537800 xxx 260.90   112 0.0 0.0    92 161161  1 0 0 0.25 0
10   41.66090500 -001.01500800 xxx 275.90   112 0.0 0.0    92 161161  1 0 0 0.25 0
10   41.66801800 -001.02726300 xxx 119.93  1500 0.0 0.0   526 161161  2 0 0 0.25 0
10   41.66975500 -001.03066200 xxx  89.93  1124 0.0 0.0   526 161161  2 0 0 0.25 0
10   41.67084500 -001.03858200 xxx 228.00    52 0.0 0.0   120 161161  1 0 0 0.25 0
10   41.67089500 -001.03848100 xxx 246.00    52 0.0 0.0   120 161161  1 0 0 0.25 0
10   41.67095400 -001.03817800 xxx 264.00    52 0.0 0.0   120 161161  1 0 0 0.25 0
10   41.67094600 -001.03805500 xxx 275.90    52 0.0 0.0   120 161161  1 0 0 0.25 0
10   41.67089500 -001.03778500 xxx 294.00    46 0.0 0.0   120 161161  1 0 0 0.25 0
10   41.67092900 -001.03789800 xxx 282.00    46 0.0 0.0   120 161161  1 0 0 0.25 0
10   41.67097100 -001.03853700 xxx  12.00    46 0.0 0.0   120 161161  1 0 0 0.25 0
10   41.67107100 -001.03853700 xxx   2.90    46 0.0 0.0   120 161161  1 0 0 0.25 0
10   41.67121400 -001.03856000 xxx 342.00    46 0.0 0.0   120 161161  1 0 0 0.25 0
10   41.67131400 -001.03869400 xxx 330.00    46 0.0 0.0    81 161161  1 0 0 0.25 0
10   41.65907700 -001.00614300 xxx 354.00    46 0.0 0.0    92 161161  1 0 0 0.25 0
10   41.65958900 -001.01665700 xxx 191.90   112 0.0 0.0    92 161161  1 0 0 0.25 0
10   41.65937900 -001.01669100 xxx 173.90   112 0.0 0.0    92 161161  1 0 0 0.25 0
10   41.65912800 -001.01657800 xxx 149.70   112 0.0 0.0    92 161161  1 0 0 0.25 0
10   41.65962200 -001.01688100 xxx 234.00   112 0.0 0.0    92 161161  1 0 0 0.25 0
10   41.65957200 -001.01711700 xxx 254.90   112 0.0 0.0    92 161161  1 0 0 0.25 0
10   41.65957200 -001.01740900 xxx  95.80   112 0.0 0.0    92 161161  1 0 0 0.25 0
10   41.65963900 -001.01781300 xxx 107.80   197 0.0 0.0    92 161161  1 0 0 0.25 0
10   41.66171800 -001.01310000 xxx 256.50  1371 0.0 0.0   105 161161  1 0 0 0.25 0
10   41.66115600 -001.01481700 xxx 191.90   131 0.0 0.0   197 161161  1 0 0 0.25 0
10   41.66093800 -001.01459200 xxx 158.70   112 0.0 0.0    92 161161  1 0 0 0.25 0
10   41.66139900 -001.01443500 xxx 227.80   112 0.0 0.0    92 161161  1 0 0 0.25 0
10   41.66136600 -001.01547900 xxx 272.90   184 0.0 0.0    92 161161  1 0 0 0.25 0
10   41.66196900 -001.01137200 xxx 263.90   249 0.0 0.0    92 161161  1 0 0 0.25 0
10   41.66196900 -001.01095700 xxx 272.90   112 0.0 0.0    92 161161  1 0 0 0.25 0
10   41.66191900 -001.01045200 xxx 101.90   171 0.0 0.0    92 161161  1 0 0 0.25 0
10   41.66215300 -001.01110300 xxx 239.90   151 0.0 0.0    92 161161  1 0 0 0.25 0
10   41.65729200 -001.00740000 xxx 209.90  1327 0.0 0.0    92 161161  1 0 0 0.25 0
10   41.65982300 -001.00625500 xxx 173.90   525 0.0 0.0    92 161161  1 0 0 0.25 0
10   41.65772000 -001.00778100 xxx 155.80   112 0.0 0.0    92 161161  1 0 0 0.25 0
10   41.65751900 -001.00771400 xxx 170.80   112 0.0 0.0    92 161161  1 0 0 0.25 0
10   41.65725900 -001.00770300 xxx 185.80   112 0.0 0.0    92 161161  1 0 0 0.25 0
10   41.65697400 -001.00777000 xxx 191.90   190 0.0 0.0    92 161161  1 0 0 0.25 0
10   41.65792900 -001.00769200 xxx 272.90   112 0.0 0.0    92 161161  1 0 0 0.25 0
10   41.65794600 -001.00733300 xxx 263.90   112 0.0 0.0    92 161161  1 0 0 0.25 0
10   41.65802100 -001.00696200 xxx 245.90   112 0.0 0.0    92 161161  1 0 0 0.25 0
10   41.65761900 -001.00744500 xxx 272.90   151 0.0 0.0   171 161161  1 0 0 0.25 0
10   41.65614400 -001.00841000 xxx 245.90   112 0.0 0.0    92 161161  1 0 0 0.25 0
10   41.65609400 -001.00870200 xxx 263.80   112 0.0 0.0    92 161161  1 0 0 0.25 0
10   41.65609400 -001.00909400 xxx 272.90   112 0.0 0.0    92 161161  1 0 0 0.25 0
10   41.65612700 -001.00949800 xxx 281.90   394 0.0 0.0    92 161161  1 0 0 0.25 0
10   41.65586700 -001.00869000 xxx 272.90   112 0.0 0.0    92 161161  1 0 0 0.25 0
10   41.65588400 -001.00897100 xxx 272.90   112 0.0 0.0    92 161161  1 0 0 0.25 0
10   41.65899400 -001.00614300 xxx   9.00    46 0.0 0.0    92 161161  1 0 0 0.25 0
10   41.65891000 -001.00616600 xxx  18.00    46 0.0 0.0    92 161161  1 0 0 0.25 0
14   41.66362000 -001.06152800   60 0 ATC Tower
15   41.66735300 -001.02546200  30.00 East Mil cargo Ramp 65
15   41.66778300 -001.02655700  30.00 East Mil cargo Ramp 66
15   41.66826400 -001.02767000  30.00 East Mil cargo Ramp 67
15   41.66874500 -001.02878300  30.00 East Mil cargo Ramp 68
15   41.66780300 -001.02956700  30.00 East Mil cargo Ramp 69
15   41.66727100 -001.02843600  30.00 East Mil cargo Ramp 70
15   41.66673500 -001.02719500  30.00 East Mil cargo Ramp 71
15   41.66629000 -001.02611200  30.00 East Mil cargo Ramp 72
15   41.67027900 -001.03342100  30.00 East Mil cargo Ramp 74
15   41.67080200 -001.03473000  30.00 East Mil cargo Ramp 75
15   41.67143900 -001.03600800  30.00 East Mil cargo Ramp 76
15   41.66076800 -001.00600900  30.00 Gate A 1
15   41.66088000 -001.00624300  30.00 Gate A 2
15   41.66105000 -001.00666200  30.00 Gate B 1
15   41.66115700 -001.00688400  30.00 Gate B 2
15   41.66132700 -001.00730400  30.00 Gate D 1
15   41.66149800 -001.00768200  30.00 Gate D 2
15   41.66165400 -001.00800900  30.00 Gate E 1
15   41.66175600 -001.00822000  30.00 Gate E 2
15   41.66187200 -001.00846400  30.00 Gate F 1
15   41.66198500 -001.00872600  30.00 Gate F 2
15   41.66210200 -001.00899000  30.35 Gate G 1
15   41.66223100 -001.00926200  30.00 Gate G 2
15   41.66234500 -001.00955300  38.26 Gate H 1
15   41.66249400 -001.00978200  31.39 Gate H 2
15   41.66261000 -001.01003000  29.09 Gate I 1
15   41.66269900 -001.01033200  30.00 Gate I 2
15   41.66216900 -001.05003300  30.00 South Mil cargo Ramp 30
15   41.66176300 -001.04889300  30.00 South Mil cargo Ramp 31
15   41.66130200 -001.04782700  30.00 South Mil cargo Ramp 32
15   41.66084200 -001.04676100  30.50 South Mil cargo Ramp 33
15   41.66107000 -001.05088100 208.84 South Mil cargo Ramp 34
15   41.66059000 -001.04979800 210.15 South Mil cargo Ramp 35
15   41.65964500 -001.04768400 210.25 South Mil cargo Ramp 37
15   41.66535800 -001.06123500 210.00 South Military Ramp 1
15   41.66203100 -001.05363300 210.00 South Military Ramp 10
15   41.66170600 -001.05288200 211.56 South Military Ramp 11
15   41.66138200 -001.05213100 211.15 South Military Ramp 12
15   41.66393800 -001.05530900  30.00 South Military Ramp 13
15   41.66355900 -001.05445600  30.00 South Military Ramp 14
15   41.66324100 -001.05367100  30.00 South Military Ramp 15
15   41.66291800 -001.05294800  30.00 South Military Ramp 16
15   41.66260200 -001.05219100  30.00 South Military Ramp 17
15   41.66224000 -001.05145500  30.00 South Military Ramp 18
15   41.66452900 -001.05449100  30.00 South Military Ramp 19
15   41.66493600 -001.06035700 210.00 South Military Ramp 2
15   41.66412500 -001.05365600  30.00 South Military Ramp 20
15   41.66385200 -001.05302500  30.00 South Military Ramp 21
15   41.66360300 -001.05244800  30.00 South Military Ramp 22
15   41.66332200 -001.05182400  30.00 South Military Ramp 23
15   41.66301500 -001.05108800  30.00 South Military Ramp 24
15   41.66454200 -001.05937000 210.00 South Military Ramp 3
15   41.66013800 -001.04872500 209.11 South Military Ramp 36
15   41.66417300 -001.05856600 210.00 South Military Ramp 4
15   41.66381600 -001.05773900 210.00 South Military Ramp 5
15   41.66346800 -001.05693400 210.00 South Military Ramp 6
15   41.66304700 -001.05601100 210.00 South Military Ramp 7
15   41.66267600 -001.05515200 210.00 South Military Ramp 8
15   41.66235000 -001.05437300 210.00 South Military Ramp 9
15   41.67792600 -001.06950400  30.00 West Mil cargo Ramp 50
15   41.67770900 -001.06871900  30.00 West Mil cargo Ramp 51
15   41.67749300 -001.06799800  30.00 West Mil cargo Ramp 52
15   41.67731400 -001.06722800  30.00 West Mil cargo Ramp 53
15   41.67711600 -001.06657900  30.00 West Mil cargo Ramp 54
15   41.67690000 -001.06588100  30.00 West Mil cargo Ramp 55
15   41.67720600 -001.06941700 210.00 West Mil cargo Ramp 56
15   41.67704400 -001.06857500 210.00 West Mil cargo Ramp 57
15   41.67681100 -001.06785300 210.00 West Mil cargo Ramp 58
15   41.67664900 -001.06718000 210.00 West Mil cargo Ramp 59
15   41.67648700 -001.06645800 210.00 West Mil cargo Ramp 60
18   41.67908700 -001.07643100 1 BCN
18   41.65894900 -001.01375200 1 BCN
19   41.68070800 -001.08124600 1 WS
19   41.66432400 -001.04727400 1 WS
19   41.66667600 -001.03645300 1 WS
19   41.65881000 -001.01335600 1 WS
19   41.67819800 -001.08111400 1 WS
53 11810 GND
54 12210 TWR
54 11810 TWR
55 12705 APP
55 11930 APP
