1      912 0 1 LFCC Cahors Lalbenque
100   29.87   1   0 0.25 0 1 0 13   44.35555600  001.46750000    0.00    0.00 2  0 0 1 31   44.34722100  001.48194400    0.00    0.00 2  0 0 0
21   44.35468449  001.46975097  2 128.90   3.00 13  PAPI-4L
110   1 0.30 128.90 Default taxiway for RWY 13
111  44.35545315  001.46738394   3 102 
111  44.35492838  001.46679177   3 102 
111  44.34659429  001.48123792   3 102 
111  44.34711906  001.48183000 
112  44.34728786  001.48153741  44.34720171  001.48168174   3 102 
111  44.34707618  001.48154011   3 102 
112  44.34690882  001.48135128  44.34678330  001.48120965   3 102 
111  44.34686770  001.48106335   3 102 
111  44.35082375  001.47420602   3 102 
111  44.35124391  001.47468012 
111  44.35132830  001.47453383   3 102 
111  44.35090814  001.47405973   3 102 
112  44.35486419  001.46720240  44.35494859  001.46705610   3 102 
111  44.35507411  001.46719775   3 102 
112  44.35524147  001.46738661  44.35536700  001.46752825   3 102 
113  44.35528435  001.46767653 
120 Default hold RWY 13 (near)
111  44.35524219  001.46714589   4 
115  44.35515779  001.46729218 
120 Default hold RWY 13 (centre)
111  44.35111734  001.47429579   4 
115  44.35103295  001.47444208 
120 Default hold RWY 13 (far)
111  44.34699250  001.48144570   4 
115  44.34690810  001.48159199 
18   44.35212166  001.47554839 1 BCN
19   44.35603861  001.46756153 1 WS
19   44.34673840  001.48188237 1 WS
54 11922 CAHORS INFO
