1      531 0 1 LFEK Issoudun le Fay
100   99.97   3   0 0.25 0 0 0 36   46.88538970  002.04060701    0.00    0.00 1  0 0 0 18   46.89390430  002.03951699    0.00    0.00 1  0 0 0
100   99.97   3   0 0.25 0 0 0 29   46.88796744  002.04662563    0.00    0.00 1  0 0 0 11   46.89106856  002.03539437    0.00    0.00 1  0 0 0
100   99.97   3   0 0.25 0 0 0 06   46.88629432  002.03767056    0.00    0.00 1  0 0 0 24   46.88963168  002.04548544    0.00    0.00 1  0 0 0
19   46.88696197  002.03550776 1 WS
19   46.89265684  002.03491331 1 WS
19   46.89491820  002.04136964 1 WS
19   46.88896389  002.04764830 1 WS
19   46.88637911  002.04710634 1 WS
19   46.88437582  002.03875470 1 WS
