1      650 0 1 LFHJ Lyon Corbas
100   85.04   3   0 0.25 0 0 0 19L  45.65814435  004.91440621    0.00    0.00 1  0 0 0 01R  45.65018965  004.91380979    0.00    0.00 1  0 0 0
100   99.97   3   0 0.25 0 0 0 19R  45.65814435  004.91341221    0.00    0.00 1  0 0 0 01L  45.65018965  004.91281579    0.00    0.00 1  0 0 0
100   99.97   3   0 0.25 0 2 0 36L  45.65816992  004.91337027    0.00    0.00 1  0 0 0 18R  45.65024008  004.91237773    0.00    0.00 1  0 0 0
100   85.04   3   0 0.25 0 2 0 36R  45.65809792  004.91460427    0.00    0.00 1  0 0 0 18L  45.65016808  004.91361173    0.00    0.00 1  0 0 0
10   45.65406100  004.91493000 xxx 185.00  2907 0.0 0.0    66 101101  2 0 0 0.25 0
10   45.65473600  004.91123100 xxx   1.70   735 0.0 0.0   269 101101  2 0 0 0.25 0
10   45.65512500  004.90906100 xxx  91.40   735 0.0 0.0   177 101101  2 0 0 0.25 0
10   45.65578100  004.90939800 xxx  91.40   735 0.0 0.0   177 101101  2 0 0 0.25 0
10   45.65734900  004.91160900 xxx  91.50   341 0.0 0.0   335 101101  2 0 0 0.25 0
14   45.65659500  004.91146000    0 0 Tower Viewpoint
15   45.65461800  004.91148600   0.00 Custom Startup Location
18   45.65389967  004.91792343 1 BCN
19   45.65646900  004.91218000 0 WS
