1      576 0 1 LFJB Mauleon 
100   20.12   1   0 0.25 0 1 0 04   46.89915800 -000.70140300    0.00    0.00 2  0 0 0 22   46.90861900 -000.69137400    0.00    0.00 2  0 0 0
110   1 0.30  35.91 Default taxiway for RWY 04
111  46.89910623 -000.70129837   3 102 
111  46.89883946 -000.70075922   3 102 
111  46.90830090 -000.69073187   3 102 
111  46.90856767 -000.69127112 
112  46.90842104 -000.69142652  46.90849303 -000.69134615   3 102 
111  46.90842932 -000.69121738   3 102 
112  46.90834438 -000.69104567  46.90828067 -000.69091689   3 102 
111  46.90820736 -000.69099459   3 102 
111  46.90365993 -000.69581401   3 102 
111  46.90387361 -000.69624590 
111  46.90380029 -000.69632359   3 102 
111  46.90358661 -000.69589170   3 102 
112  46.89903918 -000.70071111  46.89896586 -000.70078881   3 102 
111  46.89902957 -000.70091757   3 102 
112  46.89911451 -000.70108925  46.89917822 -000.70121800   3 102 
113  46.89925286 -000.70114297 
120 Default hold RWY 04 (near)
111  46.89899873 -000.70108111   4 
115  46.89907204 -000.70100341 
120 Default hold RWY 04 (centre)
111  46.90369279 -000.69610631   4 
115  46.90376611 -000.69602862 
120 Default hold RWY 04 (far)
111  46.90838685 -000.69113152   4 
115  46.90846017 -000.69105382 
18   46.90425952 -000.69714141 1 BCN
19   46.89917064 -000.70188029 1 WS
19   46.90860632 -000.69089663 1 WS
