1     3362 0 1 LFNB Mende Brenoux
100   29.87   1   0 0.25 0 1 0 13   44.50548600  003.52619200  195.07    0.00 2  0 0 1 31   44.49868900  003.53951900  249.94    0.00 2  0 0 0
21   44.50368858  003.53051835  2 125.56   3.00 13  PAPI-4L
21   44.50077415  003.53463043  2 305.57   3.00 31  PAPI-4L
110   1 0.30 125.56 Default taxiway for RWY 13
111  44.50537849  003.52608423   3 102 
111  44.50482999  003.52553435   3 102 
111  44.49803376  003.53886298   3 102 
111  44.49858226  003.53941279 
112  44.49873861  003.53910618  44.49865861  003.53925765   3 102 
111  44.49852741  003.53912614   3 102 
112  44.49835247  003.53895079  44.49822127  003.53881927   3 102 
111  44.49829944  003.53866596   3 102 
111  44.50150212  003.53238492   3 102 
111  44.50194129  003.53282516 
111  44.50201946  003.53267185   3 102 
111  44.50158029  003.53223161   3 102 
112  44.50478298  003.52595057  44.50486115  003.52579727   3 102 
111  44.50499235  003.52592880   3 102 
112  44.50516729  003.52610417  44.50529849  003.52623570   3 102 
113  44.50522215  003.52639084 
120 Default hold RWY 13 (near)
111  44.50515799  003.52586317   4 
115  44.50507982  003.52601648 
120 Default hold RWY 13 (centre)
111  44.50179896  003.53245081   4 
115  44.50172079  003.53260412 
120 Default hold RWY 13 (far)
111  44.49843994  003.53903846   4 
115  44.49836176  003.53919176 
18   44.50285331  003.53362335 1 BCN
19   44.50597035  003.52621422 1 WS
19   44.49820465  003.53949668 1 WS
54 11960 MENDE INFO
