1      393 1 0 LFNH Carpentras
100   39.93   3   0 0.25 0 0 0 13   44.02893600  005.08132500    0.00    0.00 0  0 0 0 31   44.02383400  005.08923700    0.00    0.00 0  0 0 0
110   1 0.25 131.84 Taxiway
112  44.02358700  005.09205500  44.02362700  005.09203300 
112  44.02369200  005.09195400  44.02372200  005.09190900 
111  44.02379500  005.09180200 
111  44.02472200  005.09036000 
111  44.02479100  005.09025200 
112  44.02482700  005.09018600  44.02485100  005.09014100 
111  44.02487200  005.09003400 
111  44.02488100  005.08994800 
111  44.02488200  005.08994300 
112  44.02484400  005.08987700  44.02481800  005.08983300 
112  44.02475600  005.08975000  44.02472300  005.08970900 
112  44.02469600  005.08967700  44.02466300  005.08963600 
112  44.02463200  005.08957500  44.02462300  005.08954800 
112  44.02473900  005.08934700  44.02482000  005.08922200 
111  44.02473900  005.08934700 
111  44.02460500  005.08917700 
112  44.02460500  005.08917700  44.02452400  005.08930200 
112  44.02451300  005.08944600  44.02453200  005.08950100 
112  44.02456400  005.08959000  44.02458300  005.08964500 
112  44.02464200  005.08973300  44.02467500  005.08977400 
112  44.02470800  005.08981400  44.02474100  005.08985500 
112  44.02478400  005.08992200  44.02480300  005.08995300 
112  44.02480700  005.09002600  44.02480400  005.09006400 
112  44.02477100  005.09013900  44.02475100  005.09017600 
111  44.02474100  005.09019400 
111  44.02467200  005.09030000 
112  44.02379500  005.09166600  44.02376600  005.09171100 
112  44.02370600  005.09176500  44.02367500  005.09178600 
112  44.02361000  005.09178500  44.02357700  005.09177700 
112  44.02351900  005.09172300  44.02349200  005.09169000 
111  44.02347800  005.09167300 
112  44.02259800  005.09057900  44.02256500  005.09053800 
112  44.02253700  005.09044900  44.02252900  005.09040200 
112  44.02254600  005.09031800  44.02256000  005.09027700 
112  44.02260700  005.09018600  44.02263400  005.09013900 
111  44.02274000  005.08995900 
111  44.02278100  005.08989000 
111  44.02273100  005.08983200 
111  44.02269000  005.08990100 
112  44.02255200  005.09013600  44.02252400  005.09018300 
112  44.02248200  005.09028800  44.02246400  005.09034200 
112  44.02247000  005.09045800  44.02248000  005.09051700 
111  44.02248700  005.09055600 
112  44.02261000  005.09106400  44.02262400  005.09112200 
112  44.02268000  005.09121200  44.02271300  005.09125300 
112  44.02323900  005.09190300  44.02327200  005.09194400 
112  44.02334200  005.09201000  44.02337800  005.09204100 
114  44.02346100  005.09207200  44.02350500  005.09208300 
112  44.02356400  005.09196900  44.02353400  005.09198600 
112  44.02346900  005.09198100  44.02343600  005.09197200 
112  44.02337400  005.09193000  44.02334400  005.09190400 
112  44.02327900  005.09182900  44.02324600  005.09178800 
112  44.02273600  005.09116000  44.02270300  005.09111900 
112  44.02266600  005.09101200  44.02265200  005.09095400 
112  44.02261100  005.09077900  44.02259700  005.09072100 
112  44.02263900  005.09075300  44.02267200  005.09079400 
111  44.02343400  005.09174100 
112  44.02348200  005.09180000  44.02351400  005.09183900 
111  44.02359500  005.09187400 
111  44.02364200  005.09188500 
111  44.02362100  005.09192500 
114  44.02361500  005.09193400  44.02361100  005.09194000 
110   1 0.25 131.84 Taxiway
112  44.02401500  005.08838800  44.02398200  005.08834700 
111  44.02388100  005.08822200 
112  44.02379500  005.08811700  44.02376200  005.08807600 
112  44.02368600  005.08801900  44.02364600  005.08799400 
112  44.02365200  005.08799900  44.02361200  005.08797400 
112  44.02353000  005.08799200  44.02348900  005.08801200 
112  44.02352700  005.08799300  44.02348600  005.08801300 
112  44.02341800  005.08808700  44.02338700  005.08813000 
111  44.02337900  005.08814200 
111  44.02333200  005.08820600 
111  44.02339600  005.08824600 
111  44.02344300  005.08818200 
112  44.02345400  005.08816700  44.02348500  005.08812400 
112  44.02354600  005.08808100  44.02357600  005.08806600 
112  44.02365000  005.08809700  44.02369000  005.08812200 
112  44.02375900  005.08819500  44.02379200  005.08823600 
111  44.02383700  005.08829000 
112  44.02402100  005.08851600  44.02405400  005.08855700 
112  44.02411400  005.08850900  44.02414300  005.08846400 
111  44.02448400  005.08793200 
111  44.02577800  005.08592400 
111  44.02572800  005.08586400 
111  44.02443400  005.08787200 
114  44.02410800  005.08838100  44.02407900  005.08842600 
110   1 0.25 131.84 Apron
111  44.03140400  005.07901200 
111  44.03146400  005.07895500 
111  44.03140900  005.07907200 
111  44.03158100  005.07901300 
111  44.03171300  005.07891400 
111  44.03182100  005.07876000 
111  44.03186500  005.07861600 
111  44.03183700  005.07851200 
111  44.03177800  005.07843100 
111  44.03176800  005.07841800 
113  44.03138800  005.07901100 
110   1 0.25 131.84 Apron
111  44.03069700  005.08012900 
111  44.03078600  005.08024200 
111  44.03099800  005.07991900 
113  44.03091700  005.07981500 
110   1 0.25 131.84 Apron
111  44.02274800  005.08995100 
111  44.02293900  005.08968400 
111  44.02299100  005.08959100 
111  44.02305400  005.08943900 
111  44.02348700  005.08828600 
111  44.02345600  005.08825600 
111  44.02336400  005.08811100 
111  44.02326500  005.08792600 
111  44.02297300  005.08777500 
111  44.02286100  005.08817400 
111  44.02272000  005.08859600 
111  44.02275300  005.08895000 
113  44.02245800  005.08961100 
110   1 0.25 131.84 Apron
111  44.02373400  005.09183500 
111  44.02360300  005.09185700 
111  44.02346000  005.09176100 
111  44.02347900  005.09181200 
111  44.02346600  005.09184300 
111  44.02345100  005.09185200 
111  44.02321700  005.09175200 
111  44.02317300  005.09182100 
111  44.02331300  005.09199400 
111  44.02339300  005.09207600 
111  44.02347600  005.09212200 
111  44.02354000  005.09212700 
111  44.02358800  005.09209800 
111  44.02363800  005.09203800 
111  44.02369100  005.09196100 
113  44.02386600  005.09169000 
110   1 0.25 131.84 Apron
111  44.02435700  005.08798400 
111  44.02413200  005.08796700 
111  44.02391500  005.08826200 
111  44.02389700  005.08826300 
111  44.02405200  005.08847300 
113  44.02436700  005.08801900 
110   1 0.25 131.84 Apron
111  44.02379000  005.08811000 
111  44.02362800  005.08791800 
111  44.02390100  005.08750700 
111  44.02348500  005.08699400 
111  44.02319000  005.08748800 
111  44.02351700  005.08788200 
111  44.02353600  005.08793400 
111  44.02352000  005.08798000 
111  44.02347500  005.08805100 
111  44.02366500  005.08804000 
113  44.02379500  005.08817200 
120 Centreline for Taxi
112  44.02467200  005.08926200  44.02459100  005.08938700  51 
112  44.02458000  005.08953100  44.02459900  005.08958600  51 
112  44.02459100  005.08956200  44.02461000  005.08961700  51 
112  44.02466900  005.08970500  44.02470200  005.08974500  51 
112  44.02473200  005.08978200  44.02476500  005.08982300  51 
112  44.02481400  005.08989900  44.02483600  005.08993700  51 
112  44.02483900  005.09002800  44.02483500  005.09007700  51 
112  44.02479900  005.09016200  44.02477700  005.09020300  51 
112  44.02473200  005.09027600  44.02470900  005.09031200  51 
112  44.02465300  005.09039800  44.02462400  005.09044400  51 
112  44.02381500  005.09170300  44.02378600  005.09174800  51 
112  44.02371800  005.09180700  44.02368300  005.09183200  51 
112  44.02360500  005.09183000  44.02356500  005.09182100  51 
112  44.02350000  005.09176200  44.02347100  005.09172500  51 
112  44.02340700  005.09164600  44.02337400  005.09160500  51 
112  44.02256800  005.09060400  44.02253500  005.09056300  51 
112  44.02254000  005.09063000  44.02255400  005.09068800  51 
112  44.02263800  005.09103800  44.02265200  005.09109600  51 
112  44.02270800  005.09118600  44.02274100  005.09122600  51 
112  44.02325900  005.09186600  44.02329200  005.09190700  51 
112  44.02335800  005.09197000  44.02339000  005.09199800  51 
112  44.02346500  005.09202700  44.02350400  005.09203600  51 
112  44.02357500  005.09201100  44.02361100  005.09199200  51 
112  44.02367300  005.09191500  44.02370300  005.09187100  51 
112  44.02372600  005.09183800  44.02375600  005.09179300  51 
116  44.02371800  005.09180700  44.02368300  005.09183200 
120 Centreline for Taxi
112  44.02254000  005.09063000  44.02252600  005.09057200  51 
112  44.02250400  005.09045900  44.02249500  005.09040200  51 
112  44.02251400  005.09030300  44.02253000  005.09025600  51 
112  44.02258000  005.09016100  44.02260700  005.09011400  51 
112  44.02267300  005.09000100  44.02270100  005.08995400  51 
116  44.02273500  005.08989500  44.02274900  005.08987300 
120 Centreline for Taxi
112  44.02343600  005.08812700  44.02346700  005.08808400  51 
112  44.02353700  005.08803700  44.02357300  005.08802000  51 
112  44.02365100  005.08804800  44.02369100  005.08807300  51 
112  44.02366800  005.08805800  44.02370800  005.08808300  51 
112  44.02377700  005.08815600  44.02381000  005.08819600  51 
112  44.02381000  005.08819500  44.02384300  005.08823600  51 
112  44.02390800  005.08831700  44.02394100  005.08835700  51 
112  44.02401800  005.08845200  44.02405100  005.08849300  51 
112  44.02411100  005.08844500  44.02414000  005.08839900  51 
112  44.02441500  005.08797000  44.02444400  005.08792500  51 
112  44.02450300  005.08783400  44.02453200  005.08778800  51 
112  44.02570900  005.08596200  44.02573800  005.08591700  51 
116  44.02579700  005.08582600  44.02582600  005.08578000 
120 Centreline for Taxi join
112  44.02481400  005.08989900  44.02483600  005.08993700  51 
116  44.02485000  005.08995500  44.02485100  005.08995500 
120 Centreline for Taxi join
112  44.02483900  005.09002800  44.02484500  005.08998000  51 
116  44.02485000  005.08995500  44.02485100  005.08995500 
120 Centreline for Taxi
112  44.02372600  005.09183800  44.02375600  005.09179300  51 
116  44.02381500  005.09170300  44.02384400  005.09165700 
120 Centreline for Taxi
112  44.02256800  005.09060400  44.02253500  005.09056300  51 
116  44.02250400  005.09045900  44.02249500  005.09040200 
120 Taxi hold short
111  44.02475900  005.08986800  54 
115  44.02480300  005.08981800 
120 Path hold short
111  44.02875500  005.08124900  54 
115  44.02876700  005.08123100 
120 Taxi hold short
111  44.02384000  005.08828600  54 
115  44.02387800  005.08822600 
120 Path hold short
111  44.02868300  005.08378900  54 
115  44.02869500  005.08377100 
120 Path hold short
111  44.03100200  005.08026200  54 
115  44.03098400  005.08026800 
14   44.02274200  005.08875800   54 0 Carpentras Tower
15   44.02318900  005.08808300  27.17 GA Ramp 1
15   44.02311800  005.08825300  27.17 GA Ramp 2
15   44.02304100  005.08844300  27.17 GA Ramp 3
15   44.02303300  005.08865500  27.17 GA Ramp 4
15   44.02282100  005.08920000  27.17 GA Ramp 5
15   44.02267000  005.08937200  34.45 GA Ramp 6
15   44.02261100  005.08957700  34.45 GA Ramp 7
15   44.02289100  005.08898800  34.45 GA Ramp 8
15   44.02299300  005.08883800  34.45 GA Ramp 9
19   44.02462000  005.08716600 1 Windsock
51 11817 CARPENTRAS MULT
