1      291 1 0 LFPC Creil AB
100   49.99   2   0 0.00 0 3 1 07   49.24892487  002.50469062  195.99  303.89 3  0 0 1 25   49.25804818  002.53466833    0.00  295.96 3  1 0 1
102 H1   49.25088582  002.51796710  64.96   34.14   34.14   1 0   0 0.00 1
21   49.25632099  002.53068926  2 245.00   3.00 New PAPI-4L
21   49.25139822  002.51089045  2  67.90   3.00 New PAPI-4L
110   2 0.00  65.10 New Taxiway 10
112  49.25459759  002.52414384  49.25462010  002.52423938   3 102 
112  49.25457385  002.52466162  49.25455220  002.52477520   3 102 
112  49.25441533  002.52494141  49.25433717  002.52501308   3 102 
111  49.25305338  002.52592491   3 102 
111  49.25283872  002.52607992   3 102 
112  49.25266790  002.52616015  49.25257715  002.52615317   3 102 
111  49.25250307  002.52598863 
111  49.25237871  002.52608294   3 102 
111  49.25260057  002.52684651 
111  49.25273708  002.52672772   3 
112  49.25273048  002.52652451  49.25275429  002.52638466   3 102 
112  49.25292925  002.52628026  49.25295683  002.52624442   3 102 
111  49.25452919  002.52511924   3 102 
112  49.25471841  002.52506834  49.25478329  002.52510853   3 102 
114  49.25495318  002.52531453  49.25496578  002.52534078 
110   2 0.00  65.10 New Taxiway 13
111  49.25260057  002.52684651   3 102 
111  49.25316793  002.52881558   3 102 
111  49.25422369  002.53241587   3 102 
111  49.25470913  002.53405240   3 102 
112  49.25503385  002.53516269  49.25514969  002.53551875   3 102 
112  49.25533250  002.53572050  49.25539096  002.53580357   3 102 
111  49.25543627  002.53584296   3 102 
112  49.25577223  002.53601424  49.25601830  002.53606304   3 102 
111  49.25616425  002.53596548   3 102 
111  49.25701165  002.53536163   3 102 
111  49.25750378  002.53503532   3 102 
111  49.25784409  002.53481567 
111  49.25742775  002.53343448   3 102 
112  49.25741220  002.53396842  49.25740519  002.53412036   3 102 
112  49.25733263  002.53458529  49.25727384  002.53479254   3 102 
111  49.25714232  002.53493833   3 102 
111  49.25671721  002.53529029   3 102 
112  49.25609747  002.53573962  49.25599706  002.53580000   3 102 
112  49.25576643  002.53574590  49.25568732  002.53572603   3 102 
112  49.25553611  002.53560305  49.25543107  002.53551845   3 102 
112  49.25532343  002.53533481  49.25524186  002.53519886   3 102 
111  49.25519188  002.53499770   3 102 
111  49.25491436  002.53407227   3 102 
111  49.25439066  002.53232155   3 102 
111  49.25331782  002.52869235   3 102 
113  49.25273708  002.52672772 
110   2 0.00  65.10 New Taxiway 12
112  49.25284991  002.52634751  49.25282409  002.52637188 
112  49.25273048  002.52652451  49.25270525  002.52666893 
111  49.25274978  002.52676410 
111  49.25347946  002.52922819   9 106 
111  49.25382794  002.52897705   9 106 
111  49.25312639  002.52662753   9 106 
112  49.25296997  002.52674320  49.25295678  002.52674320   9 106 
112  49.25291017  002.52669622  49.25288594  002.52664056   9 106 
112  49.25289637  002.52646127  49.25291047  002.52638224   9 106 
113  49.25296621  002.52625118 
110   2 0.00  65.10 New Taxiway 6
112  49.25160070  002.51429829  49.25163422  002.51441169   3 102 
112  49.25152246  002.51475900  49.25149231  002.51487779   3 102 
112  49.25138808  002.51493011  49.25136901  002.51493995   3 102 
111  49.25068242  002.51542310   3 102 
111  49.25007211  002.51585075   3 102 
112  49.24967477  002.51614122  49.24960277  002.51618180   3 102 
112  49.24954763  002.51615106  49.24948262  002.51612339   3 102 
111  49.24944202  002.51603120 
112  49.24964857  002.51675900  49.24964363  002.51666456   3 102 
112  49.24973222  002.51641474  49.24979395  002.51632830   3 102 
111  49.25075235  002.51564584   3 102 
112  49.25150426  002.51513196  49.25158723  002.51511915   3 102 
114  49.25190988  002.51532721  49.25199768  002.51552050 
110   2 0.00  65.10 New Taxiway 9
111  49.24961929  002.51667146   3 
112  49.25250307  002.52598863  49.25255558  002.52615466 
112  49.25270866  002.52631045  49.25276613  002.52632642 
112  49.25289154  002.52622802  49.25286527  002.52622802   9 106 
112  49.25268763  002.52608093  49.25264336  002.52601087   9 106 
111  49.25264540  002.52594050   9 106 
111  49.25285176  002.52578304   9 106 
111  49.25175907  002.52227130   9 106 
111  49.25093466  002.51963506   9 106 
112  49.25004625  002.51681504  49.25003859  002.51680365   9 106 
112  49.24998446  002.51672619  49.24994159  002.51671179   9 106 
112  49.24990995  002.51674214  49.24989516  002.51674820   9 106 
112  49.24982876  002.51677708  49.24980378  002.51677403   9 106 
112  49.24972751  002.51667183  49.24970660  002.51658455   9 106 
113  49.24973222  002.51641474 
110   2 0.00  65.10 New Taxiway 8
111  49.24944484  002.51669463   3 102 
111  49.25237871  002.52608294   3 102 
111  49.25252429  002.52655983 
111  49.25265273  002.52646745   3 102 
111  49.24982038  002.51732505 
113  49.24959000  002.51657870 
110   2 0.00  65.10 New Taxiway 4
111  49.24872151  002.50483701   3 102 
111  49.24802680  002.50530152   3 102 
112  49.24754679  002.50563713  49.24743123  002.50575838   3 102 
112  49.24722859  002.50613849  49.24714618  002.50634978   3 102 
112  49.24711738  002.50673911  49.24711369  002.50698365   3 102 
112  49.24714819  002.50730493  49.24718302  002.50753054   3 102 
112  49.24730227  002.50789838  49.24731233  002.50792396   3 102 
111  49.24756354  002.50873740   3 102 
111  49.24782817  002.50960711   3 102 
111  49.24801239  002.51021590   3 102 
112  49.24813302  002.51066682  49.24816053  002.51088004   3 102 
111  49.24817618  002.51134243   3 102 
111  49.24818697  002.51203452   3 102 
111  49.24817618  002.51287491   3 102 
111  49.24826546  002.51348383   3 102 
112  49.24837480  002.51399398  49.24839002  002.51406008   3 102 
112  49.24853615  002.51429874  49.24863278  002.51440465   3 102 
112  49.24873722  002.51444861  49.24877499  002.51451452   3 102 
112  49.24889906  002.51485233  49.24891525  002.51491825   3 102 
112  49.24914182  002.51565979  49.24915261  002.51573394   3 102 
111  49.24944484  002.51669713 
111  49.24961116  002.51656611   3 102 
111  49.24893683  002.51438269   3 102 
112  49.24859116  002.51335698  49.24852169  002.51306518   3 102 
112  49.24845868  002.51231948  49.24838696  002.51197803   3 102 
112  49.24833999  002.51144429  49.24833262  002.51115831   3 102 
112  49.24828947  002.51050199  49.24822789  002.51027148   3 102 
111  49.24797119  002.50945561   3 102 
111  49.24757198  002.50818678   3 102 
111  49.24733093  002.50735503   3 102 
112  49.24730225  002.50674494  49.24732409  002.50651925   3 102 
112  49.24741014  002.50627531  49.24748567  002.50609406   3 102 
112  49.24766566  002.50589411  49.24772356  002.50586335   3 102 
112  49.24809868  002.50558282  49.24820486  002.50551571   3 102 
112  49.24868001  002.50540356  49.24889120  002.50550163   3 102 
113  49.24910289  002.50609879 
110   2 0.00  65.00 Taxi way nord
111  49.24950706  002.50578576   3 102 
112  49.24970358  002.50448046  49.24980874  002.50429916   3 102 
111  49.24987511  002.50428249   3 102 
112  49.25062507  002.50377345  49.25067862  002.50378003   3 102 
112  49.25071218  002.50388592  49.25074307  002.50396611   3 102 
111  49.25076532  002.50403725   3 102 
111  49.25331241  002.51246991   3 102 
112  49.25351523  002.51312671  49.25352226  002.51317816   3 102 
112  49.25350117  002.51337258  49.25347889  002.51341804   3 102 
111  49.25338782  002.51351252   3 102 
112  49.25235891  002.51420182  49.25232538  002.51422351   3 102 
112  49.25218516  002.51419499  49.25211630  002.51417417   3 102 
111  49.25201990  002.51404230 
112  49.25231810  002.51501742  49.25229055  002.51487721   3 102 
112  49.25233285  002.51471267  49.25234382  002.51464447   3 102 
112  49.25238858  002.51454792  49.25240428  002.51450386   3 102 
111  49.25245074  002.51445883   3 102 
112  49.25342338  002.51374282  49.25348820  002.51370104   3 102 
112  49.25353937  002.51369797  49.25357650  002.51369797   3 102 
112  49.25366840  002.51375419  49.25371536  002.51380733   3 102 
111  49.25373523  002.51387920   3 102 
112  49.25650915  002.52303756  49.25654434  002.52317999   3 102 
112  49.25648559  002.52336677  49.25644683  002.52344941   3 102 
112  49.25635778  002.52349647  49.25629838  002.52354224   3 102 
111  49.25604726  002.52372608   3 102 
111  49.25576218  002.52392617   3 102 
112  49.25539664  002.52419503  49.25537523  002.52420473   3 102 
112  49.25525772  002.52421546  49.25518575  002.52418295   3 102 
111  49.25503361  002.52395044 
112  49.25534792  002.52498373  49.25532134  002.52488554   3 102 
112  49.25533726  002.52474806  49.25534436  002.52468306   3 102 
112  49.25537592  002.52458571  49.25539408  002.52453728   3 102 
111  49.25546809  002.52446020   3 102 
111  49.25566567  002.52430125   3 102 
111  49.25618539  002.52389208   3 102 
112  49.25649716  002.52368549  49.25656480  002.52366525   3 102 
112  49.25665423  002.52368111  49.25673215  002.52373059   3 102 
111  49.25677196  002.52389253   3 102 
111  49.25828661  002.52888213   3 102 
112  49.25946714  002.53274660  49.25949374  002.53286026   3 102 
112  49.25954075  002.53321541  49.25947612  002.53329971   3 102 
112  49.25911559  002.53356800  49.25903154  002.53363917   3 102 
112  49.25875869  002.53381890  49.25867416  002.53388059   3 102 
112  49.25848708  002.53386048  49.25844252  002.53386048   3 102 
112  49.25821236  002.53371272  49.25812374  002.53362003   3 102 
111  49.25784816  002.53319765 
111  49.25825030  002.53452186   3 102 
111  49.25892513  002.53399687   3 102 
111  49.25951169  002.53355359   3 102 
112  49.25972407  002.53331089  49.25976992  002.53317110   3 102 
112  49.25975686  002.53304637  49.25975686  002.53297307   3 102 
112  49.25969135  002.53273748  49.25966050  002.53263142   3 102 
111  49.25958463  002.53240100   3 102 
111  49.25674225  002.52293772   3 102 
111  49.25372037  002.51302716   3 102 
111  49.25195328  002.50721986   3 102 
111  49.25087669  002.50360605   3 102 
112  49.25083957  002.50350377  49.25080986  002.50344695   3 102 
112  49.25074733  002.50345232  49.25070471  002.50344695   3 102 
111  49.25061683  002.50351514   3 102 
113  49.24912712  002.50454997 
120 Linear Feature 1
111  49.24964777  002.51630580   1 
112  49.24954447  002.51634073  49.24950749  002.51632871   1 
112  49.24946757  002.51628043  49.24944824  002.51625399   1 
116  49.24937110  002.51610840  49.24935070  002.51603651 
120 Linear Feature 2
111  49.25344393  002.51361308   1 
112  49.25366544  002.51357083  49.25375162  002.51361887   1 
116  49.25384164  002.51382980  49.25387792  002.51395024 
120 Linear Feature 3
111  49.25649314  002.52353047   1 
112  49.25664449  002.52344375  49.25670390  002.52342829   1 
112  49.25674783  002.52348204  49.25677413  002.52351297   1 
116  49.25684603  002.52372056  49.25687884  002.52383578 
120 Linear Feature 3
111  49.24961333  002.50487882  54 104 
115  49.24945111  002.50434445 
120 Linear Feature 4
111  49.25275765  002.52628334   1 
112  49.25265097  002.52642278  49.25263302  002.52647438   1 
112  49.25263039  002.52659395  49.25263240  002.52667281   1 
116  49.25267254  002.52683614  49.25269626  002.52691618 
120 Linear Feature 5
111  49.24851240  002.50497796  54 104 
116  49.24863476  002.50538580  49.24864245  002.50541348 
120 Linear Feature 18
111  49.25245508  002.51446245  54 104 
115  49.25238448  002.51419240 
120 Linear Feature 19
111  49.25147624  002.51486298  54 104 
115  49.25154911  002.51510741 
120 Linear Feature 20
111  49.25545934  002.52446792  54 104 
115  49.25537909  002.52421705 
120 Linear Feature 21
111  49.25456708  002.52469759  54 104 
115  49.25467195  002.52505732 
120 Linear Feature 22
111  49.25850126  002.53429680  54 104 
115  49.25836625  002.53383813 
120 Linear Feature 23
111  49.25733531  002.53456683  54 104 
115  49.25747959  002.53505144 
120 Linear Feature 24
111  49.24948798  002.50446638   1 
112  49.25056279  002.50368016  49.25056724  002.50367564   1 
112  49.25070373  002.50361263  49.25075564  002.50361489   1 
112  49.25081048  002.50378955  49.25083866  002.50388689   1 
111  49.25125107  002.50527810   1 
111  49.25164267  002.50656791   1 
111  49.25201765  002.50781430   1 
111  49.25239507  002.50906291   1 
111  49.25286955  002.51062700   1 
111  49.25339502  002.51234219   1 
111  49.25391454  002.51406256   1 
111  49.25434351  002.51546365   1 
111  49.25482216  002.51702761   1 
111  49.25529666  002.51858204   1 
111  49.25582591  002.52030457   1 
111  49.25620105  002.52155657   1 
111  49.25662184  002.52296566   1 
111  49.25708853  002.52453253   1 
111  49.25756414  002.52609333   1 
111  49.25817898  002.52812300   1 
111  49.25856140  002.52937675   1 
111  49.25908260  002.53109850   1 
111  49.25951597  002.53249747   1 
112  49.25959863  002.53278987  49.25961437  002.53284617   1 
112  49.25966397  002.53302707  49.25967453  002.53310841   1 
112  49.25964201  002.53322442  49.25961351  002.53329412   1 
112  49.25950583  002.53340785  49.25942821  002.53346499   1 
111  49.25928259  002.53358305   1 
111  49.25907995  002.53373731   1 
111  49.25887826  002.53387388   1 
111  49.25866572  002.53400605   1 
112  49.25854886  002.53406888  49.25850357  002.53408959   1 
112  49.25830687  002.53420285  49.25825339  002.53422481   1 
112  49.25806009  002.53418090  49.25793264  002.53411482   1 
116  49.25773234  002.53360906  49.25767998  002.53343827 
120 Linear Feature 25
111  49.24855812  002.50515457   1 
112  49.24822540  002.50534404  49.24818788  002.50537047   1 
111  49.24791817  002.50553851   1 
112  49.24760151  002.50576382  49.24753187  002.50581315   1 
112  49.24736384  002.50609247  49.24731419  002.50619189   1 
112  49.24723442  002.50646578  49.24721801  002.50657358   1 
112  49.24719392  002.50685148  49.24719013  002.50705039   1 
112  49.24724318  002.50732999  49.24729296  002.50759706   1 
111  49.24759594  002.50854417   1 
111  49.24790770  002.50956198   1 
112  49.24805818  002.51003404  49.24807670  002.51010078   1 
112  49.24815386  002.51035220  49.24818897  002.51046928   1 
112  49.24823212  002.51069737  49.24824136  002.51078130   1 
112  49.24824858  002.51143598  49.24824844  002.51149347   1 
112  49.24828552  002.51211814  49.24829313  002.51219648   1 
112  49.24834492  002.51278501  49.24836109  002.51297351   1 
112  49.24840266  002.51330692  49.24843384  002.51347919   1 
112  49.24853867  002.51386810  49.24859919  002.51397902   1 
112  49.24876910  002.51426475  49.24884219  002.51441522   1 
111  49.24904311  002.51501541   1 
111  49.24922806  002.51562856   1 
111  49.24955910  002.51673203   1 
111  49.25003020  002.51828365   1 
111  49.25051016  002.51983067   1 
111  49.25133116  002.52248240   1 
111  49.25200778  002.52465357   1 
111  49.25241845  002.52596490   1 
111  49.25287955  002.52754864   1 
111  49.25353001  002.52975566   1 
111  49.25413015  002.53179333   1 
111  49.25459501  002.53335201   1 
112  49.25510892  002.53510330  49.25518553  002.53535086   1 
112  49.25540385  002.53565174  49.25549293  002.53575342   1 
112  49.25572497  002.53588068  49.25584348  002.53592583   1 
112  49.25605467  002.53589216  49.25615039  002.53585678   1 
112  49.25625056  002.53577004  49.25626788  002.53575241   1 
111  49.25667501  002.53545597   1 
111  49.25703492  002.53518364   1 
112  49.25729890  002.53495877  49.25732200  002.53494114   1 
112  49.25748942  002.53476487  49.25753300  002.53471424   1 
112  49.25764005  002.53452041  49.25768096  002.53444174   1 
112  49.25775221  002.53412336  49.25776953  002.53396911   1 
116  49.25773234  002.53360906  49.25770926  002.53353414 
120 Linear Feature 26
111  49.24855812  002.50515457   1 
112  49.24875229  002.50507537  49.24884499  002.50504412   1 
112  49.24896865  002.50510277  49.24901680  002.50515688   1 
112  49.24911385  002.50537768  49.24917617  002.50553847   1 
115  49.24923957  002.50576148 
120 Linear Feature 27
111  49.24948271  002.50447394   1 
112  49.24926577  002.50466560  49.24921791  002.50476174   1 
112  49.24913021  002.50508997  49.24910576  002.50532950   1 
116  49.24923957  002.50576148  49.24930121  002.50596428 
120 Linear Feature 28
112  49.25356997  002.51291465  49.25361606  002.51306347   1 
112  49.25362670  002.51334309  49.25359365  002.51347869   1 
112  49.25353729  002.51352985  49.25351432  002.51355418   1 
111  49.25344393  002.51361308   1 
111  49.25237747  002.51436750   1 
112  49.25219877  002.51449569  49.25214843  002.51451891   1 
112  49.25203757  002.51453032  49.25197021  002.51451632   1 
116  49.25181827  002.51417622  49.25172376  002.51388443 
120 Linear Feature 29
111  49.25181827  002.51417622   1 
112  49.25182523  002.51451234  49.25181760  002.51461282   1 
112  49.25178607  002.51469610  49.25175156  002.51477324   1 
111  49.25162499  002.51489673   1 
111  49.25152348  002.51497441   1 
111  49.24965765  002.51630599   1 
112  49.24959751  002.51638296  49.24957162  002.51641463   1 
112  49.24955313  002.51650225  49.24954300  002.51655069   1 
116  49.24957067  002.51676254  49.24958827  002.51681812 
120 Linear Feature 30
112  49.25658750  002.52284934  49.25661238  002.52293548   1 
112  49.25666457  002.52320032  49.25666591  002.52331204   1 
112  49.25661939  002.52340211  49.25658932  002.52346282   1 
111  49.25649314  002.52353047   1 
111  49.25541015  002.52433851   1 
112  49.25517588  002.52444088  49.25509693  002.52445383   1 
112  49.25500928  002.52441180  49.25495267  002.52437664   1 
116  49.25477519  002.52396881  49.25467089  002.52362354 
120 Linear Feature 31
111  49.25478148  002.52397837   1 
112  49.25486556  002.52442821  49.25486707  002.52452286   1 
112  49.25481939  002.52467689  49.25478322  002.52475318   1 
112  49.25472482  002.52483019  49.25467081  002.52489734   1 
112  49.25451370  002.52502209  49.25447452  002.52505019   1 
111  49.25275602  002.52628334   1 
112  49.25262870  002.52632697  49.25259660  002.52632573   1 
116  49.25246993  002.52613946  49.25242730  002.52599838 
120 Linear Feature 32
111  49.25237747  002.51436750   1 
112  49.25210547  002.51458330  49.25205501  002.51463044   1 
112  49.25203558  002.51480210  49.25202984  002.51488281   1 
116  49.25211730  002.51524076  49.25217083  002.51541640 
120 Linear Feature 33
111  49.25152021  002.51498443   1 
112  49.25178991  002.51487208  49.25187127  002.51487083   1 
112  49.25190700  002.51491911  49.25195171  002.51494727   1 
116  49.25212115  002.51524657  49.25218640  002.51547172 
120 Linear Feature 34
111  49.25541665  002.52435121   1 
112  49.25516338  002.52458031  49.25511143  002.52463717   1 
112  49.25507843  002.52474202  49.25506224  002.52481001   1 
116  49.25515323  002.52517997  49.25521135  002.52537895 
120 Linear Feature 35
111  49.25451861  002.52501388   1 
112  49.25470737  002.52490512  49.25475581  002.52488208   1 
112  49.25491523  002.52486077  49.25499316  002.52488276   1 
116  49.25513749  002.52512777  49.25520264  002.52535425 
14   49.24966356  002.51791204   82 0 Creil Tower
15   49.25261123  002.52548199 155.18 GA Ramp 1
15   49.25243969  002.52492488 155.18 GA Ramp 2
15   49.25228090  002.52439838 155.18 GA Ramp 6
15   49.25214116  002.52387352 155.18 GA Ramp 7
18   49.25186001  002.51726989 1 BCN
19   49.25767503  002.52932226 0 New Windsock 18
19   49.24868162  002.50749973 0 New Windsock 19
20   49.24882266  002.50593331 336.09  0 3 {@L}A
54 11970 CREIL TWR
54 12210 CREIL TWR
55 11815 DE GAULLE APP
55 12330 DE GAULLE APP
