1      354 1 1 LFPL Lognes emerainville
100   99.97   3   0 0.25 0 2 0 26L  48.82069009  002.63377185    0.00    0.00 1  0 0 0 08R  48.81914191  002.61892615    0.00    0.00 1  0 0 0
100   79.86   3   0 0.25 0 0 0 26   48.82291593  002.63576940    0.00    0.00 1  0 0 0 08   48.82139607  002.62119460    0.00    0.00 1  0 0 0
100   41.45   1   0 0.25 0 2 1 26R  48.82163233  002.63109762    0.00    0.00 2  0 0 0 08L  48.82062567  002.62144438    0.00    0.00 2  0 0 0
10   48.82201800  002.62515500 xxx 261.00  2797 0.0 0.0    33 101101  1 0 0 0.35 0
10   48.82158300  002.62528800 xxx 261.00  2783 0.0 0.0    42 101101  1 2 0 0.25 0
10   48.82257500  002.62541800 xxx 351.00   958 0.0 0.0    33 101101  1 0 0 0.35 0
10   48.82204400  002.63097800 xxx 351.00   458 0.0 0.0    33 101101  1 0 0 0.35 0
10   48.82078600  002.62144600 xxx 261.00    30 0.0 0.0   266 101101  1 0 0 0.35 0
10   48.82119400  002.61951200 xxx 351.00   198 0.0 0.0    33 101101  1 0 0 0.35 0
14   48.82261700  002.62734200   40 0 ATC Tower
18   48.81983942  002.62658117 1 BCN
19   48.81980500  002.63420100 0 WS
19   48.82180800  002.61849600 0 WS
19   48.82149500  002.63611300 0 WS
19   48.82281500  002.62085100 0 WS
19   48.82211300  002.63192700 0 WS
19   48.82183800  002.62230300 0 WS
