1      302 1 0 LFPM Melun Villaroche
100   45.11   1   0 0.25 0 3 0 10   48.60647800  002.66328600    0.00  829.97 2  0 0 0 28   48.60233600  002.68929400   85.04    0.00 3  0 0 1
100   45.11   1   0 0.25 0 2 1 11   48.60647845  002.66328807    0.00  829.97 3  8 0 0 29   48.60233755  002.68929193   85.04    0.00 3  0 0 1
100   29.87   1   0 0.25 0 0 0 01   48.60614200  002.67097800    0.00  199.95 2  0 0 0 19   48.61753900  002.67485300    0.00  619.96 2  0 0 0
100   29.87   1   0 0.25 0 2 1 02   48.60601940  002.67174468    0.00  199.95 2  0 0 0 20   48.61741460  002.67561932    0.00  619.96 2  0 0 0
21   48.60644670  002.66607431  2 103.53   3.00 10  PAPI-4L
10   48.61423900  002.67445300 xxx  91.67  2959 0.0 0.0    49 161161  1 0 0 0.35 0
10   48.60850100  002.66740400 xxx 192.54  2544 0.0 0.0    74 161161  1 0 0 0.35 0
10   48.60606800  002.68599100 xxx 123.54  2290 0.0 0.0    74 161161  1 0 0 0.35 0
10   48.60782200  002.67203900 xxx 103.54  2250 0.0 0.0    74 161161  1 0 0 0.35 0
10   48.61388400  002.66849000 xxx  12.70  1540 0.0 0.0   420 161161  1 0 0 0.25 0
10   48.60792500  002.67886300 xxx  61.83  1386 0.0 0.0    76 161161  1 0 0 0.35 0
10   48.60542700  002.67605000 xxx 192.64  1324 0.0 0.0    74 161161  1 0 0 0.35 0
10   48.60318800  002.68942000 xxx 193.54   944 0.0 0.0    74 161161  1 0 0 0.35 0
10   48.60746800  002.65318300 xxx  14.00   800 0.0 0.0    60 161161  1 0 0 0.25 0
10   48.60834900  002.68177900 xxx 160.67   464 0.0 0.0    74 161161  1 0 0 0.35 0
10   48.60885200  002.66815500 xxx  63.00   320 0.0 0.0   180 161161  1 0 0 0.25 0
10   48.60600700  002.66656600 xxx  57.00   250 0.0 0.0   250 161161  1 0 0 0.25 0
10   48.60448800  002.67573200 xxx  57.00   250 0.0 0.0   250 161161  1 0 0 0.25 0
10   48.60516000  002.67145600 xxx  57.00   250 0.0 0.0   250 161161  1 0 0 0.25 0
10   48.60775400  002.67235500 xxx  57.00   250 0.0 0.0   250 161161  1 0 0 0.25 0
10   48.60617400  002.67166700 xxx 102.67   294 0.0 0.0    49 161161  1 0 0 0.35 0
10   48.61424600  002.67446800 xxx  48.00   150 0.0 0.0   150 161161  1 0 0 0.35 0
10   48.60263100  002.68888900 xxx  70.00   200 0.0 0.0    90 161161  1 0 0 0.25 0
14   48.60540800  002.67629000   50 0 ATC Tower
15   48.61515400  002.66847700 103.00 Apron C.E.V.
15   48.61260600  002.66758700 106.00 Apron SFACT
18   48.60520200  002.67657700 1 BCN
19   48.60726900  002.66357300 1 WS
19   48.60154700  002.68900600 1 WS
19   48.60625500  002.67018500 1 WS
19   48.61742400  002.67564700 1 WS
50 12817 ATIS
54 12110 MELUN TWR
55 11805 SEINE APP
55 12165 SEINE APP
55 13430 SEINE APP
