1      118 0 0 LFXB Saintes Thenac
100   49.99   5   0 0.25 0 2 0 06   45.70055080 -000.63739278    0.00    0.00 1  0 0 0 24   45.70519520 -000.62789522    0.00    0.00 1  0 0 0
100   99.97   1   0 0.25 0 2 0 12   45.70542907 -000.63813209    0.00    0.00 2  0 0 0 30   45.70161493 -000.62939191    0.00    0.00 2  0 0 0
10   45.70375100 -000.63349100 xxx 234.00  2952 0.0 0.0   262 101101  5 0 0 0.25 0
10   45.69671600 -000.63182500 xxx 235.00  2900 0.0 0.0   150 101101  1 0 0 0.25 0
10   45.69541900 -000.63057200 xxx 235.00  2500 0.0 0.0   100 161161  1 0 0 0.25 0
10   45.70599400 -000.63356500 xxx 235.00   771 0.0 0.0   131 101101  3 0 0 0.25 0
10   45.69511000 -000.63021900 xxx  55.00   700 0.0 0.0   200 101101  1 0 0 0.25 0
10   45.69495000 -000.62960200 xxx  55.00   500 0.0 0.0   130 101101  1 0 0 0.25 0
10   45.69418000 -000.63494000 xxx 145.00   500 0.0 0.0   100 161161  1 0 0 0.25 0
10   45.69788000 -000.62735100 xxx 145.00   500 0.0 0.0   100 161161  1 0 0 0.25 0
10   45.69930300 -000.62651200 xxx 235.00   400 0.0 0.0   150 101101  5 0 0 0.25 0
10   45.69414100 -000.63709100 xxx 235.00   400 0.0 0.0   150 101101  5 0 0 0.25 0
14   45.69446600 -000.62902800    0 0 ATC Tower
15   45.69514100 -000.62959700 290.00 LOC
18   45.70619245 -000.63137246 1 BCN
19   45.70020300 -000.64112200 0 WS
19   45.70278500 -000.62938200 0 WS
19   45.70500200 -000.64014600 0 WS
19   45.69828800 -000.63379400 0 WS
54 11800 LA ROCHELLE TWR
55 12420 LA ROCHELLE APP
