1        6 1 1 LGKR IOANNIS KAPODISTRIAS INTL
100   45.11   1   0 0.25 0 2 0 17   39.61228300  019.90921100  410.87    0.00 2  0 0 0 35   39.59127500  019.91460600   64.92    0.00 2  7 0 1
21   39.60696804  019.91110686  2 168.81   3.00 17  PAPI-4L
21   39.59353596  019.91349513  2 348.81   3.00 35  PAPI-4L
10   39.60844420  019.91273120 xxx 169.00   800 0.0 0.0   500 161161  1 0 0 0.25 0
10   39.60976030  019.91133120 xxx 169.00  1899 0.0 0.0   100 161161  1 0 0 0.25 0
10   39.61058430  019.91045570 xxx 220.00   450 0.0 0.0   100 161161  1 0 0 0.25 0
10   39.61169050  019.91117480 xxx 169.00   500 0.0 0.0   100 101101  1 0 0 0.25 0
10   39.60688400  019.91144180 xxx 220.00   490 0.0 0.0   100 161161  1 0 0 0.25 0
10   39.61208340  019.91008570 xxx  80.00   300 0.0 0.0   100 161161  1 0 0 0.25 0
14   39.60936740  019.91362950  100 0 ATC Tower
15   39.60822300  019.91295240 349.00 Ramp
18   39.60205667  019.91371788 1 BCN
19   39.61279946  019.90988411 1 WS
19   39.59075858  019.91393306 1 WS
50 12635 ATIS
54 12085 KERKIRA TWR
54 12210 KERKIRA TWR
55 11807 KERKIRA APP
55 12210 KERKIRA APP
55 12235 KERKIRA APP
