1      121 1 1 LLHZ Herzelia
100   17.98   1   0 0.25 0 2 0 29   32.17916359  034.83923426   69.80   20.12 2  0 0 0 11   32.18194241  034.83021374   69.80   20.12 2  0 0 0
10   32.18000800  034.83443800 xxx 290.00  3100 0.0 0.0   100 101101  1 0 0 0.25 0
10   32.18172100  034.82999000 xxx 200.00   200 0.0 0.0    50 101101  1 0 0 0.25 0
10   32.17887900  034.83914200 xxx 200.00   200 0.0 0.0    50 101101  1 0 0 0.25 0
10   32.18043500  034.83405300 xxx 200.00   200 0.0 0.0    50 101101  1 0 0 0.25 0
14   32.17989000  034.83384700   33 0 ATC Tower
15   32.17970700  034.83542600   0.00 Moonair Ramp
18   32.18002202  034.83449573 1 BCN
19   32.18222458  034.83013159 1 WS
19   32.17888141  034.83931638 1 WS
