1     1020 1 1 LZZI ZILINA
100   29.87   2   0 0.25 1 1 0 06   49.22933300  018.60644400    0.00    0.00 2  0 0 0 24   49.23372200  018.62052800    0.00    0.00 2  0 0 0
21   49.23040831  018.60871203  2  64.48   3.00 06  PAPI-4L
21   49.23264697  018.61825945  2 244.49   3.00 24  PAPI-4L
110   2 0.30  64.48 Default taxiway for RWY 06
111  49.22921373  018.60653118  53 102 
111  49.22860523  018.60697597  53 102 
111  49.23299509  018.62105877  53 102 
111  49.23360359  018.62061394 
112  49.23348779  018.62024245  49.23354366  018.62042968  53 102 
111  49.23339811  018.62053608  53 102 
112  49.23320404  018.62067796  49.23305848  018.62078436  53 102 
111  49.23300058  018.62059861  53 102 
111  49.23095040  018.61402158  53 102 
111  49.23143761  018.61366543 
111  49.23137971  018.61347968  53 102 
111  49.23089250  018.61383583  53 102 
112  49.22884232  018.60725879  49.22878442  018.60707305  53 102 
111  49.22892998  018.60696666  53 102 
112  49.22912405  018.60682480  49.22926960  018.60671840  53 102 
113  49.22932953  018.60690266 
120 Default hold RWY 06 (near)
111  49.22896911  018.60670999  54 
115  49.22902701  018.60689573 
120 Default hold RWY 06 (centre)
111  49.23113509  018.61365850  54 
115  49.23119299  018.61384425 
120 Default hold RWY 06 (far)
111  49.23330107  018.62060702  54 
115  49.23335897  018.62079276 
18   49.23237634  018.61286259 1 BCN
19   49.22958109  018.60580653 1 WS
19   49.23347383  018.62116546 1 WS
54 12415 TWR
