1     1316 0 1 GQND TIDJIKJA
100   29.26   1   0 0.25 0 0 0 07   18.56686400 -011.43026900    0.00    0.00 2  0 0 0 25   18.57334200 -011.41682800    0.00    0.00 2  0 0 0
110   1 0.30  63.05 Default taxiway for RWY 07
111  18.56674864 -011.43020712   3 
111  18.56615983 -011.42989128   3 
111  18.57263831 -011.41645078   3 
111  18.57322712 -011.41676663 
112  18.57310776 -011.41701424  18.57316544 -011.41688937   3 
111  18.57302460 -011.41681382   3 
112  18.57283682 -011.41671309  18.57269599 -011.41663755   3 
111  18.57263631 -011.41676135   3 
111  18.56954627 -011.42317208   3 
111  18.57001772 -011.42342497 
111  18.56995804 -011.42354878   3 
111  18.56948659 -011.42329589   3 
112  18.56639654 -011.42970663  18.56633687 -011.42983043   3 
111  18.56647770 -011.42990597   3 
112  18.56666548 -011.43000669  18.56680632 -011.43008224   3 
113  18.56686799 -011.42995951 
120 Default hold RWY 07 (near)
111  18.56651191 -011.43008014   4 
115  18.56657159 -011.42995633 
120 Default hold RWY 07 (centre)
111  18.56972131 -011.42342180   4 
115  18.56978099 -011.42329799 
120 Default hold RWY 07 (far)
111  18.57293071 -011.41676346   4 
115  18.57299039 -011.41663965 
19   18.56709674 -011.43070547 1 WS
19   18.57310923 -011.41639153 1 WS
54 11890 AFIS
