1       16 1 1 VECC NETAJI SUBHASH CHANDRA BOSE INTL
100   45.72   1   0 0.25 0 3 0 01R  22.64218900  088.44630300    0.00   60.96 3  1 0 1 19L  22.67479200  088.45011400  423.67  144.78 3  1 0 1
100   45.72   1   0 0.25 0 3 0 01L  22.64023100  088.44398300    0.00  146.61 2 10 0 0 19R  22.66171700  088.44650300    0.00  136.25 2 10 0 0
21   22.64206384  088.44375796  2   6.18   3.00 01L PAPI-4L
21   22.64478250  088.44616612  2   6.16   3.00 01R PAPI-4L
21   22.66822664  088.44978644  2 186.16   3.00 19L PAPI-4L
21   22.65988415  088.44672804  2 186.18   3.00 19R PAPI-4L
110   1 0.30   6.16 Default taxiway for RWY 01R
111  22.64216718  088.44652219   3 102 
111  22.64205664  088.44763271   3 102 
111  22.67465968  088.45144311   3 102 
111  22.67477022  088.45033234 
112  22.67436115  088.45028454  22.67456545  088.45031086   3 102 
111  22.67453898  088.45057686   3 102 
112  22.67450368  088.45093154  22.67447721  088.45119754   3 102 
111  22.67427267  088.45117364   3 102 
111  22.65848249  088.44932822   3 102 
111  22.65857097  088.44843922 
111  22.65836643  088.44841532   3 102 
111  22.65827795  088.44930432   3 102 
112  22.64248777  088.44745890  22.64228324  088.44743499   3 102 
111  22.64230971  088.44716905   3 102 
112  22.64234501  088.44681446  22.64237148  088.44654852   3 102 
113  22.64257625  088.44657001 
110   1 0.30   6.18 Default taxiway for RWY 01L
111  22.64020911  088.44420218   3 102 
111  22.64009818  088.44531264   3 102 
111  22.66158420  088.44783245   3 102 
111  22.66169513  088.44672183 
112  22.66128607  088.44667386  22.66149035  088.44670026   3 102 
111  22.66146379  088.44696623   3 102 
112  22.66142837  088.44732085  22.66140181  088.44758682   3 102 
111  22.66119728  088.44756284   3 102 
111  22.65096559  088.44636292   3 102 
111  22.65105438  088.44547400 
111  22.65084986  088.44545001   3 102 
111  22.65076107  088.44633893   3 102 
112  22.64052938  088.44513900  22.64032485  088.44511501   3 102 
111  22.64035141  088.44484908   3 102 
112  22.64038683  088.44449451  22.64041339  088.44422859   3 102 
113  22.64061817  088.44425015 
120 Default hold RWY 01R (near)
111  22.64212282  088.44696785   4 
115  22.64232736  088.44699176 
120 Default hold RWY 01L (near)
111  22.64016459  088.44464782   4 
115  22.64036912  088.44467180 
120 Default hold RWY 01R (centre)
111  22.65832207  088.44886103   4 
115  22.65852661  088.44888493 
120 Default hold RWY 01L (centre)
111  22.65080534  088.44589568   4 
115  22.65100986  088.44591967 
120 Default hold RWY 01R (far)
111  22.67452133  088.45075420   4 
115  22.67472586  088.45077810 
120 Default hold RWY 01L (far)
111  22.66144608  088.44714354   4 
115  22.66165061  088.44716753 
18   22.65864368  088.44665639 1 BCN
19   22.63988835  088.44327021 1 WS
19   22.64184611  088.44559034 1 WS
19   22.67513487  088.45082684 1 WS
19   22.66205964  088.44721590 1 WS
50 12640 ATIS
53 12190 KOLKATA GND
54 12730 KOLKATA RDO
54 11810 KOLKATA TWR
55 12790 KOLKATA APP
