1      829 0 1 VI40 KARNAL
100   45.72   1   0 0.25 0 0 0 13   29.71696400  077.03410300    0.00    0.00 2  0 0 0 31   29.71127500  077.04096100    0.00    0.00 2  0 0 0
110   1 0.30 133.68 Default taxiway for RWY 13
111  29.71681686  077.03394118   3 
111  29.71607137  077.03312137   3 
111  29.71038255  077.03997982   3 
111  29.71112804  077.04079958 
112  29.71141221  077.04045698  29.71126850  077.04062649   3 
111  29.71108997  077.04043018   3 
112  29.71085194  077.04016843  29.71067341  077.03997211   3 
111  29.71081549  077.03980081   3 
111  29.71330468  077.03679984   3 
111  29.71390140  077.03745603 
111  29.71404349  077.03728473   3 
111  29.71344677  077.03662854   3 
112  29.71593596  077.03362758  29.71607805  077.03345628   3 
111  29.71625658  077.03365260   3 
112  29.71649461  077.03391437  29.71667314  077.03411070   3 
113  29.71653268  077.03428378 
120 Default hold RWY 13 (near)
111  29.71651768  077.03361219   4 
115  29.71637559  077.03378349 
120 Default hold RWY 13 (centre)
111  29.71374431  077.03695574   4 
115  29.71360222  077.03712704 
120 Default hold RWY 13 (far)
111  29.71097095  077.04029930   4 
115  29.71082886  077.04047060 
19   29.71769450  077.03425122 1 WS
19   29.71054452  077.04081274 1 WS
