1      105 1 0 VTBO Trat Bangkok Air
100   45.72   1   0 0.15 0 1 1 05   12.27028900  102.31356100    0.00   27.43 2  0 0 0 23   12.27885600  102.32435600    0.00   27.43 2  0 0 0
21   12.27740795  102.32318662  2 230.92   3.00 23  PAPI-4L
10   12.28065000  102.31012700 xxx  49.44   400 0.0 0.0   240 161161  1 0 0 0.15 0
10   12.28002200  102.30983700 xxx 156.44   450 0.0 0.0    75 161161  1 0 0 0.15 0
10   12.28084700  102.31081400 xxx 121.44   450 0.0 0.0    75 161161  1 0 0 0.15 0
10   12.27487800  102.30477900 xxx  49.44   241 0.0 0.0   240 161161  1 0 0 0.15 0
10   12.28494900  102.31682600 xxx  49.44   241 0.0 0.0   240 161161  1 0 0 0.15 0
14   12.28114500  102.30971500   15 0 ATC Tower
15   12.28060100  102.31015800 226.00 Platform
18   12.28052900  102.31025700 1 BCN
19   12.27526400  102.30397000 1 WS
19   12.28454400  102.31765000 1 WS
54 12290 TWR
55 11860 APP
