1      158 1 0 VTW5 Pattaya Eastern Flying Club
100   29.87   4   0 0.25 0 0 0 01   12.90062460  100.93295292    0.00    0.00 1  0 0 0 19   12.90466955  100.93439800    0.00    0.00 1  0 0 0
110   4 0.00 199.00 ramp 2
111  12.90117650  100.93329151 
112  12.90118297  100.93339131  12.90117129  100.93342285 
112  12.90114101  100.93349152  12.90111627  100.93351337 
112  12.90091912  100.93361732  12.90087781  100.93363371 
112  12.90075851  100.93365793  12.90072501  100.93363202 
111  12.90055430  100.93351556 
111  12.90055319  100.93376843 
112  12.90072967  100.93377453  12.90075235  100.93377805 
112  12.90087004  100.93380436  12.90088927  100.93382128 
112  12.90117940  100.93408139  12.90119933  100.93409760 
112  12.90126407  100.93420411  12.90128950  100.93422314 
112  12.90157115  100.93442130  12.90158627  100.93443214 
111  12.90159062  100.93450071 
111  12.90162623  100.93450125 
112  12.90162675  100.93380606  12.90162675  100.93378774 
111  12.90168784  100.93377838 
111  12.90168131  100.93368164 
112  12.90154864  100.93368929  12.90153421  100.93369000 
112  12.90148715  100.93367141  12.90147436  100.93366410 
112  12.90125641  100.93352390  12.90124198  100.93351191 
112  12.90121747  100.93347182  12.90121541  100.93345278 
112  12.90122289  100.93340359  12.90122701  100.93338174 
113  12.90131293  100.93333644 
112  12.90116729  100.93390365  12.90116059  100.93393537 
112  12.90110347  100.93392972  12.90108217  100.93390928 
112  12.90095706  100.93379285  12.90091308  100.93375479 
112  12.90093303  100.93368917  12.90095296  100.93367507 
112  12.90115377  100.93355032  12.90117988  100.93352142 
114  12.90118839  100.93361472  12.90118796  100.93364045 
112  12.90142980  100.93369167  12.90144243  100.93370128 
112  12.90148022  100.93378214  12.90148022  100.93379695 
111  12.90148202  100.93402406 
112  12.90128012  100.93402338  12.90126981  100.93401703 
112  12.90120226  100.93396040  12.90120071  100.93393828 
112  12.90121793  100.93361185  12.90121862  100.93358577 
114  12.90126409  100.93358619  12.90128633  100.93360478 
110   4 0.00 199.00 ramp 1
111  12.90324066  100.93402863 
112  12.90331019  100.93414767  12.90330675  100.93417305 
112  12.90328699  100.93430015  12.90327393  100.93432130 
111  12.90310858  100.93443983 
112  12.90309825  100.93453737  12.90308726  100.93455147 
112  12.90299266  100.93456617  12.90298922  100.93460212 
112  12.90295105  100.93511649  12.90294830  100.93514398 
111  12.90320421  100.93522903 
111  12.90330488  100.93522928 
111  12.90329189  100.93454372 
111  12.90341562  100.93453535 
112  12.90341830  100.93418831  12.90341762  100.93417280 
113  12.90348136  100.93411392 
130 Airport Boundary
111  12.90035589  100.93274877 
111  12.90031851  100.93532144 
111  12.90101098  100.93556396 
111  12.90204159  100.93612234 
111  12.90305861  100.93651025 
112  12.90318468  100.93524128  12.90330654  100.93524128 
111  12.90446002  100.93553527 
111  12.90475500  100.93424686 
111  12.90348916  100.93379725 
113  12.90073683  100.93275592 
14   12.90303291  100.93447475    6 0 Viewpoint
15   12.90308329  100.93471041 307.05 Start
19   12.90323131  100.93416609 0 Windsock
