1       13 1 0 VTX3 Bang Chong
100   30.48   3   0 0.25 0 2 0 01   12.92646691  100.01954529    0.00    0.00 1  0 0 0 19   12.92957709  100.02005071    0.00    0.00 1  0 0 0
100   30.48   3   0 0.25 0 2 0 10   12.92691330  100.01840148    0.00    0.00 1  0 0 0 28   12.92642070  100.02159252    0.00    0.00 1  0 0 0
14   12.92649700  100.01982900    5 0 ATC Tower
15   12.92664700  100.01956900  50.00 Strip
18   12.92761522  100.02015109 1 BCN
19   12.92626035  100.01908431 1 WS
19   12.92736259  100.01818955 1 WS
19   12.92978364  100.02051169 1 WS
19   12.92597141  100.02180444 1 WS
