1       10 1 0 VTX6 Chonburi
100   17.98   1   0 0.25 0 2 0 15   13.39528209  101.00520510    0.00    0.00 2  0 0 0 33   13.39105591  101.00723090    0.00    0.00 2  0 0 0
10   13.39318100  101.00587500 xxx 155.00  1300 0.0 0.0    35 101101  1 0 0 0.25 0
10   13.39271900  101.00580600 xxx 155.00   260 0.0 0.0   170 101101  4 0 0 0.25 0
10   13.39183900  101.00666800 xxx  65.00   100 0.0 0.0    35 101101  1 0 0 0.25 0
10   13.39463000  101.00534800 xxx  65.00   100 0.0 0.0    35 101101  1 0 0 0.25 0
14   13.39266100  101.00558500    5 0 ATC Tower
15   13.39288400  101.00576000  65.00 Platform
18   13.39340780  101.00674443 1 BCN
19   13.39553077  101.00535967 1 WS
19   13.39080723  101.00707633 1 WS
