1       33 1 1 VVTS TANSONNHAT INTL
100   45.11   2   0 0.25 1 3 0 07R  10.81146900  106.63723300  740.97  304.80 2  7 0 0 25L  10.82373600  106.66959400    0.00  304.80 3  2 1 0
100   45.11   2   0 0.25 0 3 0 07L  10.81501700  106.63711900    0.00  304.80 2  7 0 0 25R  10.82486700  106.66321400    0.00  304.80 3  7 0 0
21   10.81603699  106.63868296  2  68.98   3.00 07L PAPI-4L
21   10.81489235  106.64512875  2  68.89   3.00 07R PAPI-4L
21   10.82237058  106.66712528  2 248.90   3.00 25L PAPI-4L
21   10.82347512  106.66066417  2 248.98   3.00 25R PAPI-4L
110   2 0.30  68.89 Default taxiway for RWY 07R
111  10.81128173  106.63730659  53 102 
111  10.81033282  106.63767948  53 102 
111  10.82260150  106.67003917  53 102 
111  10.82355041  106.66966627 
112  10.82340423  106.66928069  10.82347523  106.66947431  53 102 
111  10.82324799  106.66956360  53 102 
112  10.82294501  106.66968267  10.82271777  106.66977197  53 102 
111  10.82264468  106.66957918  53 102 
111  10.81669307  106.65388130  53 102 
111  10.81745262  106.65358282 
111  10.81737953  106.65339004  53 102 
111  10.81661998  106.65368852  53 102 
112  10.81066836  106.63799063  10.81059527  106.63779785  53 102 
111  10.81082251  106.63770856  53 102 
112  10.81112549  106.63758950  10.81135273  106.63750020  53 102 
113  10.81142791  106.63769216 
110   2 0.30  68.98 Default taxiway for RWY 07L
111  10.81482963  106.63719232  53 102 
111  10.81388019  106.63756383  53 102 
111  10.82373129  106.66365799  53 102 
111  10.82468073  106.66328646 
112  10.82453508  106.66290067  10.82460580  106.66309439  53 102 
111  10.82437844  106.66318336  53 102 
112  10.82407529  106.66330199  10.82384793  106.66339095  53 102 
111  10.82377511  106.66319805  53 102 
111  10.81903162  106.65063322  53 102 
111  10.81979159  106.65033584 
111  10.81971877  106.65014294  53 102 
111  10.81895880  106.65044032  53 102 
112  10.81421530  106.63787548  10.81414248  106.63768258  53 102 
111  10.81436984  106.63759362  53 102 
112  10.81467299  106.63747499  10.81490035  106.63738603  53 102 
113  10.81497527  106.63757811 
120 Default hold RWY 07R (near)
111  10.81090091  106.63745624  54 
115  10.81097400  106.63764903 
120 Default hold RWY 07L (near)
111  10.81444860  106.63734142  54 
115  10.81452142  106.63753431 
120 Default hold RWY 07R (centre)
111  10.81699871  106.65353969  54 
115  10.81707180  106.65373247 
120 Default hold RWY 07L (centre)
111  10.81933774  106.65029204  54 
115  10.81941056  106.65048494 
120 Default hold RWY 07R (far)
111  10.82309650  106.66962314  54 
115  10.82316959  106.66981593 
120 Default hold RWY 07L (far)
111  10.82422687  106.66324267  54 
115  10.82429970  106.66343556 
18   10.81892834  106.65289048 1 BCN
19   10.81543976  106.63651079 1 WS
19   10.81189091  106.63662419 1 WS
19   10.82331403  106.67020279 1 WS
19   10.82444419  106.66382218 1 WS
50 12800 ATIS
53 12160 GND
53 12190 GND
54 13000 TWR
54 11870 TWR
55 13410 APP
55 12550 APP
