1      109 1 1 VYYY YANGON INTL
100   60.96   1   0 0.25 0 3 0 03   16.89802800  096.12693600    0.00    0.00 2  0 0 0 21   16.91655600  096.13948300   83.82    0.00 3  0 0 0
21   16.89979534  096.12754454  2  32.94   3.00 03  PAPI-4L
21   16.91412638  096.13842570  2 212.94   3.00 21  PAPI-4L
110   1 0.30  32.94 Default taxiway for RWY 03
111  16.89788008  096.12717462   3 102 
111  16.89713313  096.12837957   3 102 
111  16.91566151  096.14092548   3 102 
111  16.91640846  096.13972041 
112  16.91594805  096.13940866  16.91617703  096.13956651   3 102 
111  16.91599806  096.13985525   3 102 
112  16.91575943  096.14024024  16.91558045  096.14052898   3 102 
111  16.91535024  096.14037311   3 102 
111  16.90666156  096.13448985   3 102 
111  16.90725937  096.13352545 
111  16.90702917  096.13336958   3 102 
111  16.90643136  096.13433398   3 102 
112  16.89774268  096.12845073  16.89751248  096.12829485   3 102 
111  16.89769146  096.12800614   3 102 
112  16.89793009  096.12762119  16.89810906  096.12733247   3 102 
113  16.89834049  096.12748637 
120 Default hold RWY 03 (near)
111  16.89758056  096.12765778   4 
115  16.89781077  096.12781366 
120 Default hold RWY 03 (centre)
111  16.90672965  096.13385277   4 
115  16.90695985  096.13400864 
120 Default hold RWY 03 (far)
111  16.91587874  096.14004774   4 
115  16.91610894  096.14020363 
18   16.90833554  096.13152418 4 BCN
19   16.89801503  096.12590247 1 WS
19   16.91656891  096.14051664 1 WS
50 12840 ATIS
53 12190 MINGALADON GND
54 11810 MINGALADON TWR
55 11970 MINGALADON APP
