110   1 0.00  90.00 Shoulder1S09L
111  51.47727575 -000.47439200 
111  51.47730200 -000.47439200 
111  51.47726227 -000.48520267 
113  51.47725646 -000.48519030 
110   1 0.00  90.00 Shoulder2S09L
111  51.47725800 -000.43326600 
111  51.47745300 -000.43326600 
111  51.47730200 -000.47439200 
113  51.47712800 -000.47439200 
110   1 0.00  90.00 Shoulder1N09L
111  51.47780200 -000.48962300 
111  51.47769347 -000.48962300 
111  51.47774700 -000.47434200 
113  51.47784737 -000.47434200 
110   1 0.00  90.00 Shoulder2N09L
111  51.47796592 -000.47434200 
111  51.47774700 -000.47434200 
111  51.47789600 -000.43326500 
113  51.47806737 -000.43326500 
110   1 0.00  90.00 ShoulderN09R
111  51.46515300 -000.48694400 
111  51.46499596 -000.48694400 
111  51.46517457 -000.43403849 
113  51.46529472 -000.43403849 
110   1 0.00  90.00 ShoulderS09R
111  51.46444000 -000.43524800 
111  51.46472700 -000.43524800 
111  51.46459200 -000.47643900 
113  51.46435700 -000.47643900 
110   1 0.00  90.00 Shoulder09RS2
111  51.46443700 -000.48753400 
111  51.46446600 -000.47643900 
111  51.46459200 -000.47643900 
113  51.46459200 -000.48753400 
110   1 0.00   0.00 New Taxiway 15
111  51.45810100 -000.45520700 
111  51.45810100 -000.45401400 
111  51.46000300 -000.45401400 
113  51.46000300 -000.45520700 
110   1 0.00  55.00 New Taxiway 17
111  51.46005300 -000.45492400   3 
111  51.46047200 -000.45396100 
111  51.46088100 -000.45447400   3 
113  51.46049200 -000.45538400   3 
110   2 0.00   0.00 Royal Suite
111  51.46306600 -000.45684100 
111  51.46280108 -000.45684110 
111  51.46241418 -000.45667643 
113  51.46241500 -000.45612200 
130 EGLL Boundary
111  51.47871285 -000.49275643 
111  51.47839722 -000.49403633 
111  51.47774938 -000.49484563 
111  51.47624355 -000.49543441 
111  51.47491151 -000.49539345 
111  51.47374347 -000.49484732 
111  51.47301310 -000.49406768 
111  51.47245790 -000.49337856 
111  51.47189686 -000.49261944 
111  51.47112634 -000.49198972 
111  51.47017710 -000.49158359 
111  51.46931256 -000.49146654 
111  51.46771415 -000.49157975 
111  51.46657411 -000.49177724 
111  51.46508039 -000.49234261 
111  51.46421173 -000.49240802 
111  51.46364673 -000.49181784 
111  51.46338583 -000.49083448 
111  51.46330834 -000.48991523 
111  51.46326144 -000.48956311 
111  51.46300290 -000.48938084 
111  51.46258082 -000.48933753 
111  51.46222775 -000.48905446 
111  51.46188167 -000.48850470 
111  51.46165680 -000.48760293 
111  51.46150985 -000.48667490 
111  51.46144563 -000.48548897 
111  51.46143914 -000.47800846 
111  51.46114212 -000.47733827 
111  51.46065270 -000.47670513 
111  51.45949661 -000.47540965 
111  51.45901777 -000.47470857 
111  51.45852267 -000.47311568 
111  51.45813603 -000.47087634 
111  51.45784234 -000.46861213 
111  51.45768810 -000.46684519 
111  51.45744089 -000.46410859 
111  51.45734861 -000.46276433 
111  51.45719436 -000.46139520 
111  51.45668377 -000.45960339 
111  51.45579576 -000.45771943 
111  51.45518662 -000.45643215 
111  51.45468593 -000.45464763 
111  51.45406130 -000.45166976 
111  51.45361652 -000.44829056 
111  51.45341964 -000.44476219 
111  51.45668836 -000.44220318 
111  51.45861709 -000.44050102 
111  51.46012750 -000.43874915 
111  51.46672556 -000.42294753 
111  51.46995652 -000.41230731 
111  51.47190216 -000.41507787 
111  51.47413746 -000.41785099 
111  51.47501084 -000.41818714 
111  51.47564083 -000.41871016 
111  51.47599286 -000.41965120 
111  51.47617946 -000.42072480 
111  51.47628140 -000.42190033 
111  51.47735953 -000.42212452 
111  51.47736888 -000.42277343 
111  51.47757929 -000.42286170 
111  51.47755689 -000.42340867 
111  51.48064506 -000.42394494 
111  51.48074910 -000.42414141 
111  51.48061591 -000.42623286 
111  51.48046991 -000.42902330 
111  51.48046476 -000.43325282 
111  51.48058765 -000.43663944 
111  51.48073615 -000.44014945 
111  51.48084359 -000.44349902 
111  51.48240055 -000.44345242 
111  51.48240821 -000.44556443 
111  51.48095618 -000.44566175 
111  51.48110718 -000.44988031 
111  51.48116075 -000.45397420 
111  51.48086110 -000.45415376 
111  51.48057659 -000.45567322 
111  51.48060868 -000.45851411 
111  51.48083866 -000.46021484 
111  51.48082420 -000.46178486 
111  51.48124043 -000.46739175 
111  51.48152861 -000.47208293 
111  51.48154907 -000.47985788 
111  51.48132508 -000.48268010 
111  51.48140374 -000.48514722 
111  51.47985796 -000.48541900 
111  51.47928826 -000.48540473 
113  51.47924557 -000.48712573 
120 Linear Feature 18
112  51.46168900 -000.45542400  51.46159477 -000.45536933  55 
111  51.46088100 -000.45447400   1 
115  51.46047200 -000.45396100 
120 Linear Feature 5
111  51.46000300 -000.45401400   1 
115  51.45810100 -000.45401400 
120 Linear Feature 4
111  51.45875800 -000.45520700   1 
115  51.45875800 -000.45401400 
120 Linear Feature 4
111  51.45941900 -000.45520700   1 
115  51.45941900 -000.45401400 
120 Linear Feature 2
111  51.46000300 -000.45401400   3 
111  51.46000300 -000.45520700   3 
115  51.45810100 -000.45520700 
120 Linear Feature 1
111  51.47053800 -000.44149700   1 101 
116  51.47032600 -000.44047000  51.47060468 -000.44001959 
120 Linear Feature 34
112  51.46321100 -000.48758600  51.46362371 -000.48778748   1 105 
111  51.46372145 -000.48713137   1 105 
111  51.46384374 -000.48626349   1 105 
112  51.46426901 -000.48572995  51.46461513 -000.48559229   1 105 
116  51.46478127 -000.48444955  51.46478545 -000.48383839 
120 Linear Feature 33
112  51.46321100 -000.48758600  51.46344189 -000.48780193   1 105 
112  51.46437900 -000.48786881  51.46494136 -000.48786881 
111  51.46437900 -000.48786881   1 105 
116  51.46477196 -000.48695620  51.46479037 -000.48600691 
120 Linear Feature 32
112  51.46573195 -000.48820502  51.46535814 -000.48843107   1 105 
112  51.46498163 -000.48797526  51.46490936 -000.48778904 
111  51.46498163 -000.48797526   1 105 
116  51.46477499 -000.48695637  51.46476358 -000.48642518 
120 Linear Feature 30
111  51.46571588 -000.48503174   1 101 
111  51.46527929 -000.48503170   1 101 
116  51.46478564 -000.48389819  51.46477905 -000.48274723 
120 Linear Feature 30
111  51.46574260 -000.48247032   1 101 
111  51.46530601 -000.48247201   1 101 
116  51.46479465 -000.48111666  51.46478500 -000.47974535 
120 Linear Feature 30
111  51.46587299 -000.47522577   1 101 
111  51.46543640 -000.47522746   1 101 
116  51.46482049 -000.47386084  51.46481084 -000.47248953 
120 Linear Feature 29
112  51.46386702 -000.47515573  51.46408821 -000.47515378   1 101 
116  51.46482248 -000.47232590  51.46483731 -000.47055913 
120 Linear Feature 28
112  51.46485091 -000.46453870  51.46488349 -000.46550326   1 101 
112  51.46565780 -000.46845939  51.46626706 -000.47053636 
111  51.46565780 -000.46845939   1 101 
116  51.46601828 -000.46884390  51.46624718 -000.46884638 
120 Linear Feature 28
112  51.46363701 -000.46792196  51.46375303 -000.46791569   1 101 
111  51.46380773 -000.46771893 
112  51.46380773 -000.46771893  51.46446713 -000.46569150   1 101 
116  51.46485150 -000.46374701  51.46486698 -000.46278245 
120 Linear Feature 27
112  51.46486626 -000.45987330  51.46488257 -000.45841405   1 101 
115  51.46560700 -000.45899200 
120 Linear Feature 26
111  51.46609291 -000.45945720   1 101 
111  51.46560700 -000.45899200   1 101 
116  51.46487626 -000.45693562  51.46485005 -000.45568726 
120 Linear Feature 25
111  51.46602500 -000.45685200   1 101 
116  51.46488026 -000.45567656  51.46488002 -000.45443142 
120 Linear Feature 24
111  51.46611308 -000.45685079   1 101 
111  51.46602500 -000.45685200   1 101 
116  51.46486984 -000.45904859  51.46485225 -000.46118193 
120 Linear Feature 23
112  51.46486527 -000.45963580  51.46484553 -000.45804434   1 101 
115  51.46422700 -000.45751700 
120 Linear Feature 22
111  51.46369035 -000.45696777   1 101 
111  51.46422700 -000.45751700   1 101 
116  51.46487559 -000.45644624  51.46489786 -000.45490427 
120 Linear Feature 21
111  51.46399100 -000.44995700   1 101 
116  51.46490734 -000.44719502  51.46492216 -000.44587438 
120 Linear Feature 20
112  51.46366917 -000.45047381  51.46397992 -000.44997285   1 101 
111  51.46399100 -000.44995700 
112  51.46399100 -000.44995700  51.46421074 -000.44961870   1 101 
116  51.46489410 -000.45080925  51.46490577 -000.45202023 
120 Linear Feature 19
111  51.46490859 -000.44703026   1 101 
112  51.46613319 -000.44976519  51.46735128 -000.45051924 
111  51.46613319 -000.44976519 
112  51.46613319 -000.44976519  51.46492166 -000.44911314   1 101 
115  51.46489616 -000.45100042 
120 Linear Feature 18
111  51.46613477 -000.44696092   1 101 
116  51.46562830 -000.44744771  51.46542991 -000.44782114 
120 Linear Feature 17
112  51.46613257 -000.44652823  51.46489098 -000.44840217   1 101 
115  51.46489729 -000.45071376 
120 Linear Feature 16
111  51.46386830 -000.44134199   1 101 
111  51.46432256 -000.44092960   1 101 
116  51.46492650 -000.44135587  51.46493275 -000.44232065 
120 Linear Feature 15
112  51.46584892 -000.43948232  51.46506089 -000.44026002   1 101 
116  51.46492866 -000.44124674  51.46490917 -000.44221664 
120 Linear Feature 14
111  51.46294611 -000.43553791   1 105 
111  51.46442428 -000.43467314   1 105 
116  51.46494665 -000.43529847  51.46495480 -000.43620789 
120 Linear Feature 13
112  51.46607894 -000.43653936  51.46541318 -000.43583235   1 105 
115  51.46515292 -000.43637395 
120 Linear Feature 12
112  51.46636144 -000.43589034  51.46622036 -000.43575970   1 105 
111  51.46576600 -000.43578664 
112  51.46576600 -000.43578664  51.46499547 -000.43590858   1 105 
115  51.46494826 -000.43735785 
120 Linear Feature 11
111  51.46572412 -000.43434403   1 105 
116  51.46494943 -000.43521551  51.46493258 -000.43609704 
120 Linear Feature 10
112  51.47646564 -000.43251442  51.47675422 -000.43257945   1 105 
116  51.47744161 -000.43367104  51.47768463 -000.43381735 
120 Linear Feature 9
111  51.47607341 -000.43416687   1 105 
111  51.47665328 -000.43416837 
112  51.47665328 -000.43416837  51.47679136 -000.43416837   1 105 
115  51.47688800 -000.43400400 
120 Linear Feature 8
111  51.47632186 -000.43515983   1 105 
112  51.47688800 -000.43400400  51.47707456 -000.43361505   1 105 
111  51.47740000 -000.43365800   1 105 
116  51.47766966 -000.43435094  51.47767801 -000.43503049 
120 Linear Feature 7
112  51.47765144 -000.43953031  51.47764587 -000.43873900   1 101 
116  51.47652782 -000.43778556  51.47562563 -000.43694955 
120 Linear Feature 6
111  51.47762504 -000.44678690   1 101 
112  51.47670595 -000.44278015  51.47580361 -000.43984685 
111  51.47670595 -000.44278015   1 101 
116  51.47647215 -000.44254550  51.47629768 -000.44254550 
120 Linear Feature 5
112  51.47761381 -000.44989952  51.47760708 -000.44921251   1 101 
116  51.47645678 -000.44800258  51.47559424 -000.44725607 
120 Linear Feature 5
111  51.47760308 -000.45287041   1 101 
112  51.47650516 -000.45191727  51.47541411 -000.45178928 
111  51.47650516 -000.45191727 
112  51.47650516 -000.45191727  51.47759331 -000.45185758   1 101 
115  51.47761177 -000.45057630 
120 Linear Feature 5
111  51.47759021 -000.45659906   1 101 
112  51.47655113 -000.45486180  51.47551828 -000.45474364 
111  51.47655113 -000.45486180 
112  51.47655113 -000.45486180  51.47758108 -000.45483161   1 101 
115  51.47760001 -000.45362962 
120 Linear Feature 4
112  51.47653267 -000.45985576  51.47720715 -000.45885913   1 101 
116  51.47758538 -000.45746003  51.47760285 -000.45639375 
120 Linear Feature 3
112  51.47756563 -000.46282463  51.47755748 -000.46216355   1 101 
116  51.47653453 -000.46101432  51.47570285 -000.46018960 
120 Linear Feature 2
112  51.47626360 -000.46898023  51.47656904 -000.46887908   1 101 
111  51.47673370 -000.46834896   1 101 
116  51.47755878 -000.46498860  51.47758045 -000.46399140 
120 Linear Feature 1
112  51.47671384 -000.47082757  51.47751291 -000.47131848   1 101 
115  51.47754294 -000.46879164 
120 Linear Feature 6
112  51.47673042 -000.49070602  51.47742932 -000.49070602   1 105 
116  51.47746995 -000.48963106  51.47747186 -000.48916849 
120 Linear Feature 5
111  51.47592000 -000.45542300   1 101 
112  51.47652661 -000.45486092  51.47712625 -000.45483690 
111  51.47652661 -000.45486092 
112  51.47652661 -000.45486092  51.47592592 -000.45484511   1 101 
115  51.47592000 -000.45427400 
120 Linear Feature 3
111  51.47595600 -000.45128000   1 101 
112  51.47648600 -000.45191700  51.47701490 -000.45193385 
111  51.47648600 -000.45191700 
112  51.47648600 -000.45191700  51.47595710 -000.45192711   1 101 
115  51.47593200 -000.45263200 
120 Linear Feature 1
111  51.47597600 -000.44702900   1 101 
112  51.47644251 -000.44798897  51.47689000 -000.44841005 
111  51.47644251 -000.44798897 
112  51.47644251 -000.44798897  51.47599648 -000.44761716   1 101 
115  51.47597600 -000.44848800 
120 Linear Feature 20
111  51.47490700 -000.44562100   1 101 
116  51.47526400 -000.44446600  51.47527241 -000.44410598 
120 Linear Feature 19
111  51.47321891 -000.44968999   1 101 
111  51.47490700 -000.44562100   1 101 
116  51.47526500 -000.44601300  51.47528196 -000.44691690 
120 Linear Feature 18
111  51.47592000 -000.45711700   1 101 
112  51.47559919 -000.45765804  51.47529086 -000.45766213 
111  51.47559919 -000.45765804 
112  51.47559919 -000.45765804  51.47527812 -000.45766213   1 101 
115  51.47526500 -000.45710400 
120 Linear Feature 18
111  51.47592000 -000.45820900   1 101 
112  51.47559919 -000.45765804  51.47529086 -000.45766213 
111  51.47559919 -000.45765804 
112  51.47559919 -000.45765804  51.47527812 -000.45766213   1 101 
115  51.47522200 -000.45817700 
120 Linear Feature 17
111  51.47592000 -000.45427400   1 101 
112  51.47560614 -000.45481297  51.47531316 -000.45481297 
111  51.47560614 -000.45481297 
112  51.47560614 -000.45481297  51.47528833 -000.45481297   1 101 
115  51.47526500 -000.45422800 
120 Linear Feature 17
111  51.47592000 -000.45542300   1 101 
112  51.47560614 -000.45481297  51.47531316 -000.45481297 
111  51.47560614 -000.45481297 
112  51.47560614 -000.45481297  51.47528833 -000.45481297   1 101 
115  51.47526500 -000.45542100 
120 Linear Feature 16
111  51.47595600 -000.45128000   1 101 
112  51.47560649 -000.45203568  51.47528968 -000.45203568   1 101 
115  51.47526500 -000.45124300 
120 Linear Feature 16
111  51.47593200 -000.45263200   1 101 
112  51.47560649 -000.45203568  51.47528968 -000.45203568   1 101 
115  51.47526500 -000.45260600 
120 Linear Feature 15
111  51.47597600 -000.44602000   1 101 
112  51.47562834 -000.44670615  51.47530607 -000.44670615 
111  51.47562834 -000.44670615 
112  51.47562834 -000.44670615  51.47529514 -000.44670615   1 101 
115  51.47526500 -000.44601300 
120 Linear Feature 15
111  51.47597600 -000.44757800   1 101 
112  51.47562834 -000.44670615  51.47530607 -000.44670615 
111  51.47562834 -000.44670615 
112  51.47562834 -000.44670615  51.47529514 -000.44670615   1 101 
115  51.47526500 -000.44756600 
120 Linear Feature 14
111  51.47592000 -000.45623900   1 101 
111  51.47592000 -000.45711700   1 101 
111  51.47592000 -000.45820900   1 101 
115  51.47591600 -000.45924400 
120 Linear Feature 13
111  51.47511400 -000.44312900   1 101 
112  51.47526400 -000.44446600  51.47526400 -000.44542794 
111  51.47526400 -000.44446600   1 101 
111  51.47526500 -000.44601300   1 101 
111  51.47526500 -000.44756600   1 101 
111  51.47526500 -000.44815670   1 101 
111  51.47526500 -000.45124300   1 101 
111  51.47526500 -000.45260600   1 101 
111  51.47526500 -000.45422800   1 101 
111  51.47526500 -000.45542100   1 101 
111  51.47526500 -000.45710400 
112  51.47526500 -000.45710400  51.47526500 -000.45774490   1 101 
111  51.47522200 -000.45817700   1 101 
116  51.47514100 -000.45914200  51.47513637 -000.45949160 
120 Linear Feature 12
111  51.47597500 -000.44376425   1 101 
111  51.47597600 -000.44602000   1 101 
111  51.47597600 -000.44702900   1 101 
111  51.47597600 -000.44757800   1 101 
111  51.47597600 -000.44848800   1 101 
111  51.47597600 -000.44930825   1 101 
111  51.47595600 -000.45128000   1 101 
111  51.47593200 -000.45263200   1 101 
111  51.47592000 -000.45427400   1 101 
111  51.47592000 -000.45542300   1 101 
115  51.47592000 -000.45623900 
120 Linear Feature 11
112  51.47465900 -000.44246300  51.47499667 -000.44271810   1 101 
115  51.47508000 -000.44187600 
120 Linear Feature 10
111  51.47134811 -000.44818085   1 101 
111  51.47228425 -000.44527966   1 101 
112  51.47244169 -000.44485608  51.47254543 -000.44461492 
111  51.47244169 -000.44485608   1 101 
111  51.47369690 -000.44206602   1 101 
112  51.47399526 -000.44182982  51.47415190 -000.44192762 
111  51.47399526 -000.44182982   1 101 
111  51.47465900 -000.44246300   1 101 
116  51.47511400 -000.44312900  51.47522325 -000.44354991 
120 Linear Feature 9
111  51.47598200 -000.44008800   1 101 
112  51.47551724 -000.44069638  51.47506551 -000.44069638 
111  51.47551724 -000.44069638 
112  51.47551724 -000.44069638  51.47508868 -000.44069638   1 101 
115  51.47508000 -000.44001400 
120 Linear Feature 9
111  51.47597200 -000.44124300   1 101 
112  51.47551724 -000.44069638  51.47506551 -000.44069638 
111  51.47551724 -000.44069638 
112  51.47551724 -000.44069638  51.47508868 -000.44069638   1 101 
115  51.47508000 -000.44132600 
120 Linear Feature 8
111  51.47508000 -000.44001400   1 101 
111  51.47508000 -000.44132600   1 101 
111  51.47508000 -000.44187600 
112  51.47508000 -000.44187600  51.47506510 -000.44252176   1 101 
116  51.47511400 -000.44312900  51.47523814 -000.44360734 
120 Linear Feature 7
111  51.47598530 -000.43847833   1 101 
111  51.47598200 -000.44008800   1 101 
111  51.47597200 -000.44124300   1 101 
111  51.47597400 -000.44155100   1 101 
111  51.47597500 -000.44375536   1 101 
112  51.47642763 -000.44254200  51.47686847 -000.44254200 
111  51.47642763 -000.44254200 
112  51.47642763 -000.44254200  51.47598934 -000.44248882   1 101 
115  51.47597400 -000.44155100 
120 Linear Feature 6
111  51.47598392 -000.43677800   1 101 
111  51.47598534 -000.43846247   1 101 
112  51.47649671 -000.43777205  51.47699189 -000.43790818 
111  51.47649671 -000.43777205 
112  51.47649671 -000.43777205  51.47602866 -000.43756513   1 101 
115  51.47598414 -000.43677800 
120 Linear Feature 4
111  51.47519710 -000.43060668   1 
112  51.47466978 -000.43049246  51.47448422 -000.43041164 
111  51.47466978 -000.43049246 
112  51.47466978 -000.43049246  51.47492006 -000.43074880   1 
115  51.47468800 -000.43112600 
120 Linear Feature 3
111  51.47493900 -000.43075200   1 
116  51.47502200 -000.42963300  51.47487291 -000.42882680 
120 Linear Feature 2
111  51.47544600 -000.43076400   1 
112  51.47502200 -000.42963300  51.47482018 -000.42880946 
111  51.47502200 -000.42963300   1 
115  51.47492162 -000.42912516 
120 Linear Feature 101
111  51.47584300 -000.43141800   1 101 
115  51.47565810 -000.43108133 
120 Linear Feature 100
112  51.47468800 -000.43310700  51.47512045 -000.43247875   1 101 
111  51.47535897 -000.43247942   1 101 
111  51.47562800 -000.43245600   1 101 
112  51.47641488 -000.43249525  51.47664094 -000.43255152 
111  51.47641488 -000.43249525   1 101 
112  51.47584300 -000.43141800  51.47550260 -000.43038512 
111  51.47584300 -000.43141800   1 101 
116  51.47562800 -000.43245600  51.47511400 -000.43253797 
120 Linear Feature 99
111  51.47523067 -000.43592451   1 101 
111  51.47567600 -000.43592400 
112  51.47567600 -000.43592400  51.47598990 -000.43593327   1 101 
111  51.47598397 -000.43675625 
112  51.47598397 -000.43675625  51.47600048 -000.43572386   1 101 
112  51.47630602 -000.43519068  51.47659237 -000.43463555 
111  51.47630602 -000.43519068   1 101 
116  51.47567600 -000.43592400  51.47545629 -000.43592400 
120 Linear Feature 97
112  51.47456400 -000.43660500  51.47460113 -000.43598399   1 101 
111  51.47497500 -000.43592400 
112  51.47497500 -000.43592400  51.47459437 -000.43587432   1 101 
111  51.47456400 -000.43509800 
112  51.47456400 -000.43509800  51.47452996 -000.43587799   1 101 
111  51.47414800 -000.43592400 
112  51.47414800 -000.43592400  51.47452553 -000.43598362   1 101 
115  51.47456400 -000.43660500 
120 Linear Feature 96
112  51.47501900 -000.43416700  51.47458577 -000.43419184   1 101 
111  51.47456400 -000.43472400 
112  51.47456400 -000.43472400  51.47454853 -000.43418745   1 101 
115  51.47417100 -000.43416700 
120 Linear Feature 95
111  51.47380000 -000.43439700   1 101 
112  51.47417100 -000.43416700  51.47437712 -000.43416139 
111  51.47417100 -000.43416700   1 101 
111  51.47501900 -000.43416700   1 101 
115  51.47604571 -000.43416641 
120 Linear Feature 94
112  51.47237900 -000.43592400  51.47288619 -000.43591307   1 101 
111  51.47334880 -000.43506766   1 101 
111  51.47380000 -000.43439700   1 101 
115  51.47468800 -000.43310700 
120 Linear Feature 93
111  51.47456400 -000.43681846   1 101 
111  51.47456400 -000.43660500   1 101 
111  51.47456400 -000.43509800   1 101 
111  51.47456400 -000.43472400   1 101 
111  51.47456400 -000.43366819 
112  51.47456400 -000.43366819  51.47457972 -000.43328399   1 101 
115  51.47468800 -000.43310700 
120 Linear Feature 92
111  51.47237900 -000.43592400   1 101 
111  51.47414800 -000.43592400   1 101 
111  51.47497500 -000.43592400   1 101 
115  51.47519148 -000.43592400 
120 Linear Feature 91
112  51.47161700 -000.43572700  51.47189600 -000.43526045   1 
111  51.47151873 -000.43464891   1 
116  51.47205900 -000.43503300  51.47220082 -000.43483518 
120 Linear Feature 90
112  51.47140500 -000.43679300  51.47148637 -000.43608012   1 101 
115  51.47181400 -000.43592300 
120 Linear Feature 89
111  51.47111700 -000.43640300   1 101 
112  51.47181400 -000.43592300  51.47222449 -000.43582766 
111  51.47181400 -000.43592300   1 101 
115  51.47237312 -000.43592400 
120 Linear Feature 88
112  51.47140600 -000.43775300  51.47144967 -000.43872607   1 101 
115  51.47209300 -000.43805200 
120 Linear Feature 87
112  51.47474300 -000.43760400  51.47456661 -000.43758413   1 101 
111  51.47456399 -000.43682540 
112  51.47456399 -000.43682540  51.47455161 -000.43758053   1 101 
115  51.47416500 -000.43760300 
120 Linear Feature 86
111  51.47111700 -000.43640300   1 101 
111  51.47161700 -000.43572700   1 101 
111  51.47205900 -000.43503300   1 101 
111  51.47468800 -000.43112600   1 101 
111  51.47493900 -000.43075200 
112  51.47493900 -000.43075200  51.47522311 -000.43041796   1 101 
111  51.47544600 -000.43076400   1 101 
115  51.47564932 -000.43106855 
120 Linear Feature 85
112  51.47140500 -000.43679300  51.47137782 -000.43611661   1 101 
115  51.47111700 -000.43640300 
120 Linear Feature 84
112  51.47124000 -000.43913300  51.47140310 -000.43888572   1 101 
111  51.47140649 -000.43820369   1 101 
111  51.47140600 -000.43775300   1 101 
111  51.47140500 -000.43679300   1 101 
116  51.47161700 -000.43572700  51.47179517 -000.43545219 
120 Linear Feature 83
112  51.47111700 -000.43640300  51.47106450 -000.43643748   1 101 
112  51.47051800 -000.43592700  51.47046220 -000.43515442 
111  51.47051800 -000.43592700   1 101 
116  51.47035500 -000.43647200  51.47021085 -000.43646080 
120 Linear Feature 82
111  51.47051800 -000.43726600   1 101 
116  51.47035500 -000.43647200  51.47019966 -000.43639072 
120 Linear Feature 81
111  51.46859100 -000.43937600   1 101 
116  51.46908300 -000.43941400  51.46919131 -000.43905138 
120 Linear Feature 80
112  51.46921500 -000.43669300  51.46922779 -000.43593350   1 101 
115  51.46990300 -000.43623400 
120 Linear Feature 79
112  51.46908300 -000.43941400  51.46921922 -000.43889230   1 101 
111  51.46921764 -000.43764556   1 101 
111  51.46921500 -000.43669300 
112  51.46921500 -000.43669300  51.46920477 -000.43586781   1 101 
115  51.46901200 -000.43572800 
120 Linear Feature 78
112  51.46915500 -000.43998700  51.46898032 -000.43977032   1 101 
112  51.46908300 -000.43941400  51.46911317 -000.43929929   1 101 
111  51.46928273 -000.43904118   1 101 
111  51.46954976 -000.43866093   1 101 
111  51.47051800 -000.43726600   1 101 
115  51.47111700 -000.43640300 
120 Linear Feature 77
112  51.46901200 -000.43572800  51.46912736 -000.43581816   1 101 
111  51.46990300 -000.43623400   1 101 
111  51.47035500 -000.43647200   1 101 
116  51.47111700 -000.43640300  51.47134864 -000.43616418 
120 Linear Feature 76
111  51.47032600 -000.44047000   1 101 
116  51.47051400 -000.43970000  51.47052829 -000.43924879 
120 Linear Feature 75
112  51.47124000 -000.43913300  51.47059958 -000.43990661   1 101 
115  51.47051700 -000.43896700 
120 Linear Feature 74
111  51.47051400 -000.43970000   1 101 
111  51.47051700 -000.43896700   1 101 
111  51.47051763 -000.43818252   1 101 
111  51.47051800 -000.43726600   1 101 
111  51.47051800 -000.43592700 
112  51.47051800 -000.43592700  51.47051721 -000.43570815   1 
115  51.47045612 -000.43543912 
120 Linear Feature 73
111  51.47053800 -000.44149700   1 101 
116  51.47113800 -000.44166700  51.47138779 -000.44131844 
120 Linear Feature 72
111  51.47050700 -000.44268100   1 101 
112  51.47053800 -000.44149700  51.47025257 -000.44089335 
111  51.47053800 -000.44149700 
112  51.47053800 -000.44149700  51.47001697 -000.44100245   1 101 
111  51.46976600 -000.44131100 
112  51.46976600 -000.44131100  51.46995629 -000.44093281   1 101 
115  51.46967600 -000.44059300 
120 Linear Feature 71
111  51.46887712 -000.44494705   1 101 
111  51.47050700 -000.44268100   1 101 
111  51.47113800 -000.44166700   1 101 
115  51.47146801 -000.44113734 
120 Linear Feature 70
112  51.46586187 -000.43947137  51.46618291 -000.43918062   1 101 
115  51.46633114 -000.43919942 
120 Linear Feature 69
111  51.46614079 -000.43434500   1 101 
115  51.46574145 -000.43434500 
120 Linear Feature 68
112  51.46841200 -000.43616000  51.46840826 -000.43531730   1 101 
115  51.46820000 -000.43517500 
120 Linear Feature 67
111  51.46888800 -000.43563300   1 101 
111  51.46820000 -000.43517500   1 101 
111  51.46703453 -000.43439667 
112  51.46703453 -000.43439667  51.46695214 -000.43434547   1 101 
111  51.46685331 -000.43434500   1 101 
115  51.46616309 -000.43434500 
120 Linear Feature 66
111  51.46795600 -000.43863200   1 101 
116  51.46828200 -000.43859500  51.46836546 -000.43839671 
120 Linear Feature 65
112  51.46858000 -000.43936400  51.46840361 -000.43912557   1 101 
116  51.46841200 -000.43796700  51.46841711 -000.43680931 
120 Linear Feature 64
112  51.46793600 -000.43920000  51.46803164 -000.43919209   1 101 
111  51.46806606 -000.43913231   1 101 
112  51.46828200 -000.43859500  51.46830190 -000.43852179   1 101 
112  51.46841200 -000.43796700  51.46841272 -000.43772484 
111  51.46841200 -000.43796700   1 101 
111  51.46841277 -000.43719804   1 101 
111  51.46841200 -000.43616000   1 101 
112  51.46888800 -000.43563300  51.46933904 -000.43590918 
111  51.46888800 -000.43563300   1 101 
115  51.46899961 -000.43571858 
120 Linear Feature 63
112  51.46727200 -000.43920000  51.46756598 -000.43921987   1 101 
111  51.46757800 -000.43993300   1 101 
116  51.46823500 -000.43920000  51.46888175 -000.43918013 
120 Linear Feature 61
112  51.46858000 -000.43936400  51.46840344 -000.43919893   1 101 
111  51.46823500 -000.43920000   1 101 
111  51.46793600 -000.43920000   1 101 
111  51.46727200 -000.43920000   1 101 
115  51.46635930 -000.43920000 
120 Linear Feature 60
112  51.46767500 -000.43830600  51.46758506 -000.43819167   1 101 
112  51.46759318 -000.43742376  51.46758420 -000.43724825   1 101 
111  51.46754060 -000.43718985   1 101 
115  51.46642651 -000.43595463 
120 Linear Feature 59
111  51.46858000 -000.43936400   1 101 
111  51.46795600 -000.43863200   1 101 
111  51.46767500 -000.43830600   1 101 
115  51.46748300 -000.43809100 
120 Linear Feature 58
112  51.47053800 -000.44149700  51.47042975 -000.44137670   1 101 
111  51.46967600 -000.44059300   1 101 
111  51.46915500 -000.43998700   1 101 
115  51.46859100 -000.43937600 
120 Linear Feature 57
111  51.46757809 -000.44047667   1 101 
111  51.46757800 -000.43993300   1 101 
111  51.46757892 -000.43872801 
112  51.46757892 -000.43872801  51.46757430 -000.43819807   1 101 
111  51.46748300 -000.43809100   1 101 
115  51.46615209 -000.43661027 
120 Linear Feature 56
112  51.46757700 -000.44250100  51.46759866 -000.44424453   1 101 
115  51.46808400 -000.44370000 
120 Linear Feature 55
111  51.46659100 -000.44585000   1 101 
115  51.46617000 -000.44647273 
120 Linear Feature 54
111  51.46650500 -000.44785300   1 101 
116  51.46617000 -000.44695528  51.46585405 -000.44701545 
120 Linear Feature 53
111  51.46746000 -000.44567400   1 101 
116  51.46703700 -000.44520800  51.46664709 -000.44565009 
120 Linear Feature 52
111  51.46747600 -000.44723200   1 101 
111  51.46746000 -000.44567400   1 101 
116  51.46749700 -000.44454200  51.46754501 -000.44446598 
120 Linear Feature 51
112  51.46869500 -000.44516100  51.46851334 -000.44538252   1 101 
111  51.46866800 -000.44562500 
112  51.46866800 -000.44562500  51.46847035 -000.44541872   1 101 
111  51.46827300 -000.44561300 
112  51.46827300 -000.44561300  51.46845667 -000.44537042   1 101 
111  51.46832400 -000.44513800 
112  51.46832400 -000.44513800  51.46851265 -000.44533428   1 101 
115  51.46869500 -000.44516100 
120 Linear Feature 50
111  51.46749700 -000.44454200   1 101 
116  51.46794800 -000.44443200  51.46808401 -000.44469438 
120 Linear Feature 49
111  51.47033531 -000.44856950   1 101 
111  51.46902524 -000.44609397   1 101 
111  51.46866800 -000.44562500   1 101 
111  51.46832400 -000.44513800   1 101 
111  51.46812211 -000.44477097   1 101 
111  51.46794800 -000.44443200   1 101 
116  51.46808400 -000.44370000  51.46836031 -000.44325901 
120 Linear Feature 48
112  51.46747600 -000.44723200  51.46747600 -000.44684897   1 101 
111  51.46759893 -000.44668377   1 101 
111  51.46827300 -000.44561300   1 101 
111  51.46869500 -000.44516100   1 101 
115  51.46885622 -000.44497702 
120 Linear Feature 47
111  51.46749700 -000.44454200   1 101 
111  51.46808400 -000.44370000   1 101 
111  51.46976600 -000.44131100   1 101 
111  51.47032600 -000.44047000   1 101 
111  51.47068523 -000.43995417   1 101 
111  51.47124000 -000.43913300   1 101 
111  51.47209300 -000.43805200   1 101 
111  51.47234027 -000.43775082 
112  51.47234027 -000.43775082  51.47248679 -000.43758894   1 101 
111  51.47267329 -000.43760236   1 101 
111  51.47416492 -000.43760300   1 101 
111  51.47474300 -000.43760400 
112  51.47474300 -000.43760400  51.47491520 -000.43761682   1 101 
112  51.47507915 -000.43842670  51.47507915 -000.43879146 
111  51.47507915 -000.43842670   1 101 
115  51.47508000 -000.44001400 
120 Linear Feature 46
112  51.46805700 -000.44895000  51.46752530 -000.44832491   1 101 
115  51.46746200 -000.44904300 
120 Linear Feature 45
111  51.46699900 -000.44854600   1 101 
116  51.46774710 -000.44870287  51.46819584 -000.44886997 
120 Linear Feature 44
111  51.46912550 -000.45091725   1 101 
111  51.46818557 -000.44919071   1 101 
111  51.46805700 -000.44895000   1 101 
116  51.46747595 -000.44768644  51.46745883 -000.44724792 
120 Linear Feature 43
111  51.46747600 -000.44789800   1 101 
112  51.46699900 -000.44854600  51.46651149 -000.44854600   1 101 
115  51.46650500 -000.44785300 
120 Linear Feature 43
111  51.46746200 -000.44904300   1 101 
112  51.46699870 -000.44854609  51.46651119 -000.44854609   1 101 
115  51.46650500 -000.44901900 
120 Linear Feature 42
112  51.46650500 -000.45029300  51.46649879 -000.44992729   1 101 
111  51.46616350 -000.44977996   1 101 
116  51.46650500 -000.44901900  51.46651196 -000.44814687 
120 Linear Feature 41
111  51.46715400 -000.45034800   1 101 
112  51.46682546 -000.45085308  51.46651291 -000.45083322   1 101 
115  51.46650500 -000.45029300 
120 Linear Feature 41
111  51.46715400 -000.45149300   1 101 
112  51.46682546 -000.45085308  51.46651291 -000.45083322   1 101 
115  51.46650500 -000.45148800 
120 Linear Feature 39
112  51.46650500 -000.45745800  51.46649801 -000.45684675   1 101 
111  51.46614311 -000.45685006   1 101 
116  51.46650500 -000.45608100  51.46651548 -000.45530993 
120 Linear Feature 38
111  51.46718600 -000.45336200   1 101 
112  51.46690680 -000.45399649  51.46659640 -000.45414010 
111  51.46690680 -000.45399649 
112  51.46690680 -000.45399649  51.46652615 -000.45411015   1 101 
115  51.46650500 -000.45352100 
120 Linear Feature 38
111  51.46732900 -000.45467800   1 101 
112  51.46690680 -000.45399649  51.46657910 -000.45410309 
111  51.46690680 -000.45399649 
112  51.46690680 -000.45399649  51.46651270 -000.45417492   1 101 
115  51.46650500 -000.45467800 
120 Linear Feature 37
111  51.46734900 -000.45534400   1 101 
112  51.46697108 -000.45596130  51.46661543 -000.45595077 
111  51.46697108 -000.45596130 
112  51.46697108 -000.45596130  51.46653143 -000.45597184   1 101 
115  51.46650500 -000.45534400 
120 Linear Feature 37
111  51.46734900 -000.45667400   1 101 
112  51.46697108 -000.45596130  51.46661543 -000.45595077 
111  51.46697108 -000.45596130 
112  51.46697108 -000.45596130  51.46653143 -000.45597184   1 101 
115  51.46650500 -000.45667400 
120 Linear Feature 36
111  51.46734900 -000.45745800   1 101 
112  51.46695698 -000.45797319  51.46657653 -000.45796301 
111  51.46695698 -000.45797319 
112  51.46695698 -000.45797319  51.46651735 -000.45798336   1 101 
115  51.46650500 -000.45745800 
120 Linear Feature 36
111  51.46734900 -000.45862900   1 101 
112  51.46695698 -000.45797319  51.46657653 -000.45796301 
111  51.46695698 -000.45797319 
112  51.46695698 -000.45797319  51.46651735 -000.45798336   1 101 
115  51.46650500 -000.45862900 
120 Linear Feature 35
111  51.46668237 -000.46010274   1 101 
115  51.46629265 -000.45964701 
120 Linear Feature 34
112  51.46647100 -000.46024900  51.46648144 -000.45971051   1 101 
111  51.46613749 -000.45949206   1 101 
116  51.46650500 -000.45914300  51.46653388 -000.45855103 
120 Linear Feature 33
111  51.46734900 -000.45940100   1 101 
112  51.46687045 -000.46022584  51.46644320 -000.46026409 
111  51.46687045 -000.46022584 
112  51.46687045 -000.46022584  51.46649767 -000.46022584   1 101 
115  51.46650500 -000.45914300 
120 Linear Feature 33
111  51.46723600 -000.46080100   1 101 
112  51.46687045 -000.46022584  51.46649767 -000.46022584   1 101 
115  51.46646000 -000.46068900 
120 Linear Feature 32
111  51.46752300 -000.46002100   1 101 
116  51.46732900 -000.45969700  51.46733599 -000.45939417 
120 Linear Feature 31
112  51.46727300 -000.46038300  51.46732815 -000.46002127   1 101 
111  51.46752300 -000.46002100   1 101 
111  51.46791734 -000.46002052 
112  51.46791734 -000.46002052  51.46802401 -000.46002052   1 101 
111  51.46814759 -000.46016132   1 101 
115  51.46908503 -000.46119087 
120 Linear Feature 30
111  51.46644800 -000.46252400   1 101 
111  51.46646000 -000.46068900   1 101 
111  51.46647100 -000.46024900   1 101 
111  51.46650500 -000.45914300   1 101 
111  51.46650500 -000.45862900   1 101 
111  51.46650500 -000.45745800   1 101 
111  51.46650500 -000.45667400   1 101 
111  51.46650500 -000.45608100   1 101 
111  51.46650500 -000.45534400   1 101 
111  51.46650500 -000.45467800   1 101 
111  51.46650500 -000.45352100   1 101 
111  51.46650500 -000.45247042   1 101 
111  51.46650500 -000.45148800   1 101 
111  51.46650500 -000.45029300   1 101 
111  51.46650500 -000.44901900   1 101 
111  51.46650500 -000.44785300   1 101 
111  51.46650500 -000.44633613   1 101 
112  51.46659100 -000.44585000  51.46667766 -000.44570411 
111  51.46659100 -000.44585000   1 101 
111  51.46703700 -000.44520800   1 101 
111  51.46749700 -000.44454200 
112  51.46749700 -000.44454200  51.46758804 -000.44435222   1 101 
111  51.46757844 -000.44389277   1 101 
111  51.46757700 -000.44250100   1 101 
115  51.46757780 -000.44050295 
120 Linear Feature 29
111  51.46723600 -000.46212300   1 101 
111  51.46723600 -000.46080100   1 101 
112  51.46727300 -000.46038300  51.46731419 -000.46007887 
111  51.46727300 -000.46038300 
112  51.46727300 -000.46038300  51.46729359 -000.46023094   1 101 
111  51.46732900 -000.45969700   1 101 
111  51.46734900 -000.45940100   1 101 
111  51.46734900 -000.45862900   1 101 
111  51.46734900 -000.45745800   1 101 
111  51.46734900 -000.45667400   1 101 
111  51.46734900 -000.45534400   1 101 
111  51.46734900 -000.45503758   1 101 
111  51.46732900 -000.45467800   1 101 
112  51.46718600 -000.45336200  51.46716275 -000.45313468   1 101 
111  51.46715400 -000.45149300   1 101 
111  51.46715400 -000.45034800   1 101 
112  51.46721153 -000.44994293  51.46725570 -000.44971527 
111  51.46721153 -000.44994293 
112  51.46721153 -000.44994293  51.46723710 -000.44980857   1 101 
111  51.46737109 -000.44947109   1 101 
112  51.46746200 -000.44904300  51.46748060 -000.44882654   1 101 
111  51.46747600 -000.44789800   1 101 
115  51.46747600 -000.44723200 
120 Linear Feature 28
111  51.46267300 -000.43631800   1 101 
116  51.46227400 -000.43594800  51.46189355 -000.43614476 
120 Linear Feature 27
111  51.46267341 -000.43709766   1 101 
111  51.46267300 -000.43631800   1 101 
112  51.46289875 -000.43556036  51.46311963 -000.43538498 
111  51.46289875 -000.43556036   1 101 
111  51.46227400 -000.43594800   1 101 
116  51.46196212 -000.43654341  51.46195979 -000.43697255 
120 Linear Feature 26
112  51.46221500 -000.43917300  51.46264542 -000.43964711   1 101 
115  51.46267300 -000.43835200 
120 Linear Feature 25
112  51.46283800 -000.43997800  51.46265514 -000.43969354   1 101 
111  51.46267300 -000.43835200   1 101 
115  51.46267303 -000.43712319 
120 Linear Feature 24
111  51.46315100 -000.44096800   1 101 
111  51.46315098 -000.44081376 
112  51.46315098 -000.44081376  51.46315098 -000.44053380   1 101 
112  51.46283800 -000.43997800  51.46253699 -000.43953118 
111  51.46283800 -000.43997800   1 101 
112  51.46221500 -000.43917300  51.46198550 -000.43890275 
111  51.46221500 -000.43917300 
112  51.46221500 -000.43917300  51.46208359 -000.43901174   1 101 
112  51.46196219 -000.43876420  51.46195845 -000.43861322 
111  51.46196219 -000.43876420   1 101 
111  51.46195938 -000.43783138   1 101 
115  51.46196225 -000.43657707 
120 Linear Feature 23
112  51.46333600 -000.44191900  51.46315815 -000.44216624   1 101 
111  51.46315100 -000.44272300 
112  51.46315100 -000.44272300  51.46313988 -000.44223617   1 101 
111  51.46286600 -000.44242200 
112  51.46286600 -000.44242200  51.46313884 -000.44211383   1 101 
111  51.46315100 -000.44174100 
112  51.46315100 -000.44174100  51.46316053 -000.44210067   1 101 
115  51.46333600 -000.44191900 
120 Linear Feature 22
111  51.46352966 -000.44169203   1 101 
111  51.46333600 -000.44191900   1 101 
112  51.46315100 -000.44213700  51.46306730 -000.44221910 
111  51.46315100 -000.44213700   1 101 
111  51.46286600 -000.44242200   1 101 
115  51.46072378 -000.44410898 
120 Linear Feature 21
111  51.46384788 -000.44136421   1 101 
115  51.46355314 -000.44167310 
120 Linear Feature 20
112  51.46315100 -000.44781200  51.46313977 -000.44646583   1 101 
111  51.46276500 -000.44699200   1 101 
116  51.46315100 -000.44574000  51.46315849 -000.44498879 
120 Linear Feature 19
111  51.46183800 -000.44958500   1 101 
116  51.46139400 -000.44896500  51.46107696 -000.44934741 
120 Linear Feature 18
112  51.46335000 -000.45098300  51.46317980 -000.45128895   1 101 
111  51.46317000 -000.45205800   1 101 
112  51.46298500 -000.45162900  51.46281480 -000.45177651 
111  51.46298500 -000.45162900   1 101 
116  51.46317000 -000.45077300  51.46317681 -000.45020480 
120 Linear Feature 17
111  51.46267400 -000.45218400   1 101 
116  51.46189000 -000.45176900  51.46180588 -000.45038921 
120 Linear Feature 16
112  51.46109000 -000.45395900  51.46147119 -000.45430083   1 101 
111  51.46188700 -000.45356600   1 101 
111  51.46267400 -000.45218400   1 101 
111  51.46298500 -000.45162900   1 101 
111  51.46335000 -000.45098300   1 101 
111  51.46357125 -000.45062092   1 101 
116  51.46317000 -000.44997800  51.46313936 -000.44902736 
120 Linear Feature 15
112  51.46046000 -000.45345700  51.46013198 -000.45334277   1 101 
111  51.45982500 -000.45254400   1 101 
111  51.45969848 -000.45216650 
112  51.45969848 -000.45216650  51.45954657 -000.45160213   1 101 
115  51.45970200 -000.45137200 
120 Linear Feature 14
111  51.45911600 -000.45220900   1 101 
112  51.45982500 -000.45254400  51.46015039 -000.45339011 
111  51.45982500 -000.45254400 
112  51.45982500 -000.45254400  51.46011332 -000.45329756   1 101 
115  51.45962300 -000.45341200 
120 Linear Feature 13
111  51.45905800 -000.45339400   1 101 
116  51.45885500 -000.45260400  51.45913581 -000.45188686 
120 Linear Feature 12
111  51.46276500 -000.44699200   1 101 
111  51.46204000 -000.44804000   1 101 
111  51.46139400 -000.44896500   1 101 
111  51.45970200 -000.45137200   1 101 
111  51.45911600 -000.45220900   1 101 
111  51.45885500 -000.45260400   1 101 
111  51.45859503 -000.45299907   1 101 
116  51.45813200 -000.45332500  51.45787605 -000.45334003 
120 Linear Feature 11
111  51.46210400 -000.45512700   1 101 
112  51.46188700 -000.45356600  51.46191879 -000.45235138 
111  51.46188700 -000.45356600   1 101 
112  51.46189000 -000.45176900  51.46188606 -000.45081522   1 101 
112  51.46183800 -000.44958500  51.46177907 -000.44846800   1 101 
115  51.46204000 -000.44804000 
120 Linear Feature 10
111  51.46276220 -000.45589288   1 101 
116  51.46315100 -000.45508200  51.46316462 -000.45389641 
120 Linear Feature 9
111  51.46315100 -000.45673500   1 101 
116  51.46307734 -000.45626790  51.46299491 -000.45616613 
120 Linear Feature 8
112  51.46315100 -000.45743400  51.46317266 -000.45646547   1 101 
115  51.46343800 -000.45669700 
120 Linear Feature 7
111  51.46343800 -000.45669700   1 101 
116  51.46315100 -000.45541000  51.46313862 -000.45451597 
120 Linear Feature 6
111  51.46363850 -000.45691500   1 101 
111  51.46343800 -000.45669700   1 101 
111  51.46259348 -000.45569216   1 101 
111  51.46210400 -000.45512700   1 101 
112  51.46109000 -000.45395900  51.46086075 -000.45372704   1 101 
112  51.46046000 -000.45345700  51.46034495 -000.45343537   1 101 
112  51.46015929 -000.45342504  51.46001146 -000.45341996   1 101 
111  51.45962300 -000.45341200   1 101 
111  51.45905800 -000.45339400   1 101 
111  51.45813200 -000.45332500   1 101 
111  51.45772859 -000.45332662   1 101 
112  51.45685078 -000.45273159  51.45650355 -000.45211670 
111  51.45685078 -000.45273159 
112  51.45685078 -000.45273159  51.45638042 -000.45127992   1 101 
111  51.45674827 -000.45010666   1 101 
115  51.45747794 -000.44794056 
120 Linear Feature 5
112  51.46315100 -000.46830900  51.46316053 -000.46792668   1 101 
111  51.46361162 -000.46792181   1 101 
116  51.46315100 -000.46725100  51.46314333 -000.46658770 
120 Linear Feature 4
111  51.46315100 -000.46830900   1 101 
111  51.46315100 -000.46725100   1 101 
111  51.46315100 -000.45743400   1 101 
111  51.46315100 -000.45673500   1 101 
111  51.46315100 -000.45541000   1 101 
111  51.46315100 -000.45508200   1 101 
111  51.46315100 -000.45408864   1 101 
111  51.46317000 -000.45205800   1 101 
111  51.46317000 -000.45077300   1 101 
111  51.46317000 -000.44997800   1 101 
111  51.46317000 -000.44898584   1 101 
111  51.46315100 -000.44781200   1 101 
111  51.46315100 -000.44574000   1 101 
111  51.46315100 -000.44406334   1 101 
111  51.46315100 -000.44272300   1 101 
111  51.46315100 -000.44213700   1 101 
111  51.46315100 -000.44174100   1 101 
115  51.46315100 -000.44096800 
120 Linear Feature 3
111  51.46286700 -000.47320600   1 101 
115  51.45999390 -000.47320600 
120 Linear Feature 2
112  51.46315000 -000.47364600  51.46313461 -000.47323794   1 101 
111  51.46286700 -000.47320600   1 101 
116  51.46315000 -000.47275600  51.46316793 -000.47234164 
120 Linear Feature 1
111  51.46314934 -000.47387110   1 101 
111  51.46315000 -000.47364600   1 101 
111  51.46315000 -000.47275600   1 101 
115  51.46315100 -000.46833777 
120 Linear Feature 42
112  51.46337500 -000.47560800  51.46339891 -000.47515288   1 101 
111  51.46382740 -000.47515611 
112  51.46382740 -000.47515611  51.46340379 -000.47511772   1 101 
115  51.46321400 -000.47435900 
120 Linear Feature 41
112  51.46317799 -000.48755418  51.46263617 -000.48704528   1 101 
112  51.46244326 -000.48547439  51.46243255 -000.48439148 
111  51.46244326 -000.48547439   1 101 
111  51.46243793 -000.48011690 
112  51.46243793 -000.48011690  51.46244565 -000.47928739   1 101 
112  51.46259059 -000.47874441  51.46273329 -000.47822443 
111  51.46259059 -000.47874441   1 101 
111  51.46331054 -000.47654484   1 101 
112  51.46337500 -000.47560800  51.46335245 -000.47495055   1 101 
111  51.46321400 -000.47435900   1 101 
116  51.46315117 -000.47392008  51.46312501 -000.47369766 
120 Linear Feature 40
112  51.46692100 -000.48782000  51.46634952 -000.48783277   1 101 
115  51.46605596 -000.48801086 
120 Linear Feature 39
111  51.46738600 -000.48717700   1 101 
112  51.46692100 -000.48782000  51.46648466 -000.48782000   1 101 
115  51.46648200 -000.48717700 
120 Linear Feature 38
111  51.46598466 -000.48805351   1 101 
115  51.46575569 -000.48819034 
120 Linear Feature 37
111  51.46692400 -000.48507400   1 101 
115  51.46599300 -000.48503200 
120 Linear Feature 36
111  51.46596606 -000.48503250   1 101 
115  51.46574095 -000.48503250 
120 Linear Feature 35
111  51.46738600 -000.48443600   1 101 
112  51.46692400 -000.48507400  51.46646964 -000.48511239 
111  51.46692400 -000.48507400 
112  51.46692400 -000.48507400  51.46650722 -000.48503518   1 101 
111  51.46646800 -000.48443600 
112  51.46646800 -000.48443600  51.46644444 -000.48497006   1 101 
111  51.46599300 -000.48503200   1 101 
112  51.46646800 -000.48584900  51.46650131 -000.48662483 
111  51.46646800 -000.48584900   1 101 
112  51.46692406 -000.48507400  51.46734139 -000.48502562 
111  51.46692406 -000.48507400 
112  51.46692406 -000.48507400  51.46737146 -000.48512521   1 101 
115  51.46738600 -000.48584900 
120 Linear Feature 35
111  51.46738600 -000.48181800   1 101 
112  51.46691600 -000.48248800  51.46646164 -000.48252639 
111  51.46691600 -000.48248800 
112  51.46691600 -000.48248800  51.46649922 -000.48246607   1 101 
111  51.46650000 -000.48181800 
112  51.46650000 -000.48181800  51.46646722 -000.48245566   1 101 
111  51.46598500 -000.48247100   1 101 
112  51.46646800 -000.48326300  51.46648728 -000.48402757 
111  51.46646800 -000.48326300   1 101 
112  51.46691600 -000.48248800  51.46731405 -000.48247058 
111  51.46691600 -000.48248800 
112  51.46691600 -000.48248800  51.46736340 -000.48253921   1 101 
115  51.46738600 -000.48326300 
120 Linear Feature 34
111  51.46738600 -000.48148427   1 101 
111  51.46738600 -000.48181800   1 101 
111  51.46738600 -000.48326300   1 101 
111  51.46738600 -000.48443600   1 101 
111  51.46738600 -000.48584900   1 101 
111  51.46738600 -000.48652010   1 101 
115  51.46738600 -000.48717700 
120 Linear Feature 33
111  51.46650287 -000.48144070   1 101 
111  51.46650000 -000.48181800   1 101 
111  51.46646800 -000.48326300   1 101 
111  51.46646800 -000.48375558   1 101 
111  51.46646800 -000.48443600   1 101 
111  51.46646800 -000.48584900   1 101 
111  51.46646846 -000.48657637   1 101 
111  51.46648200 -000.48717700   1 101 
116  51.46600900 -000.48804000  51.46554657 -000.48830558 
120 Linear Feature 32
111  51.46596914 -000.48247100   1 101 
115  51.46575839 -000.48247100 
120 Linear Feature 31
111  51.46598500 -000.48247100   1 101 
115  51.46691600 -000.48248800 
120 Linear Feature 30
112  51.46650300 -000.47601500  51.46645867 -000.47522472   1 101 
111  51.46590388 -000.47522613 
112  51.46590388 -000.47522613  51.46648255 -000.47521115   1 101 
115  51.46650300 -000.47449971 
120 Linear Feature 29
111  51.47536067 -000.47900025   1 101 
111  51.46797016 -000.47898326   1 101 
111  51.46781400 -000.47898200   1 101 
115  51.46692600 -000.47900300 
120 Linear Feature 28
111  51.46781400 -000.47898200   1 101 
112  51.46740100 -000.47982400  51.46737056 -000.48062121 
111  51.46740100 -000.47982400   1 101 
112  51.46692600 -000.47900300  51.46646664 -000.47897416 
111  51.46692600 -000.47900300 
112  51.46692600 -000.47900300  51.46653091 -000.47904366   1 101 
115  51.46650300 -000.47973000 
120 Linear Feature 28
111  51.46783149 -000.47386049   1 101 
112  51.46740900 -000.47435000  51.46738626 -000.47494121 
111  51.46740900 -000.47435000   1 101 
112  51.46691400 -000.47374000  51.46641479 -000.47377256 
111  51.46691400 -000.47374000 
112  51.46691400 -000.47374000  51.46651253 -000.47369880   1 101 
115  51.46650300 -000.47431500 
120 Linear Feature 28
111  51.46781400 -000.47898200   1 101 
112  51.46740300 -000.47828800  51.46737700 -000.47761612 
111  51.46740300 -000.47828800   1 101 
112  51.46692600 -000.47900300  51.46645867 -000.47905603 
111  51.46692600 -000.47900300 
112  51.46692600 -000.47900300  51.46652453 -000.47894901   1 101 
115  51.46650300 -000.47828800 
120 Linear Feature 28
111  51.46783149 -000.47386049   1 101 
112  51.46742800 -000.47318700  51.46740526 -000.47271257 
111  51.46742800 -000.47318700   1 101 
112  51.46691400 -000.47374000  51.46641479 -000.47377256 
111  51.46691400 -000.47374000 
112  51.46691400 -000.47374000  51.46651253 -000.47369880   1 101 
115  51.46650200 -000.47318700 
120 Linear Feature 27
111  51.47535358 -000.47382250   1 101 
112  51.46783149 -000.47386049  51.46749939 -000.47385328 
111  51.46783149 -000.47386049 
112  51.46783149 -000.47386049  51.46755773 -000.47377404   1 101 
115  51.46691400 -000.47374000 
120 Linear Feature 26
111  51.46742800 -000.47318700   1 101 
111  51.46740900 -000.47435000   1 101 
111  51.46740346 -000.47604963   1 101 
111  51.46740300 -000.47828800   1 101 
111  51.46740100 -000.47982400   1 101 
115  51.46738600 -000.48144130 
120 Linear Feature 26
111  51.46650200 -000.47318700   1 101 
111  51.46650300 -000.47431500   1 101 
111  51.46650300 -000.47601500   1 101 
111  51.46650300 -000.47828800   1 101 
111  51.46650300 -000.47973000   1 101 
115  51.46650300 -000.48140277 
120 Linear Feature 25
111  51.46650200 -000.47318700   1 101 
111  51.46650400 -000.46961400   1 101 
115  51.46650400 -000.46828000 
120 Linear Feature 24
111  51.46743300 -000.46828000   1 101 
111  51.46743300 -000.46961400   1 101 
115  51.46742800 -000.47318700 
120 Linear Feature 23
111  51.46605400 -000.46884400   1 101 
111  51.46692300 -000.46884400   1 101 
115  51.46795200 -000.46880700 
120 Linear Feature 22
112  51.46795200 -000.46880700  51.46745330 -000.46877833   1 101 
111  51.46743300 -000.46961400   1 101 
112  51.46692300 -000.46884400  51.46641739 -000.46887142 
111  51.46692300 -000.46884400 
112  51.46692300 -000.46884400  51.46652330 -000.46880013   1 101 
111  51.46650400 -000.46961400   1 101 
116  51.46605400 -000.46884400  51.46560678 -000.46887890 
120 Linear Feature 22
112  51.46795200 -000.46880700  51.46745330 -000.46877833   1 101 
111  51.46743300 -000.46828000   1 101 
112  51.46692300 -000.46884400  51.46641739 -000.46887142 
111  51.46692300 -000.46884400 
112  51.46692300 -000.46884400  51.46652330 -000.46880013   1 101 
111  51.46650400 -000.46828000   1 101 
116  51.46605400 -000.46884400  51.46560678 -000.46887890 
120 Linear Feature 21
111  51.46760404 -000.46454188   1 101 
116  51.46736747 -000.46417092  51.46730039 -000.46386957 
120 Linear Feature 19
111  51.46723600 -000.46303100   1 101 
112  51.46686059 -000.46446840  51.46648127 -000.46472602 
111  51.46686059 -000.46446840 
112  51.46686059 -000.46446840  51.46643477 -000.46463102   1 101 
115  51.46645000 -000.46373200 
120 Linear Feature 18
111  51.46650400 -000.46828000   1 101 
111  51.46649600 -000.46538200   1 101 
111  51.46645000 -000.46373200   1 101 
115  51.46644800 -000.46252400 
120 Linear Feature 17
112  51.46742200 -000.46531800  51.46743851 -000.46439954   1 101 
115  51.46801100 -000.46476200 
120 Linear Feature 16
111  51.46743300 -000.46828000   1 101 
111  51.46742200 -000.46531800   1 101 
111  51.46740500 -000.46451300 
112  51.46740500 -000.46451300  51.46739005 -000.46410173   1 101 
112  51.46723600 -000.46303100  51.46723889 -000.46238447 
111  51.46723600 -000.46303100   1 101 
115  51.46723600 -000.46212300 
120 Linear Feature 15
111  51.46742200 -000.46531800   1 101 
112  51.46701541 -000.46442942  51.46663767 -000.46442633 
111  51.46701541 -000.46442942 
112  51.46701541 -000.46442942  51.46647375 -000.46446347   1 101 
115  51.46649600 -000.46538200 
120 Linear Feature 14
112  51.46801100 -000.46476200  51.46777424 -000.46451719   1 101 
111  51.46740500 -000.46451300   1 101 
115  51.46707576 -000.46443802 
120 Linear Feature 13
111  51.46870400 -000.46883300   1 101 
116  51.46838900 -000.46818300  51.46838900 -000.46776651 
120 Linear Feature 12
112  51.46870400 -000.46883300  51.46865830 -000.46880847   1 101 
116  51.46796600 -000.46880700  51.46740375 -000.46880411 
120 Linear Feature 11
111  51.46838900 -000.46628200   1 101 
116  51.46900700 -000.46581700  51.46961120 -000.46623396 
120 Linear Feature 10
112  51.46805100 -000.46480100  51.46842651 -000.46532220   1 101 
111  51.46838900 -000.46628200   1 101 
111  51.46838900 -000.46818300   1 101 
116  51.46796600 -000.46880700  51.46752247 -000.46884640 
120 Linear Feature 9
111  51.47013200 -000.46898000   1 101 
112  51.47060209 -000.46816058  51.47060892 -000.46747507   1 101 
115  51.47022600 -000.46704100 
120 Linear Feature 9
111  51.47102700 -000.46886400   1 101 
112  51.47060209 -000.46816058  51.47060892 -000.46747507   1 101 
115  51.47101100 -000.46738300 
120 Linear Feature 8
112  51.47199100 -000.46738000  51.47241462 -000.46731419   1 101 
111  51.47244800 -000.46664000   1 101 
116  51.47283900 -000.46738700  51.47323529 -000.46747475 
120 Linear Feature 7
112  51.47236100 -000.46814300  51.47235789 -000.46757960   1 101 
111  51.47244800 -000.46664000   1 101 
112  51.47244782 -000.46464230  51.47244782 -000.46442813   1 101 
112  51.47234806 -000.46427150  51.47226671 -000.46418095   1 101 
115  51.47021492 -000.46192455 
120 Linear Feature 6
111  51.47194900 -000.46885600   1 101 
112  51.47236100 -000.46814293  51.47236100 -000.46752115   1 101 
115  51.47199100 -000.46738000 
120 Linear Feature 6
111  51.47285700 -000.46885100   1 101 
112  51.47236100 -000.46814292  51.47236100 -000.46752114   1 101 
115  51.47283900 -000.46738700 
120 Linear Feature 5
112  51.47444253 -000.46941110  51.47357407 -000.46889478   1 101 
111  51.47285700 -000.46885100   1 101 
111  51.47194900 -000.46885600   1 101 
111  51.47102700 -000.46886400   1 101 
111  51.47013200 -000.46898000   1 101 
111  51.46911724 -000.46897813   1 101 
116  51.46870400 -000.46883300  51.46848486 -000.46870355 
120 Linear Feature 4
111  51.47129100 -000.46766500   3 102 
116  51.47087500 -000.46828400  51.47091024 -000.46889280 
120 Linear Feature 1
111  51.47404721 -000.46742890   1 101 
111  51.47283900 -000.46738700   1 101 
111  51.47199100 -000.46738000   1 101 
111  51.47101100 -000.46738300   1 101 
112  51.47022600 -000.46704100  51.46986287 -000.46672304 
111  51.47022600 -000.46704100   1 101 
111  51.46900700 -000.46581700   1 101 
115  51.46805100 -000.46480100 
120 Linear Feature 23
112  51.47457300 -000.46765000  51.47432654 -000.46761140   1 101 
116  51.47406117 -000.46742913  51.47391220 -000.46739807 
120 Linear Feature 22
111  51.47581961 -000.46060935   1 101 
115  51.47624632 -000.46016475 
120 Linear Feature 21
112  51.47591606 -000.46081784  51.47591590 -000.46046245   1 101 
111  51.47647667 -000.45990571 
112  51.47647667 -000.45990571  51.47594888 -000.46031839   1 101 
115  51.47591600 -000.45924400 
120 Linear Feature 20
112  51.47633129 -000.46071357  51.47602112 -000.46028746   1 101 
115  51.47573827 -000.46069671 
120 Linear Feature 19
111  51.47514100 -000.46143800   1 101 
111  51.47514100 -000.46013900   1 101 
115  51.47514100 -000.45914200 
120 Linear Feature 18
111  51.47591600 -000.45988635   1 101 
112  51.47551584 -000.46084200  51.47513122 -000.46084177   1 101 
115  51.47514100 -000.46013900 
120 Linear Feature 18
111  51.47591600 -000.46143800   1 101 
112  51.47551584 -000.46084200  51.47513122 -000.46084177   1 101 
115  51.47514100 -000.46143800 
120 Linear Feature 17
111  51.47591600 -000.46194400   1 101 
115  51.47591600 -000.45953300 
120 Linear Feature 16
112  51.47591600 -000.46194400  51.47591600 -000.46019259   1 101 
111  51.47647637 -000.46095227 
112  51.47647637 -000.46095227  51.47597539 -000.46018959   1 101 
111  51.47591600 -000.45953300   1 101 
115  51.47591600 -000.45924400 
120 Linear Feature 15
111  51.47514100 -000.46304300   1 101 
115  51.47514100 -000.46143800 
120 Linear Feature 14
111  51.47469500 -000.46199900   1 101 
116  51.47514100 -000.46143800  51.47515969 -000.46058266 
120 Linear Feature 13
112  51.47514100 -000.46304300  51.47512092 -000.46241629   1 101 
111  51.47469500 -000.46199900   1 101 
115  51.47265691 -000.45986272 
120 Linear Feature 12
112  51.47514600 -000.46707200  51.47508786 -000.46775572   1 101 
115  51.47457300 -000.46765000 
120 Linear Feature 11
111  51.47493857 -000.46842168   1 101 
112  51.47504714 -000.46771225  51.47513777 -000.46749853   1 101 
111  51.47514600 -000.46707200   1 101 
115  51.47514100 -000.46304300 
120 Linear Feature 10
111  51.47530911 -000.46973276   1 101 
115  51.47445200 -000.46941600 
120 Linear Feature 9
111  51.47445200 -000.46941600   1 101 
112  51.47493900 -000.46862200  51.47496732 -000.46766251   1 101 
115  51.47457300 -000.46765000 
120 Linear Feature 8
112  51.47622700 -000.46898800  51.47592442 -000.46903467   1 101 
115  51.47591400 -000.46830396 
120 Linear Feature 7
112  51.47607231 -000.47025625  51.47566070 -000.46975224   1 101 
115  51.47543900 -000.46976400 
120 Linear Feature 6
111  51.47572556 -000.46953088   1 101 
116  51.47622700 -000.46898800  51.47646450 -000.46886695 
120 Linear Feature 5
111  51.47589940 -000.46874295   1 101 
112  51.47543900 -000.46976400  51.47502852 -000.46976400 
111  51.47543900 -000.46976400 
112  51.47543900 -000.46976400  51.47498565 -000.46974973   1 101 
115  51.47493804 -000.46886869 
120 Linear Feature 4
112  51.47668393 -000.47081435  51.47590411 -000.47030673   1 101 
112  51.47587635 -000.46944469  51.47585147 -000.46903190   1 101 
112  51.47591372 -000.46806566  51.47590542 -000.46725340 
111  51.47591372 -000.46806566   1 101 
111  51.47591369 -000.46643589   1 101 
115  51.47591600 -000.46194400 
120 Linear Feature 3
111  51.47587312 -000.48257501   1 101 
111  51.47582950 -000.47977951   1 101 
112  51.47536067 -000.47900025  51.47490796 -000.47898963   1 101 
111  51.47490752 -000.47826932   1 101 
111  51.47490763 -000.47637008   1 101 
115  51.47493900 -000.46862200 
120 Linear Feature 2
112  51.47619705 -000.49066411  51.47586231 -000.49063518   1 101 
111  51.47586320 -000.48983768   1 101 
115  51.47587107 -000.48266074 
120 Linear Feature 1
111  51.47671301 -000.49070526   1 101 
115  51.47623798 -000.49066812 
120 Linear Feature 47
111  51.45785500 -000.45410100   3 106 
115  51.45712800 -000.45435900 
120 Linear Feature 45
111  51.47644305 -000.43279617   4 104 
115  51.47644305 -000.43221153 
120 Linear Feature 44
111  51.47605937 -000.43435176   4 104 
115  51.47605937 -000.43400857 
120 Linear Feature 43
111  51.47639255 -000.43530474   4 104 
115  51.47620762 -000.43501998 
120 Linear Feature 42
111  51.47651759 -000.43806097   4 104 
115  51.47651545 -000.43746423 
120 Linear Feature 41
111  51.47645283 -000.44277036   4 104 
115  51.47645295 -000.44229743 
120 Linear Feature 40
111  51.47634091 -000.44825387   4 104 
115  51.47655452 -000.44774085 
120 Linear Feature 39
111  51.47649258 -000.45216704   4 104 
115  51.47649208 -000.45162106 
120 Linear Feature 38
111  51.47653874 -000.45518307   4 104 
115  51.47653819 -000.45453051 
120 Linear Feature 37
111  51.47651722 -000.46015054   4 104 
115  51.47651722 -000.45946885 
120 Linear Feature 36
111  51.47650889 -000.46132677   4 104 
115  51.47650473 -000.46061168 
120 Linear Feature 35
111  51.47631883 -000.46921357   4 104 
111  51.47624850 -000.46902975   4 104 
115  51.47623601 -000.46856193 
120 Linear Feature 34
111  51.47669806 -000.47128195   4 104 
115  51.47669806 -000.47030622 
120 Linear Feature 33
111  51.47672623 -000.48196364   4 104 
115  51.47672623 -000.48159737 
120 Linear Feature 32
111  51.47672209 -000.49094946   4 104 
115  51.47672209 -000.49045329 
120 Linear Feature 31
111  51.47605055 -000.48260086   2 
115  51.47569105 -000.48260086 
120 Linear Feature 30
111  51.47429700 -000.47026300   2 
115  51.47452575 -000.46897478 
120 Linear Feature 29
111  51.47404189 -000.46782169   2 
115  51.47406937 -000.46691017 
120 Linear Feature 28
111  51.47585760 -000.44375959   2 
115  51.47609945 -000.44375959 
120 Linear Feature 27
111  51.47585751 -000.43847098   2 
115  51.47615660 -000.43846864 
120 Linear Feature 26
111  51.47584661 -000.43676565   2 
115  51.47614716 -000.43676799 
120 Linear Feature 25
111  51.47554872 -000.43126491   2 
115  51.47576161 -000.43087948 
120 Linear Feature 24
111  51.47480007 -000.42917001   2 
115  51.47503438 -000.42906695 
120 Linear Feature 23
111  51.47521205 -000.43613594   2 
115  51.47521205 -000.43565926 
120 Linear Feature 22
111  51.47474016 -000.43682176   2 
115  51.47438805 -000.43682134 
120 Linear Feature 21
111  51.47237587 -000.43613860   2 
115  51.47237594 -000.43573114 
120 Linear Feature 20
111  51.46907972 -000.43548368   2 
115  51.46892825 -000.43596997 
120 Linear Feature 19
111  51.46867606 -000.43916965   2 
115  51.46849029 -000.43957830 
120 Linear Feature 18
111  51.46774408 -000.44049147   2 
115  51.46741324 -000.44049147 
120 Linear Feature 17
111  51.46873685 -000.44473716   2 
115  51.46926551 -000.44565926 
120 Linear Feature 16
111  51.46790178 -000.46506018   2 
115  51.46825956 -000.46424288 
120 Linear Feature 15
111  51.46795874 -000.46897003   2 
115  51.46795697 -000.46862430 
120 Linear Feature 14
111  51.46638624 -000.48142311   2 
115  51.46665050 -000.48142316 
120 Linear Feature 13
111  51.46722516 -000.48146283   2 
115  51.46750577 -000.48146324 
120 Linear Feature 12
111  51.46573235 -000.43406251   4 104 
115  51.46573223 -000.43467077 
120 Linear Feature 11
111  51.46653997 -000.43552964   4 104 
115  51.46600894 -000.43681200 
120 Linear Feature 10
111  51.46579954 -000.43932945   4 104 
115  51.46591585 -000.43963231 
120 Linear Feature 9
111  51.46614846 -000.44586221   4 104 
115  51.46614825 -000.44784438 
120 Linear Feature 8
111  51.46614722 -000.44929552   4 104 
115  51.46614722 -000.45027428 
120 Linear Feature 7
111  51.46612971 -000.45639743   4 104 
115  51.46613081 -000.45726135 
120 Linear Feature 6
111  51.46612345 -000.45897200   4 104 
115  51.46612363 -000.46003531 
120 Linear Feature 5
111  51.46604227 -000.46861678   4 104 
115  51.46604404 -000.46907016 
120 Linear Feature 4
111  51.46588731 -000.47498583   4 104 
115  51.46588743 -000.47546388 
120 Linear Feature 3
111  51.46575030 -000.48225318   4 104 
115  51.46575030 -000.48268813 
120 Linear Feature 2
111  51.46572851 -000.48482227   4 104 
115  51.46572851 -000.48526566 
120 Linear Feature 1
111  51.46569950 -000.48797146   4 104 
115  51.46578268 -000.48839448 
120 Linear Feature 1
111  51.46297333 -000.47389434   6 103 
115  51.46331043 -000.47389523 
120 Linear Feature 19
111  51.46305355 -000.46832458   2 
115  51.46340403 -000.46832443 
120 Linear Feature 18
111  51.46311635 -000.48777763   4 104 
115  51.46330221 -000.48727201 
120 Linear Feature 17
111  51.46384462 -000.47541944   4 104 
115  51.46384474 -000.47486135 
120 Linear Feature 16
111  51.46362308 -000.46820633   4 104 
115  51.46362217 -000.46763953 
120 Linear Feature 15
111  51.46367105 -000.45746283   4 104 
115  51.46367105 -000.45635144 
120 Linear Feature 14
111  51.46362801 -000.45126261   4 104 
115  51.46362540 -000.44948673 
120 Linear Feature 13
111  51.46391851 -000.44151041   4 104 
115  51.46379583 -000.44119115 
120 Linear Feature 12
111  51.46298807 -000.43577801   4 104 
115  51.46286093 -000.43528512 
120 Linear Feature 11
111  51.46214617 -000.43656010   6 103 
115  51.46184485 -000.43656004 
120 Linear Feature 11
111  51.46279914 -000.43710949   6 103 
115  51.46257941 -000.43710943 
120 Linear Feature 8
111  51.46360876 -000.44185254   6 103 
115  51.46347218 -000.44149400 
120 Linear Feature 6
111  51.46593788 -000.48783521   6 103 
115  51.46605160 -000.48824993 
120 Linear Feature 5
111  51.46597978 -000.48477836   6 103 
115  51.46597981 -000.48527996 
120 Linear Feature 4
111  51.46597700 -000.48220658   6 103 
115  51.46597654 -000.48270941 
120 Linear Feature 2
111  51.46634512 -000.43900802   6 103 
115  51.46634411 -000.43940276 
120 Linear Feature 1
111  51.46615249 -000.43405260   6 103 
115  51.46615219 -000.43467766 
120 Linear Feature 2
111  51.47494255 -000.44173000   3 102 
115  51.47496507 -000.43913454 
120 Linear Feature 5
111  51.47722422 -000.47438442  53 106 
115  51.47713253 -000.47348125 
120 Linear Feature 4
112  51.47600400 -000.47057400  51.47508777 -000.46961991  53 102 
115  51.47506300 -000.47125900 
120 Linear Feature 62
111  51.47672400 -000.49044000  53 102 
116  51.47724485 -000.48963335  51.47729925 -000.48871251 
120 Linear Feature 61
112  51.47769493 -000.48963811  51.47764295 -000.49102109  53 102 
116  51.47672400 -000.49096100  51.47624876 -000.49098882 
120 Linear Feature 59
112  51.46500403 -000.48695696  51.46504182 -000.48758039  53 102 
115  51.46515300 -000.48779600 
120 Linear Feature 57
111  51.46443700 -000.48753400  53 102 
112  51.46454030 -000.48694336  51.46454030 -000.48662939  53 102 
115  51.46445300 -000.48626800 
120 Linear Feature 56
111  51.46445300 -000.48509900  53 102 
116  51.46455113 -000.48434886  51.46456465 -000.48406665 
120 Linear Feature 55
111  51.46515500 -000.48543300  53 102 
116  51.46500952 -000.48575867  51.46496944 -000.48593789 
120 Linear Feature 54
112  51.46501228 -000.48389033  51.46502750 -000.48431637  53 102 
115  51.46515800 -000.48464300 
120 Linear Feature 53
111  51.46516200 -000.48293900  53 102 
116  51.46501424 -000.48347765  51.46501029 -000.48363843 
120 Linear Feature 52
112  51.46502116 -000.48133970  51.46503259 -000.48168630  53 102 
115  51.46516300 -000.48204200 
120 Linear Feature 51
111  51.46517800 -000.47588400  53 102 
115  51.46503616 -000.47665953 
120 Linear Feature 50
111  51.46505036 -000.47361544  53 102 
115  51.46518100 -000.47451500 
120 Linear Feature 48
111  51.46436300 -000.47343800  53 102 
116  51.46459493 -000.47180885  51.46460168 -000.47137905 
120 Linear Feature 47
111  51.46457945 -000.47598211  53 102 
116  51.46385400 -000.47543500  51.46359412 -000.47551349 
120 Linear Feature 46
111  51.46519800 -000.46782400  53 102 
116  51.46506939 -000.46791296  51.46503122 -000.46802478 
120 Linear Feature 45
111  51.46461034 -000.46731065  53 102 
115  51.46437900 -000.46685600 
120 Linear Feature 44
112  51.46507984 -000.46399995  51.46510521 -000.46516911  53 102 
115  51.46520300 -000.46582400 
120 Linear Feature 43
111  51.46438200 -000.46521900  53 102 
116  51.46462617 -000.46345389  51.46464211 -000.46281406 
120 Linear Feature 42
111  51.46522200 -000.45969100  53 102 
116  51.46509634 -000.46051279  51.46508796 -000.46082004 
120 Linear Feature 41
112  51.46463324 -000.45990432  51.46457606 -000.45850584  53 102 
115  51.46439800 -000.45829200 
120 Linear Feature 39
111  51.46440000 -000.45694500  53 102 
116  51.46464927 -000.45584719  51.46469428 -000.45490813 
120 Linear Feature 38
111  51.46510797 -000.45476575  53 102 
115  51.46523200 -000.45579800 
120 Linear Feature 36
111  51.46524600 -000.45140800  53 102 
116  51.46512375 -000.45195315  51.46510851 -000.45244450 
120 Linear Feature 34
112  51.46466506 -000.45146279  51.46463969 -000.45075315  53 102 
115  51.46441900 -000.45040500 
120 Linear Feature 33
112  51.46513817 -000.44694556  51.46514527 -000.44703671  53 102 
115  51.46525600 -000.44704400 
120 Linear Feature 32
111  51.46442300 -000.44827100  53 102 
116  51.46468097 -000.44695853  51.46472374 -000.44597946 
120 Linear Feature 31
111  51.46443500 -000.44059300  53 102 
116  51.46469994 -000.44023035  51.46470763 -000.44013167 
120 Linear Feature 30
112  51.46469660 -000.44159007  51.46467844 -000.44122901  53 102 
115  51.46443300 -000.44125900 
120 Linear Feature 29
111  51.46516040 -000.43977932  53 102 
115  51.46527400 -000.43975900 
120 Linear Feature 28
111  51.46527000 -000.44038300  53 102 
116  51.46515604 -000.44105004  51.46513572 -000.44162702 
120 Linear Feature 27
111  51.46528400 -000.43760700  53 102 
115  51.46516782 -000.43857437 
120 Linear Feature 26
111  51.46518166 -000.43408199  53 102 
115  51.46529400 -000.43405000 
120 Linear Feature 24
112  51.46471370 -000.43650644  51.46468610 -000.43598108  53 102 
115  51.46444000 -000.43524800 
120 Linear Feature 23
111  51.46452000 -000.43426400  53 102 
115  51.46472274 -000.43407846 
120 Linear Feature 22
111  51.47722300 -000.43306600  53 102 
116  51.47744511 -000.43326579  51.47756113 -000.43330523 
120 Linear Feature 21
112  51.47743712 -000.43522474  51.47742075 -000.43453831  53 102 
115  51.47725500 -000.43449200 
120 Linear Feature 20
111  51.47724500 -000.43808700  53 102 
116  51.47743003 -000.43792830  51.47746635 -000.43775781 
120 Linear Feature 19
112  51.47742543 -000.43947904  51.47741725 -000.43926227  53 102 
115  51.47724300 -000.43885100 
120 Linear Feature 18
111  51.47722900 -000.44398300  53 102 
116  51.47740888 -000.44399754  51.47747999 -000.44386002 
120 Linear Feature 17
111  51.47739071 -000.44694198  53 102 
115  51.47722400 -000.44577100 
120 Linear Feature 15
111  51.47721600 -000.44772900  53 102 
115  51.47739321 -000.44703690 
120 Linear Feature 14
111  51.47720900 -000.45088400  53 102 
111  51.47737884 -000.45033941  53 102 
115  51.47721200 -000.44939600 
120 Linear Feature 13
111  51.47719600 -000.45380900  53 102 
116  51.47720600 -000.45294300  51.47710699 -000.45253765 
120 Linear Feature 12
112  51.47736163 -000.45689427  51.47735590 -000.45669662  53 102 
115  51.47718800 -000.45620000 
120 Linear Feature 11
111  51.47717900 -000.45845900  53 102 
116  51.47735564 -000.45778227  51.47736791 -000.45734216 
120 Linear Feature 9
111  51.47735407 -000.45933999  53 102 
115  51.47717800 -000.45929100 
120 Linear Feature 7
111  51.47717200 -000.46121800  53 102 
115  51.47734596 -000.46114015 
120 Linear Feature 6
112  51.47734146 -000.46283430  51.47732361 -000.46232193  53 102 
115  51.47716800 -000.46213000 
120 Linear Feature 5
111  51.47715558 -000.46624674  53 102 
116  51.47733384 -000.46496616  51.47733756 -000.46471237 
120 Linear Feature 4
111  51.47732612 -000.46706143  53 102 
115  51.47715500 -000.46751332 
120 Linear Feature 2
111  51.47714500 -000.46950500  53 102 
115  51.47731781 -000.46844700 
120 Linear Feature 1
111  51.47730836 -000.47199321  53 102 
115  51.47713700 -000.47180900 
120 Linear Feature 10
111  51.46240600 -000.45611751   1 
115  51.46168900 -000.45542400 
120 Linear Feature 13
111  51.45810100 -000.45520700   3 106 
111  51.45810100 -000.45401400   3 106 
115  51.45785500 -000.45410100 
120 Linear Feature 7
111  51.46141700 -000.45662200   3 
115  51.46126300 -000.45648500 
120 Linear Feature 6
111  51.46126300 -000.45648500   1 
115  51.46168900 -000.45542400 
120 Linear Feature 7
111  51.47621338 -000.49088725   6 103 
111  51.47622162 -000.49018666   6 103 
115  51.47644394 -000.49004125 
120 Linear Feature 12
112  51.47602440 -000.43435378  51.47565918 -000.43435417  53 102 
115  51.47486468 -000.43455898 
14   51.47187295 -000.46557454  393 0 New Tower
15   51.46171234 -000.45611678 234.00 Royal Suite
15   51.47210697 -000.44745192 325.78 Stand 118
15   51.47072482 -000.44361253 314.75 Stand 150
15   51.47475670 -000.45550500 180.00 Stand 182
15   51.46883141 -000.44942433  38.36 Stand 206
15   51.47042742 -000.46344185 235.13 Stand 320
15   51.47298413 -000.46436157   0.00 Stand 335
15   51.45781958 -000.44942101 326.70 Stand 402
15   51.46027287 -000.44899054 131.48 Stand 408
15   51.46133990 -000.44219899 114.01 Stand 424
15   51.45842700 -000.45456334 270.00 Stand 451
15   51.45910200 -000.45459400 270.00 Stand 452
15   51.45972130 -000.45459400 270.00 Stand 453
15   51.46047892 -000.45467516 234.00 Stand 454
15   51.46108984 -000.45546701 234.00 Stand 455
15   51.46914095 -000.48034589 270.00 Stand 542
15   51.46914551 -000.47501478 270.00 Stand 567
15   51.46985194 -000.46995230 270.00 Stand 591
15   51.46263780 -000.45853940 180.00 Stand 601 Cargo
15   51.46222996 -000.47407355 270.00 Stand 616 Cargo
15   51.47327700 -000.43056600 180.00 Stand 701 Maintenance Area
15   51.46271670 -000.45657613 267.14 Stand RS
18   51.47186950 -000.46573493 1 Airport Beacon
19   51.47648311 -000.48009102 1 WS 09L
19   51.46388331 -000.47754971 1 WS 09R
19   51.46371536 -000.43861284 1 WS 27L
19   51.47884011 -000.43905387 1 WS 27R
20   51.46673221 -000.48008413  88.03  0 3 {@L}A{@Y,^l}C
20   51.46669787 -000.46578009  91.40  0 3 {@L}A{@Y,^l}F
20   51.47571650 -000.45664780 270.71  0 3 {@L}A{@Y,^l}L11
20   51.46692514 -000.48543473 359.84  0 3 {@L}A{@Y,^l}L53{^r}
20   51.47619435 -000.44135887  91.57  0 3 {@L}A{@Y}B{^r}
20   51.46633357 -000.47789190 271.74  0 3 {@L}A{@Y}C{^r}
20   51.46625347 -000.46341626 268.57  0 3 {@L}A{@Y}F{^r}
20   51.47609933 -000.45844333  91.35  0 3 {@L}A{@Y}L11{^r}
20   51.46681659 -000.44976126 271.05  0 3 {@L}A{@Y}L31{^r}
20   51.46675516 -000.45301061 271.05  0 3 {@L}A{@Y}L32{^r}
20   51.46626893 -000.45329021 270.49  0 3 {@L}A{@Y}L32{^r}
20   51.46680305 -000.45701993 271.05  0 3 {@L}A{@Y}L34{^r}
20   51.46662326 -000.44494596 181.81  0 3 {@L}A{@Y}N4E{^u}A{^r}
20   51.46669603 -000.47628020  90.55  0 3 {@L}A{@Y}N7{^r}
20   51.47611450 -000.48018069  89.81  0 3 {@L}A{no-entry}{@Y}C{^r}
20   51.47643905 -000.43287659   1.75  0 3 {@L}A1{@R}27R
20   51.47633568 -000.46931711  15.68  0 3 {@L}A10E{@R}09L-27R
20   51.47665938 -000.47143630 334.00  0 3 {@L}A10W{@R}09L-27R
20   51.47669490 -000.48214079   2.37  0 3 {@L}A12{@R}09L-27R
20   51.47604500 -000.43445141 358.95  0 3 {@L}A2{@R}27R
20   51.47645685 -000.43536791  46.93  0 3 {@L}A3{@R}27R
20   51.47651375 -000.43814127 359.50  0 3 {@L}A4{@R}09L-27R
20   51.47645184 -000.44285030 359.50  0 3 {@L}A5{@R}09L-27R
20   51.47631123 -000.44836505 326.78  0 3 {@L}A6{@R}09L-27R
20   51.47649514 -000.45226463 357.66  0 3 {@L}A7{@R}09L-27R
20   51.47653973 -000.45526814 357.66  0 3 {@L}A8{@R}09L-27R
20   51.47651868 -000.46026608   1.00  0 3 {@L}A9E{@R}09L-27R
20   51.47648845 -000.46144478 329.81  0 3 {@L}A9W{@R}09L-27R
20   51.47672000 -000.49108955 358.41  0 3 {@L}AB13{@R}09L
20   51.47517249 -000.47084564  88.46  0 3 {@L}B
20   51.46795751 -000.44571111 180.00  0 3 {@L}B
20   51.47533798 -000.44155326  90.38  0 3 {@L}B{@Y,^l}A
20   51.46719051 -000.47770347 271.74  0 3 {@L}B{@Y,^l}C{^r}
20   51.46763262 -000.48013919  88.03  0 3 {@L}B{@Y,^l}C{^r}
20   51.46761673 -000.47485874  88.68  0 3 {@L}B{@Y,^l}D{^r}
20   51.46720092 -000.47267463 269.14  0 3 {@L}B{@Y,^l}D{^r}
20   51.46723218 -000.46762610 269.14  0 3 {@L}B{@Y,^l}E{^r}
20   51.46717737 -000.46998749  88.68  0 3 {@L}B{@Y,^l}E{^r}
20   51.47469254 -000.46858757 269.90  0 3 {@L}B{@Y,^l}E{^r}
20   51.46695982 -000.46281919 272.62  0 3 {@L}B{@Y,^l}F{^r}
20   51.46761622 -000.46584081  91.00  0 3 {@L}B{@Y,^l}F{^r}
20   51.47550417 -000.44781198  89.91  0 3 {@L}B{@Y,^l}J{^rd}
20   51.47487863 -000.44172671 270.76  0 3 {@L}B{@Y,^l}K
20   51.47545289 -000.45841943  63.91  0 3 {@L}B{@Y,^l}L11
20   51.47548571 -000.45581328  89.91  0 3 {@L}B{@Y,^l}L12
20   51.47550926 -000.45274668  89.91  0 3 {@L}B{@Y,^l}L13
20   51.46694924 -000.44993009 244.01  0 3 {@L}B{@Y,^l}L31
20   51.46693895 -000.45277610 270.49  0 3 {@L}B{@Y,^l}L32
20   51.46715476 -000.45501500 270.49  0 3 {@L}B{@Y,^l}L33
20   51.46716946 -000.45694196 270.49  0 3 {@L}B{@Y,^l}L34
20   51.46797368 -000.44656072  49.24  0 3 {@L}B{@Y,^l}P{^r}
20   51.46725610 -000.44741170 271.34  0 3 {@L}B{@Y,^l}Q{^ru}
20   51.46718336 -000.45902812 270.49  0 3 {@L}B{@Y,^l}R{^r}
20   51.46695728 -000.46134099  91.60  0 3 {@L}B{@Y,^l}R{^r}
20   51.47552412 -000.44410059 270.68  0 3 {@L}B{@Y,^lu}J{^r}
20   51.47488182 -000.43966300 269.12  0 3 {@L}B{@Y}A{^r}
20   51.46765416 -000.48350205  91.08  0 3 {@L}B{@Y}B{^u}L51{^r}
20   51.47467552 -000.47800049 270.44  0 3 {@L}B{@Y}C{^r}
20   51.47532310 -000.46321263  88.10  0 3 {@L}B{@Y}H{^r}
20   51.47538414 -000.44311601 108.33  0 3 {@L}B{@Y}K{^ru}
20   51.47550982 -000.45677603 270.68  0 3 {@L}B{@Y}L11{^r}
20   51.47549452 -000.45384467 270.68  0 3 {@L}B{@Y}L12{^r}
20   51.47552317 -000.45112798 270.68  0 3 {@L}B{@Y}L13{^r}
20   51.47143605 -000.43964216  42.72  0 3 {@L}B{@Y}L25{^ru}
20   51.47517011 -000.43763780 125.02  0 3 {@L}B{@Y}TITAN{^u}B{^r}
20   51.47014468 -000.44251518  61.77  0 3 {@L}B{@Y}U{^r}
20   51.46691728 -000.47855017 180.00  0 3 {@L}C{@Y,^l}A{^r}
20   51.47536432 -000.47856416 144.19  0 3 {@L}C{@Y,^l}B
20   51.46691282 -000.47939016   0.93  0 3 {@L}C{@Y,^l}B{^r}
20   51.46692057 -000.47328245 180.00  0 3 {@L}D{@Y,^l}A{^r}
20   51.46691567 -000.47420467 359.06  0 3 {@L}D{@Y,^l}B{^r}
20   51.46695008 -000.46845720 180.00  0 3 {@L}E{@Y,^l}A{^r}
20   51.47544661 -000.46915318 180.00  0 3 {@L}E{@Y,^l}B
20   51.46694323 -000.46919558   0.57  0 3 {@L}E{@Y,^l}B{^r}
20   51.46678842 -000.46402089 179.79  0 3 {@L}F{@Y,^l}A{^r}
20   51.47209812 -000.46809545 271.80  0 3 {@L}G{@Y,^l}E{^r}
20   51.47263696 -000.46814635  91.87  0 3 {@L}G{@Y,^l}F{^r}
20   51.47471582 -000.44186124   0.61  0 3 {@L}K{@Y,^l}B{^r}
20   51.47560691 -000.45816545 359.44  0 3 {@L}L11{@Y,^l}A{^r}
20   51.47561536 -000.45716710 180.00  0 3 {@L}L11{@Y,^l}B{^r}
20   51.47561033 -000.45432930 180.00  0 3 {@L}L12{@Y,^l}B{^r}
20   51.47561536 -000.45150794 180.00  0 3 {@L}L13{@Y,^l}B{^r}
20   51.47388764 -000.43474502  44.54  0 3 {@L}L23{@Y,^ld}L21{^lu}L22
20   51.47566172 -000.43279638 360.00  0 3 {@L}L23{@Y}M{^rd}
20   51.47115183 -000.43732967 269.28  0 3 {@L}L25{@Y,^lu}B{^rd}
20   51.46945281 -000.43702147  83.37  0 3 {@L}L27{@Y,^l}N{^r}
20   51.46867754 -000.43643938  69.17  0 3 {@L}L28{@Y,^l}N{^r}
20   51.47007863 -000.43999829 221.52  0 3 {@L}L29{@Y,^l}U
20   51.46686921 -000.45025430 168.88  0 3 {@L}L31{@Y,^l}A{^r}
20   51.46680879 -000.45145355 355.82  0 3 {@L}L31{@Y,^l}B{^r}
20   51.46682509 -000.45348913 180.00  0 3 {@L}L32{@Y,^l}A{^r}
20   51.46699049 -000.45452524 359.63  0 3 {@L}L32{@Y,^l}B{^r}
20   51.46698161 -000.45544668 180.00  0 3 {@L}L33{@Y,^l}A{^r}
20   51.46698094 -000.45650983 359.63  0 3 {@L}L33{@Y,^l}B{^r}
20   51.46698178 -000.45747835 180.00  0 3 {@L}L34{@Y,^l}A{^r}
20   51.46695277 -000.45845211 359.63  0 3 {@L}L34{@Y,^l}B{^r}
20   51.46816114 -000.46631062  89.23  0 3 {@L}L35{@Y,^l}F{^r}
20   51.47025002 -000.46811557 271.73  0 3 {@L}L36{@Y,^l}E{^r}
20   51.47095089 -000.46819899  91.90  0 3 {@L}L36{@Y,^l}F{^r}
20   51.46284051 -000.45040991 179.79  0 3 {@L}L43
20   51.46277149 -000.45267765 212.93  0 3 {@L}L43{@@}L43{@Y,^l}S{^r}
20   51.46690489 -000.48288524 359.84  0 3 {@L}L51{@Y,^l}B{^r}
20   51.46714978 -000.48418364 270.68  0 3 {@L}L53{@Y,^l}A
20   51.46718600 -000.48686390 268.60  0 3 {@L}L53{@Y,^l}Y
20   51.46760333 -000.48627019  89.34  0 3 {@L}L53{@Y}A{^r}
20   51.47089846 -000.43714625  47.21  0 3 {@L}M{@Y,^ld}L25{^lu}A
20   51.46799357 -000.43554587 338.80  0 3 {@L}N{@Y,^l}L28
20   51.46999523 -000.43580093 159.68  0 3 {@L}N{@Y}L27{^r}
20   51.46615900 -000.43392955 180.00  0 3 {@L}N1{@R}27L_CAT_{r3}
20   51.46597882 -000.48471868 180.00  0 3 {@L}N10{@R}09R_CAT_{r3}
20   51.46592464 -000.48778584 207.60  0 3 {@L}N11{@R}09R_CAT_{r3}
20   51.46660522 -000.43539306 146.29  0 3 {@L}N2E{@R}27L
20   51.46635633 -000.43887487 180.00  0 3 {@L}N3{@R}27L_CAT_{r3}
20   51.46616351 -000.44564922 205.17  0 3 {@L}N4E{@R}09R-27L
20   51.46614763 -000.44912695 178.66  0 3 {@L}N4W{@R}09R-27L
20   51.46611803 -000.45624380 180.00  0 3 {@L}N5E{@R}09R-27L
20   51.46612455 -000.45882194 180.00  0 3 {@L}N5W{@R}09R-27L
20   51.46604322 -000.46852119 180.00  0 3 {@L}N6{@R}09R-27L
20   51.46588847 -000.47487062 180.00  0 3 {@L}N7{@R}09R-27L
20   51.46598088 -000.48210239 180.00  0 3 {@L}N8{@R}09R_CAT_{r3}
20   51.46573767 -000.43391068 180.00  0 3 {@L}NB1{@R}27L
20   51.46573013 -000.48475157 180.00  0 3 {@L}NB10{@R}09R
20   51.46569251 -000.48792122 193.03  0 3 {@L}NB11{@R}09R
20   51.46575050 -000.48214979 180.00  0 3 {@L}NB8{@R}09R
20   51.46796121 -000.44503222 309.26  0 3 {@L}P{@Y,^l}B{^r}
20   51.46829840 -000.44451983 130.37  0 3 {@L}P{@Y,^l}L29{^rd}A{^r}
20   51.46700576 -000.44808620 180.00  0 3 {@L}Q{@Y,^l}A{^r}
20   51.46699840 -000.44904390   0.15  0 3 {@L}Q{@Y,^l}B{^r}
20   51.46697354 -000.45963337 180.00  0 3 {@L}R{@Y,^l}A{^r}
20   51.46251374 -000.43838856 270.45  0 3 {@L}S{@Y,^l}L41
20   51.46297953 -000.44523946 270.25  0 3 {@L}S{@Y,^l}T
20   51.46298209 -000.47209859 270.29  0 3 {@L}S{@Y,^l}Z
20   51.46335118 -000.44784536  89.82  0 3 {@L}S{@Y}T{^r}
20   51.46305831 -000.48789160 328.37  0 3 {@L}S11{@R}09R
20   51.46284383 -000.43710998  90.12  0 3 {@L}S1N{@R}27L_CAT_{r3}
20   51.46219329 -000.43657417  76.89  0 3 {@L}S1S{@R}27L_CAT_{r3}
20   51.46363468 -000.44192501  32.60  0 3 {@L}S3{@R}27L_CAT_{r3}
20   51.46363104 -000.45140144   2.04  0 3 {@L}S4{@R}09R-27L
20   51.46364366 -000.45755191 336.32  0 3 {@L}S5{@R}09R-27L
20   51.46362062 -000.46831251 358.37  0 3 {@L}S6{@R}09R-27L
20   51.46340829 -000.47391209  90.96  0 3 {@L}S7{@Y}S{^u}Z{^r}{@@}{@R}09R_CAT_{r3}{@L}S7{@Y}S{^u}SB7{^r}
20   51.46300502 -000.43584595  40.30  0 3 {@L}SB1{@R}27L
20   51.46393762 -000.44157402  27.38  0 3 {@L}SB3{@R}27L
20   51.46383912 -000.47557329 358.37  0 3 {@L}SB7{@R}09R-27L
20   51.45991957 -000.45174812  43.32  0 3 {@L}T{@@}T{@Y}W{^r}
20   51.46137242 -000.44970910  38.82  0 3 {@L}T{@Y,^l}L44
20   51.46270298 -000.44774789  29.15  0 3 {@L}T{@Y,^l}S{^r}{@@}L44{^r}
20   51.46942339 -000.43978253 138.87  0 3 {@L}U{@Y,^l}M{^lu}L27
20   51.46261336 -000.44202955 213.99  0 3 {@L}V
20   51.46290269 -000.44295835 213.99  0 3 {@L}V
20   51.46250972 -000.45492716 139.31  0 3 {@L}W{@Y,^l}L43{^lu}L44
20   51.46302900 -000.45687668 171.87  0 3 {@L}W{@Y,^l}S{^r}
20   51.46692216 -000.48814898   1.20  0 3 {@L}Y{@Y}L53{^r}
20   51.47622381 -000.46846032 357.34  0 3 {@R}09L-27R{@L}A10E{@@}{@Y,^l}A{@L}A10E{@Y}E{^ru}
20   51.47670052 -000.47012877 359.74  0 3 {@R}09L-27R{@L}A10W{@@}{@Y,^l}A{@L}A10W{@Y}E{^u}
20   51.47669490 -000.48144417 358.71  0 3 {@R}09L-27R{@L}A12{@@}A12{@Y,^l}A{^r}
20   51.47653053 -000.43737703 336.54  0 3 {@R}09L-27R{@L}A4{@@}A4{@Y,^l}A{^r}
20   51.47645601 -000.44221299   1.95  0 3 {@R}09L-27R{@L}A5{@@}A5{@Y,^l}A{^r}
20   51.47659520 -000.44763391 324.98  0 3 {@R}09L-27R{@L}A6{@@}A6{@Y,^lu}A{^r}J{^ru}
20   51.47649315 -000.45151503   1.98  0 3 {@R}09L-27R{@L}A7{@@}A7{@Y,^l}A{^r}L13{^u}
20   51.47654392 -000.45442648   1.98  0 3 {@R}09L-27R{@L}A8{@@}A8{@Y,^l}A{^r}L12{^u}
20   51.47649018 -000.45936924  38.03  0 3 {@R}09L-27R{@L}A9E{@@}A9E{@Y,^lu}A{^r}H{^ru}
20   51.47651659 -000.46049294 324.74  0 3 {@R}09L-27R{@L}A9W{@@}A9W{@Y,^l}A{^r}H{^u}
20   51.47652046 -000.48996941 294.56  0 3 {@R}09L_CAT_{r3}{@L}A13{@@}A13{@Y}L57{^u}
20   51.47672396 -000.49033483   2.09  0 3 {@R}09L{@L}AB13
20   51.46616891 -000.44798473 188.60  0 3 {@R}09R-27L{@L}N4E{@@}N4E{@Y,^l}A{^u}
20   51.46615084 -000.45044348 179.80  0 3 {@R}09R-27L{@L}N4W{@@}N4W{@Y,^l}A{^r}
20   51.46611612 -000.45738461 179.80  0 3 {@R}09R-27L{@L}N5E{@@}N5E{@Y,^l}A{^r}
20   51.46609448 -000.46017022 159.03  0 3 {@R}09R-27L{@L}N5W{@@}{@Y,^l}A{@L}N5W{@Y}R{^u}A{^r}
20   51.46603694 -000.46916486 181.83  0 3 {@R}09R-27L{@L}N6{@@}{@Y,^l}A{@L}N6{@Y}E{^u}A{^r}
20   51.46588792 -000.47556554 181.83  0 3 {@R}09R-27L{@L}N7{@@}N7{@Y,^l}A{^r}
20   51.46361754 -000.44936409 358.37  0 3 {@R}09R-27L{@L}S4{@@}S4{@Y,^l}S{^r}
20   51.46367136 -000.45619169 358.37  0 3 {@R}09R-27L{@L}S5{@@}S5{@Y,^l}S{^r}
20   51.46362193 -000.46750752 358.37  0 3 {@R}09R-27L{@L}S6{@@}S6{@Y,^l}S{^r}
20   51.46384161 -000.47470155 358.37  0 3 {@R}09R-27L{@L}SB7
20   51.46597946 -000.48534478 180.00  0 3 {@R}09R_CAT_{r3}{@L}N10{@@}{@Y,^l}L52{@L}NB10{@Y,^u}A{^r}
20   51.46606664 -000.48830452 209.17  0 3 {@R}09R_CAT_{r3}{@L}N11{@@}NB11{@Y}Y{^u}A{^r}
20   51.46598088 -000.48281222 180.00  0 3 {@R}09R_CAT_{r3}{@L}N8{@@}{@Y,^l}A{@L}L51{@Y}A{^r}
20   51.46572913 -000.48533207 181.83  0 3 {@R}09R{@L}NB10
20   51.46579606 -000.48844431 206.55  0 3 {@R}09R{@L}NB11
20   51.46574869 -000.48278137 181.83  0 3 {@R}09R{@L}NB8
20   51.46331959 -000.48716402 354.76  0 3 {@R}09R{@L}S11
20   51.46614988 -000.43481807 179.77  0 3 {@R}27L_CAT_{r3}{@L}N1{@@}N1{@Y}N{^u}
20   51.46635633 -000.43953683 180.00  0 3 {@R}27L_CAT_{r3}{@L}N3{@@}N3{@Y,^l}A{^u}
20   51.46253865 -000.43710622  90.12  0 3 {@R}27L_CAT_{r3}{@L}S1N{@@}S1N{@Y}S{^u}
20   51.46180314 -000.43655736  90.12  0 3 {@R}27L_CAT_{r3}{@L}S1S{@@}S1S{@Y}L41{^u}
20   51.46344496 -000.44142282  32.60  0 3 {@R}27L_CAT_{r3}{@L}S3{@@}S3{@Y,^l}S{^r}
20   51.46594256 -000.43696917 145.43  0 3 {@R}27L{@L}N2W
20   51.46573765 -000.43479891 180.00  0 3 {@R}27L{@L}NB1
20   51.46284221 -000.43520968  24.61  0 3 {@R}27L{@L}SB1{@@}SB1{@Y}S{^r}
20   51.46377296 -000.44112518  29.43  0 3 {@R}27L{@L}SB3{@@}SB3{@Y,^l}S{^r}
20   51.47644475 -000.43214423 351.29  0 3 {@R}27R{@L}A1{@@}{@Y,^lu}M{@L}A1{@Y}L23{^ru}
20   51.47604299 -000.43389347   2.22  0 3 {@R}27R{@L}A2{@@}A2{@Y}L22{^u}
20   51.47618602 -000.43491861  46.00  0 3 {@R}27R{@L}A3{@@}A3{@Y,^lu}A{^ru}
20   51.47550729 -000.43132285 317.10  0 3 {@R}AY1{@Y,^ld}L23{@L}M{@Y}A1{^u}
20   51.47580993 -000.43081522 132.20  0 3 {@R}AY1{@Y,^u}M1{@L}M{@Y}M{^r}
20   51.47521356 -000.43623797   0.75  0 3 {@R}AY3{@Y,^l}A{@L}A{@Y}A3{^ru}
20   51.47521631 -000.43553946 180.00  0 3 {@R}AY3{@Y,^l}L21{@L}A{@Y}A{^u}TITAN{^r}
20   51.47577211 -000.43673871 268.50  0 3 {@R}AY4{@L}A{@Y}A4{^ru}
20   51.47622099 -000.43677769  89.12  0 3 {@R}AY4{@Y,^lu}A3{@L}A{@Y}A{^r}
20   51.47578046 -000.44371120 268.98  0 3 {@R}AY6{@L}A
20   51.47617733 -000.44380382  89.60  0 3 {@R}AY6{@L}A{@Y,^l}A5
20   51.46866013 -000.44459980  43.22  0 3 {@R}B1{@L}B{@@}{@R}B1{@L}B{@Y,^l}P{^r}
20   51.46795732 -000.46856749 180.00  0 3 {@R}E1{@Y,^l}B{^r}
20   51.46795729 -000.46902292   0.24  0 3 {@R}E1{@Y}E{^u}L35{^r}
20   51.47426953 -000.47033238 333.41  0 3 {@R}E2{@L}E{@Y}B{^r}
20   51.47453042 -000.46887617 168.82  0 3 {@R}E2{@Y}E{^u}
20   51.46872766 -000.43905647 145.41  0 3 {@R}ETTIV{@Y,^lu}L28{^u}N3{^ru}A{^rd}
20   51.46842769 -000.43971207 302.74  0 3 {@R}ETTIV{@Y}U{^u}A{^r}L27{^rd}
20   51.46782802 -000.46525012 326.82  0 3 {@R}F1{@L}F{@Y,^lu}L35{@@}{@R}F1{@L}F{@Y,^l}B{^r}
20   51.47402291 -000.46796484 355.83  0 3 {@R}F2{@Y,^l}B{@L}F{@Y}B{^r}{@@}{@R}F2{@Y}F{^u}
20   51.46672337 -000.48141979  91.38  0 3 {@R}HORKA{@L}A
20   51.46630508 -000.48141265 270.88  0 3 {@R}HORKA{@Y,^l}N8{@L}A{@Y}L51{^r}
20   51.46733878 -000.44047595 268.92  0 3 {@R}LOKKI{@L}A
20   51.46784891 -000.44053219  89.69  0 3 {@R}LOKKI{@Y,^l}A{@L}A{@Y}N3{^r}
20   51.47508591 -000.42904946 104.44  0 3 {@R}M1
20   51.47477417 -000.42918993 289.79  0 3 {@R}M1{@Y,^l}M{^u}
20   51.46889186 -000.43610393 334.12  0 3 {@R}MORRA{@L}N{@Y,^l}L27
20   51.46912899 -000.43536183 125.32  0 3 {@R}MORRA{@Y}N{^u}L28{^r}
20   51.46757200 -000.48146276  91.38  0 3 {@R}OSTER{@L}B
20   51.46713514 -000.48145072 270.88  0 3 {@R}OSTER{@L}B{@Y,^l}L51
20   51.47578514 -000.43843465 268.50  0 3 {@R}PLUTO
20   51.47622761 -000.43848987  88.33  0 3 {@R}PLUTO{@L}A{@Y,^l}A4
20   51.47237183 -000.43623486 360.00  0 3 {@R}SATUN{@L}A{@Y}L23{^ru}
20   51.47237679 -000.43563591 180.00  0 3 {@R}SATUN{@Y,^ld}M{^lu}N{@L}A{@Y}A{^ru}L25{^r}
20   51.47561392 -000.48258766 268.73  0 3 {@R}SNAPA{@L}A{@Y}A{^u}
20   51.47615052 -000.48261547  88.85  0 3 {@R}SNAPA{@L}A{@Y}A{^u}
20   51.46301419 -000.46832161 269.85  0 3 {@R}SY6{@L}S
20   51.46339222 -000.46847969  89.42  0 3 {@R}SY6{@L}S{@Y,^l}S6
20   51.47482091 -000.43681922  92.04  0 3 {@R}TITAN{@Y,^l}AY3{@L}L21{@Y,^l}A{^r}
20   51.47431891 -000.43674661 267.15  0 3 {@R}TITAN{@Y,^l}B{^ru}
20   51.46692390 -000.48466049 180.00  0 3 {@Y,^l}A{@L}A{@Y}N10{^u}L52{^r}
20   51.47535668 -000.47937367 328.23  0 3 {@Y,^l}A{@L}C{no-entry}
20   51.47551283 -000.46123442   0.56  0 3 {@Y,^l}A{@L}H{@Y}A9W{^u}A9E{^ru}A{^r}
20   51.47563014 -000.44752878 359.44  0 3 {@Y,^l}A{@L}J{@Y}A6{^u}A{^r}
20   51.47561957 -000.45527933 359.44  0 3 {@Y,^l}A{@L}L12{@Y}A8{^u}A{^r}
20   51.47561202 -000.45252540 359.44  0 3 {@Y,^l}A{@L}L13{@Y}A7{^u}A{^r}
20   51.47428672 -000.43498864 270.00  0 3 {@Y,^l}A{@L}L21{@Y}TITAN{^u}A{^r}
20   51.46691985 -000.48207626 180.00  0 3 {@Y,^l}A{@L}L51{@Y}N8{^u}A{^r}
20   51.46667193 -000.48639369  89.34  0 3 {@Y,^l}A{@L}L52{@Y}N10{^r}
20   51.47167019 -000.43734876  88.13  0 3 {@Y,^l}A{^lu}M{@L}L25{@Y}N{^r}M{^rd}
20   51.47078305 -000.43820349  90.96  0 3 {@Y,^l}A{^lu}M{@L}L26{@Y}N{^ru}
20   51.47614213 -000.44067111   2.07  0 3 {@Y,^l}A{^r}
20   51.46719263 -000.43967876   2.43  0 3 {@Y,^l}A{^u}L28{^ru}
20   51.47614413 -000.45292110  91.35  0 3 {@Y,^l}A7{@L}A{@Y}L13{^r}
20   51.47612949 -000.45569754  91.35  0 3 {@Y,^l}A8{@L}A{@Y}L12{^r}
20   51.47611420 -000.46163910  89.21  0 3 {@Y,^l}A9W{^lu}A9E{@L}A{@Y}H{^r}
20   51.47499615 -000.43106303  37.47  0 3 {@Y,^l}AY1{@L}M{@Y}M1{^r}
20   51.47574497 -000.43975265 270.93  0 3 {@Y,^l}B{@L}A{@Y}A5{^ru}
20   51.46769963 -000.44731236  90.47  0 3 {@Y,^l}B{@L}B{@Y}L29{^u}
20   51.47406138 -000.43789791   1.69  0 3 {@Y,^l}B{@L}B{@Y}TITAN{^r}
20   51.46688093 -000.46508162 359.63  0 3 {@Y,^l}B{@L}F{@Y}F{^u}B{^r}
20   51.47551764 -000.46041874 180.00  0 3 {@Y,^l}B{@L}H{@Y}H{^ru}B{^r}
20   51.47530598 -000.46255241 333.49  0 3 {@Y,^l}B{@L}H{@Y}H{^ru}B{^r}
20   51.47563607 -000.44588012 180.00  0 3 {@Y,^l}B{@L}J{@Y}J{^ru}A{^r}
20   51.46676615 -000.46077505 359.63  0 3 {@Y,^l}B{@L}R{@Y}R{^u}B{^r}
20   51.47021288 -000.44170637 314.19  0 3 {@Y,^l}B{@L}U
20   51.47079195 -000.44119874 103.22  0 3 {@Y,^l}B{^lu}L26{@L}U{@Y}L29{^r}
20   51.46797780 -000.47340040 180.00  0 3 {@Y,^l}B{^r}
20   51.47491059 -000.44066960 180.00  0 3 {@Y,^l}B{^r}
20   51.46669603 -000.47491325  90.55  0 3 {@Y,^l}D{@L}A
20   51.47572982 -000.46781202 268.79  0 3 {@Y,^l}E{@L}A{@Y}A10W{^ru}A10E{^r}
20   51.46863546 -000.46800642 270.62  0 3 {@Y,^l}E{^r}
20   51.47576212 -000.45892841 270.35  0 3 {@Y,^l}H{@L}A{@Y}A9W{^ru}A9E{^r}
20   51.47578324 -000.44562860 270.71  0 3 {@Y,^l}J{@L}A{@Y}A6{^ru}
20   51.47570800 -000.45396031 270.71  0 3 {@Y,^l}L12{@L}A{@Y}A8{^r}
20   51.47572811 -000.45094771 270.71  0 3 {@Y,^l}L13{@L}A{@Y}A7{^r}
20   51.47476587 -000.43500877  90.00  0 3 {@Y,^l}L22{@L}L21{@Y,^lu}L23{^rd}
20   51.46981762 -000.43660464 344.78  0 3 {@Y,^l}L26{^lu}L25{@L}N{@Y}A{^ru}M{^r}
20   51.46947363 -000.44087031 313.77  0 3 {@Y,^l}L29{@L}U{@Y}B{^r}L26{^rd}
20   51.46700686 -000.44599463  39.35  0 3 {@Y,^l}L29{^u}{@L}A{@Y}A{^ru}
20   51.46297766 -000.44970891 268.02  0 3 {@Y,^l}L43{@L}S{@Y}S4{^r}
20   51.46667748 -000.48348255  91.08  0 3 {@Y,^l}L51{@L}A{@Y}N8{^r}
20   51.46691848 -000.48748714 180.00  0 3 {@Y,^l}L52{@L}Y
20   51.46625483 -000.48414464 270.11  0 3 {@Y,^l}N10{@L}A{@Y}L52{^u}A{^r}
20   51.46628998 -000.48690608 268.60  0 3 {@Y,^l}N11{@L}L52{@Y}Y{^r}
20   51.46687207 -000.44775899 298.68  0 3 {@Y,^l}N4W{@L}A{@Y}Q{^r}
20   51.46683140 -000.45510239 271.05  0 3 {@Y,^l}N5E{@L}A{@Y}L33{^r}
20   51.46625523 -000.45513939 268.57  0 3 {@Y,^l}N5E{@L}A{@Y}L33{^r}
20   51.46676876 -000.45904741 271.05  0 3 {@Y,^l}N5W{@L}A{@Y}R{^r}
20   51.46666948 -000.46097538  91.29  0 3 {@Y,^l}N5W{@L}A{@Y}R{^r}
20   51.46633785 -000.46784993 267.18  0 3 {@Y,^l}N6{@L}A{@Y}E{^r}
20   51.46671211 -000.47000150  90.55  0 3 {@Y,^l}N6{@L}B{@Y}E{^r}
20   51.46633265 -000.47302040 267.18  0 3 {@Y,^l}N7{@L}A{@Y}D{^r}
20   51.46767057 -000.44501317  42.96  0 3 {@Y,^l}P{@L}L29{@Y}A{^ru}
20   51.46306753 -000.43980777 125.75  0 3 {@Y,^l}S{^u}L41
20   51.46335623 -000.44304337  85.34  0 3 {@Y,^l}S3{@L}S{@Y}V{^r}
20   51.46332529 -000.45266579  89.40  0 3 {@Y,^l}S4{@L}S{@Y}L43{^r}
20   51.46334261 -000.45787074  90.97  0 3 {@Y,^l}S5{@L}S{@Y}W{^r}
20   51.47400221 -000.43637297 358.74  0 3 {@Y,^l}TITAN{@L}A{@Y}L21{^r}
20   51.46993286 -000.44180526  44.52  0 3 {@Y,^l}U{@L}B{@Y}L26{^ru}U{^r}
20   51.46889006 -000.43904811 210.70  0 3 {@Y,^l}U{@L}L27{@Y}U{^r}
20   51.46294953 -000.44133214 270.00  0 3 {@Y,^l}V{@L}S{@Y}S3{^r}
20   51.46292365 -000.45464787 265.71  0 3 {@Y,^l}W{@L}S{@Y}S5{^r}
20   51.46796859 -000.44316472 180.00  0 3 {@Y,^ld}A{@L}L29{@Y}A{^u}L29{^ru}P{^r}
20   51.47616238 -000.44903615  91.35  0 3 {@Y,^ld}A6{@L}A{@Y}J{^r}
20   51.47100268 -000.43873069 224.91  0 3 {@Y,^ld}L26{@L}B{@Y}L29{^u}U{^ru}
20   51.46767680 -000.44575623  85.95  0 3 {@Y,^ld}P{^lu}L29{@L}L29{@Y}A{^u}
20   51.46815126 -000.43789402 257.74  0 3 {@Y,^ld}U{^l}N3{^lu}A{@L}L28{@Y}U{^ru}
20   51.46173084 -000.45151577 268.67  0 3 {@Y,^ld}W{@L}L44{@Y}L43{^r}
20   51.46733067 -000.44227717 270.53  0 3 {@Y,^lu}A{@L}A{@Y,^u}L29{^rd}
20   51.47538844 -000.47041087   1.93  0 3 {@Y,^lu}A10W{@L}E{@Y}A10E{^ru}A{^r}
20   51.47516602 -000.46851322  88.46  0 3 {@Y,^lu}B{@L}B{@Y}F{^r}
20   51.47028166 -000.43871046 269.96  0 3 {@Y,^lu}L29{@L}L26{@Y}U{^u}B{^rd}
20   51.46215446 -000.45400200  93.18  0 3 {@Y,^lu}L43{^u}L44
20   51.47203289 -000.43542381 229.62  0 3 {@Y,^lu}N{^u}M{@L}M{@Y}A{^rd}L26{^ru}L25{^r}
20   51.46227426 -000.43878572 319.93  0 3 {@Y,^u}S{^r}
50 12807 Heathrow Information
52 12197 Heathrow Delivery
53 12190 Heathrow Ground
54 12447 Heathrow Tower
55 13497 Heathrow Director
