1      570 0 1 EP63 SPALA GLINNIK NOWY
100   62.48   1   0 0.25 0 0 0 11   51.58842200  020.08436900    0.00    0.00 2  0 0 0 29   51.58066400  020.11045300    0.00    0.00 2  0 0 0
110   1 0.30 115.57 Default taxiway for RWY 11
111  51.58817041  020.08417526   3 
111  51.58690027  020.08319717   3 
111  51.57914516  020.10928582   3 
111  51.58041530  020.11026374 
112  51.58065799  020.10944733  51.58053462  020.10985398   3 
111  51.58023027  020.10961965   3 
112  51.57982448  020.10930721  51.57952013  020.10907289   3 
111  51.57964147  020.10866467   3 
111  51.58321566  020.09664089   3 
111  51.58423218  020.09742360 
111  51.58435353  020.09701539   3 
111  51.58333701  020.09623267   3 
112  51.58691120  020.08420889  51.58703255  020.08380068   3 
111  51.58733690  020.08403505   3 
112  51.58774269  020.08434754  51.58804704  020.08458190   3 
113  51.58792772  020.08499167 
120 Default hold RWY 11 (near)
111  51.58766114  020.08378308   4 
115  51.58753980  020.08419129 
120 Default hold RWY 11 (centre)
111  51.58384426  020.09662325   4 
115  51.58372291  020.09703146 
120 Default hold RWY 11 (far)
111  51.58002738  020.10946343   4 
115  51.57990603  020.10987163 
19   51.58942432  020.08413756 1 WS
19   51.57966163  020.11068384 1 WS
