1       18 1 1 KOQU QUONSET STATE
100   45.72   1   0 0.25 0 3 0 16   41.60772500 -071.42166900    0.00    0.00 3  8 0 0 34   41.59085600 -071.40593600  122.83    0.00 2  0 0 0
100   30.48   1   0 0.25 0 0 0 01   41.59055600 -071.40555600    0.00    0.00 2  0 0 0 19   41.60166700 -071.40555600    0.00    0.00 2  0 0 0
100   22.86   1   0 0.25 0 2 0 05   41.58859400 -071.41318600    0.00    0.00 2  0 0 0 23   41.59764400 -071.40490800    0.00    0.00 2  0 0 0
100   30.48   1   0 0.25 0 0 0 10   41.60138900 -071.41527800    0.00    0.00 2  0 0 0 28   41.60138900 -071.40444400    0.00    0.00 2  0 0 0
21   41.60543874 -071.41887771  2 145.10   3.00 16  PAPI-4L
21   41.59300819 -071.40860069  2 325.11   3.00 34  PAPI-4L
10   41.59013370 -071.40515900 xxx 144.79   600 0.0 0.0   150 101101  2 0 0 0.25 0
10   41.59873200 -071.40805820 xxx  56.00  2400 0.0 0.0   100 101101  4 0 0 0.25 0
10   41.59823610 -071.40607450 xxx 120.00  1000 0.0 0.0   100 101101  4 0 0 0.25 0
10   41.59643550 -071.41324620 xxx 144.61  2500 0.0 0.0   500 161161  2 0 0 0.25 0
10   41.60060120 -071.40866090 xxx  90.00  3500 0.0 0.0   100 161161  2 0 0 0.25 0
10   41.59510800 -071.40457920 xxx   0.00  4000 0.0 0.0   100 161161  2 0 0 0.25 0
10   41.59202960 -071.41133120 xxx  36.00   800 0.0 0.0   200 161161  1 0 0 0.25 0
10   41.59044270 -071.41252900 xxx  35.00  1000 0.0 0.0    50 161161  1 0 0 0.25 0
10   41.59361650 -071.41082000 xxx 144.29   800 0.0 0.0   300 161161  1 0 0 0.25 0
10   41.59172060 -071.40780640 xxx 144.30  2300 0.0 0.0   100 161161  1 0 0 0.25 0
10   41.60380550 -071.41958620 xxx 144.30  2400 0.0 0.0   100 161161  1 0 0 0.25 0
10   41.59933470 -071.41719060 xxx 144.30   500 0.0 0.0   500 161161  1 0 0 0.25 0
10   41.59941100 -071.41515350 xxx  55.00   700 0.0 0.0   100 161161  1 0 0 0.25 0
10   41.59571460 -071.41120910 xxx  60.00   300 0.0 0.0   100 161161  1 0 0 0.25 0
10   41.58895490 -071.41312410 xxx 130.00   400 0.0 0.0    50 161161  1 0 0 0.25 0
10   41.58934020 -071.40501400 xxx  65.00   400 0.0 0.0   100 161161  1 0 0 0.25 0
10   41.60670470 -071.42166140 xxx  54.00   400 0.0 0.0   100 161161  1 0 0 0.25 0
10   41.60112760 -071.41688540 xxx 130.00   400 0.0 0.0   100 161161  1 0 0 0.25 0
10   41.60063170 -071.41718290 xxx   0.00   500 0.0 0.0   100 161161  1 0 0 0.25 0
10   41.60020830 -071.41583250 xxx 144.30   600 0.0 0.0   100 161161  1 0 0 0.25 0
18   41.60011708 -071.41222303 1 BCN
19   41.59028170 -071.40610613 1 WS
19   41.58859764 -071.41368032 1 WS
19   41.60180043 -071.41564485 1 WS
19   41.60841555 -071.42130685 1 WS
19   41.60194130 -071.40500577 1 WS
19   41.59764032 -071.40441362 1 WS
19   41.60097753 -071.40407721 1 WS
19   41.59016549 -071.40629821 1 WS
51 12635 CTAF
51 12295 UNICOM
53 13450 GND
54 12635 TWR
55 13540 PROVIDENCE APP/DEP
