1      234 0 1 KPBG PLATTSBURGH INTL
100   60.96   2   0 0.25 0 3 0 17   44.66583300 -073.47678100    0.00  304.80 3  1 0 0 35   44.63604200 -073.45947200    0.00  304.80 2  7 0 0
21   44.66433985 -073.47523550  1 157.54   3.00 17  VASI
21   44.63840696 -073.46152242  1 337.55   3.00 35  VASI
110   2 0.30 157.54 Default taxiway for RWY 17
111  44.66572905 -073.47713449  53 102 
111  44.66520416 -073.47891946  53 102 
111  44.63541447 -073.46160048  53 102 
111  44.63593936 -073.45981642 
112  44.63644633 -073.46011114  44.63619198 -073.45996670  53 102 
111  44.63606622 -073.46039417  53 102 
112  44.63589853 -073.46096414  44.63577276 -073.46139162  53 102 
111  44.63602625 -073.46153898  53 102 
111  44.65028738 -073.46982996  53 102 
111  44.65070746 -073.46840177 
111  44.65096095 -073.46854913  53 102 
111  44.65054087 -073.46997733  53 102 
112  44.66480200 -073.47826832  44.66505548 -073.47841569  53 102 
111  44.66518125 -073.47798799  53 102 
112  44.66534894 -073.47741774  44.66547470 -073.47699005  53 102 
113  44.66522208 -073.47683976 
120 Default hold RWY 17 (near)
111  44.66551858 -073.47785023  54 
115  44.66526509 -073.47770287 
120 Default hold RWY 17 (centre)
111  44.65075048 -073.46926469  54 
115  44.65049699 -073.46911732 
120 Default hold RWY 17 (far)
111  44.63598237 -073.46067916  54 
115  44.63572889 -073.46053179 
18   44.65167181 -073.46562783 1 BCN
19   44.66665439 -073.47600648 1 WS
19   44.63522072 -073.46024635 1 WS
51 12270 CTAF/UNICOM
55 12110 BURLINGTON APP/DEP
