1       96 0 1 PHUP UPOLU
100   22.86   1   0 0.25 0 2 0 07   20.26402800 -155.86538900    0.00    0.00 2  0 0 0 25   20.26647200 -155.85461100    0.00    0.00 2  0 0 0
21   20.26474336 -155.86359948  2  76.41   3.00 07  PAPI-4L
21   20.26575674 -155.85640060  2 256.41   3.00 25  PAPI-4L
110   1 0.30  76.41 Default taxiway for RWY 07
111  20.26393021 -155.86536380   3 102 
111  20.26342811 -155.86523441   3 102 
111  20.26587244 -155.85445657   3 102 
111  20.26637454 -155.85458597 
112  20.26632620 -155.85479913  20.26634818 -155.85469198   3 102 
111  20.26622820 -155.85466106   3 102 
112  20.26606823 -155.85461984  20.26594825 -155.85458892   3 102 
111  20.26592408 -155.85469550   3 102 
111  20.26476234 -155.85981797   3 102 
111  20.26516446 -155.85992160 
111  20.26514029 -155.86002817   3 102 
111  20.26473817 -155.85992454   3 102 
112  20.26357643 -155.86504701  20.26355226 -155.86515359   3 102 
111  20.26367224 -155.86518451   3 102 
112  20.26383221 -155.86522574  20.26395219 -155.86525665   3 102 
113  20.26397855 -155.86515064 
120 Default hold RWY 07 (near)
111  20.26372806 -155.86531170   4 
115  20.26375223 -155.86520512 
120 Default hold RWY 07 (centre)
111  20.26493814 -155.85997607   4 
115  20.26496231 -155.85986950 
120 Default hold RWY 07 (far)
111  20.26614822 -155.85464045   4 
115  20.26617239 -155.85453387 
18   20.26594863 -155.86018044 1 BCN
19   20.26427827 -155.86567911 1 WS
19   20.26622171 -155.85432091 1 WS
51 12290 CTAF
