1     6684 0 1 00C  Animas Air Park
100   15.24   1   0 0.25 0 2 0 01   37.19675000 -107.87225000    0.00    0.00 2  0 0 0 19   37.20960600 -107.86613900    0.00  457.20 2  0 0 0
110   1 0.30  20.74 Default taxiway for RWY 01
111  37.19672652 -107.87217213   3 102 
111  37.19660433 -107.87176693   3 102 
111  37.20946049 -107.86565689   3 102 
111  37.20958268 -107.86606216 
112  37.20945441 -107.86612312  37.20951774 -107.86608999   3 102 
111  37.20948861 -107.86599336   3 102 
112  37.20944976 -107.86586452  37.20942063 -107.86576789   3 102 
111  37.20935650 -107.86579837   3 102 
111  37.20308875 -107.86877719   3 102 
111  37.20318666 -107.86910190 
111  37.20312253 -107.86913238   3 102 
111  37.20302462 -107.86880767   3 102 
112  37.19675688 -107.87178648  37.19669274 -107.87181696   3 102 
111  37.19672187 -107.87191358   3 102 
112  37.19676072 -107.87204239  37.19678985 -107.87213901   3 102 
113  37.19685479 -107.87211117 
120 Default hold RWY 01 (near)
111  37.19667716 -107.87200847   4 
115  37.19674129 -107.87197798 
120 Default hold RWY 01 (centre)
111  37.20307317 -107.86896870   4 
115  37.20313730 -107.86893822 
120 Default hold RWY 01 (far)
111  37.20946918 -107.86592894   4 
115  37.20953332 -107.86589846 
18   37.20334605 -107.86975959 1 BCN
19   37.19669457 -107.87255249 1 WS
19   37.20966141 -107.86583645 1 WS
51 12280 CTAF/UNICOM
