1     1447 0 1 08TE B J MC COMBS SISTERDALE
100   15.24   1   0 0.25 0 0 0 16   29.98018300 -098.74482200    0.00    0.00 2  0 0 0 34   29.97191200 -098.74245600    0.00    0.00 2  0 0 0
110   1 0.30 166.08 Default taxiway for RWY 16
111  29.98016705 -098.74489632   3 
111  29.98008403 -098.74528306   3 
111  29.97181305 -098.74291682   3 
111  29.97189607 -098.74253012 
112  29.97202919 -098.74256821  29.97196209 -098.74255169   3 
111  29.97194229 -098.74264389   3 
112  29.97191590 -098.74276683  29.97189611 -098.74285903   3 
111  29.97196267 -098.74287807   3 
111  29.97593176 -098.74401358   3 
111  29.97599828 -098.74370370 
111  29.97606484 -098.74372274   3 
111  29.97599832 -098.74403262   3 
112  29.97996741 -098.74516813  29.98003397 -098.74518717   3 
111  29.98005376 -098.74509496   3 
112  29.98008015 -098.74497201  29.98009995 -098.74487980   3 
113  29.98003393 -098.74485824 
120 Default hold RWY 16 (near)
111  29.98013352 -098.74505253   4 
115  29.98006696 -098.74503349 
120 Default hold RWY 16 (centre)
111  29.97603131 -098.74387894   4 
115  29.97596475 -098.74385990 
120 Default hold RWY 16 (far)
111  29.97192910 -098.74270536   4 
115  29.97186254 -098.74268631 
19   29.98036560 -098.74462955 1 WS
19   29.97172940 -098.74264843 1 WS
51 12280 UNICOM
