1     1470 0 1 0B7  Warren-Sugarbush
100    9.14   1   0 0.25 0 0 0 04   44.11350221 -072.82905809    0.00    0.00 2 12 0 0 22   44.11995223 -072.82505803    0.00    0.00 2 12 0 0
110   1 0.30  24.00 Default taxiway for RWY 04
111  44.11348639 -072.82900860   3 
111  44.11340181 -072.82874397   3 
111  44.11985190 -072.82474431   3 
111  44.11993648 -072.82500897 
112  44.11986130 -072.82505558  44.11989798 -072.82502941   3 
111  44.11987789 -072.82496658   3 
112  44.11985112 -072.82488280  44.11983104 -072.82481997   3 
111  44.11979345 -072.82484328   3 
111  44.11666238 -072.82678484   3 
111  44.11673023 -072.82699713 
111  44.11669264 -072.82702044   3 
111  44.11662479 -072.82680815   3 
112  44.11349372 -072.82874970  44.11345613 -072.82877301   3 
111  44.11347621 -072.82883584   3 
112  44.11350298 -072.82891960  44.11352307 -072.82898243   3 
113  44.11356157 -072.82896198 
120 Default hold RWY 04 (near)
111  44.11345201 -072.82890103   4 
115  44.11348960 -072.82887772 
120 Default hold RWY 04 (centre)
111  44.11665826 -072.82691286   4 
115  44.11669585 -072.82688955 
120 Default hold RWY 04 (far)
111  44.11986451 -072.82492469   4 
115  44.11990210 -072.82490139 
19   44.11347723 -072.82926177 1 WS
19   44.11997719 -072.82485433 1 WS
