1     2491 0 1 K44  BEAVER MUNI
100   13.11   1   0 0.25 0 1 0 17   36.80303300 -100.52618100    0.00    0.00 2  0 0 0 35   36.79471400 -100.52592800    0.00    0.00 2  0 0 0
100   28.96   4   0 0.25 0 0 0 04   36.79499700 -100.53583900    0.00    0.00 1  0 0 0 22   36.80083600 -100.52833900    0.00    0.00 1  0 0 0
110   1 0.30 178.61 Default taxiway for RWY 17
111  36.80303162 -100.52625182   3 102 
111  36.80302439 -100.52662279   3 102 
111  36.79470539 -100.52636971   3 102 
111  36.79471262 -100.52599878 
112  36.79483053 -100.52600237  36.79477152 -100.52600339   3 102 
111  36.79476980 -100.52609174   3 102 
112  36.79476750 -100.52620954  36.79476578 -100.52629789   3 102 
111  36.79482473 -100.52629968   3 102 
111  36.79883684 -100.52642173   3 102 
111  36.79884264 -100.52612441 
111  36.79890160 -100.52612620   3 102 
111  36.79889580 -100.52642352   3 102 
112  36.80290791 -100.52654557  36.80296686 -100.52654737   3 102 
111  36.80296858 -100.52645901   3 102 
112  36.80297088 -100.52634120  36.80297260 -100.52625284   3 102 
113  36.80291371 -100.52624823 
120 Default hold RWY 17 (near)
111  36.80302869 -100.52640189   4 
115  36.80296973 -100.52640010 
120 Default hold RWY 17 (centre)
111  36.79889867 -100.52627626   4 
115  36.79883971 -100.52627447 
120 Default hold RWY 17 (far)
111  36.79476865 -100.52615064   4 
115  36.79470969 -100.52614884 
18   36.79888589 -100.52554088 1 BCN
19   36.79509460 -100.53641139 1 WS
19   36.80315518 -100.52596541 1 WS
19   36.80073836 -100.52776658 1 WS
19   36.79459182 -100.52614357 1 WS
51 12290 CTAF
