1      989 0 1 K68  Garnett Municipal
100   48.77   3   0 0.25 0 0 0 12   38.28134691 -095.22084543    0.00    0.00 1  0 0 0 30   38.27702975 -095.21299125    0.00    0.00 1  0 0 0
100   13.72   1   0 0.25 0 1 0 01   38.27600891 -095.21800359    0.00    0.00 2  0 0 0 19   38.28236775 -095.21583309    0.00    0.00 2  0 0 0
100   48.77   3   0 0.25 0 0 0 08   38.27897317 -095.22005119    0.00    0.00 1  0 0 0 26   38.27940349 -095.21378549    0.00    0.00 1  0 0 0
19   38.27593724 -095.21827041 1 WS
19   38.27959071 -095.22068126 1 WS
19   38.28213790 -095.22082243 1 WS
19   38.28243941 -095.21556624 1 WS
19   38.27878592 -095.21315548 1 WS
19   38.27623877 -095.21301433 1 WS
