1     7820 1 0 KASE Aspen Pitkin Co Sardy Fld
100   30.48   1   0 0.25 0 2 1 15   39.23217500 -106.87314700    0.00  152.40 2 10 0 0 33   39.21415300 -106.86454700    0.00    0.00 2  0 0 1
21   39.23060306 -106.87193540  2 159.71   3.00 15  PAPI-4L
10   39.21954300 -106.86631500 xxx 159.64  3992 0.0 0.0    54 161161  2 0 0 0.25 0
10   39.22836700 -106.87105700 xxx 160.00    71 0.0 0.0    81 161161  2 0 0 0.25 0
10   39.22848600 -106.87116700 xxx 293.44   104 0.0 0.0    54 161161  2 0 0 0.25 0
10   39.22821700 -106.87103600 xxx 204.59   104 0.0 0.0    54 161161  2 0 0 0.25 0
10   39.22626200 -106.86923800 xxx 159.55  1326 0.0 0.0   207 161161  2 0 0 0.25 0
10   39.22712400 -106.87000200 xxx  24.30    90 0.0 0.0    90 161161  1 0 0 0.25 0
10   39.22696500 -106.87052900 xxx  24.30    90 0.0 0.0    90 161161  1 0 0 0.25 0
10   39.22704900 -106.87025400 xxx  70.00   149 0.0 0.0    44 161161  1 0 0 0.25 0
10   39.22543300 -106.86980700 xxx  24.30    90 0.0 0.0    90 161161  1 0 0 0.25 0
10   39.22559200 -106.86926400 xxx  24.30    90 0.0 0.0    90 161161  1 0 0 0.25 0
10   39.22551700 -106.86952100 xxx  70.00   149 0.0 0.0    44 161161  1 0 0 0.25 0
10   39.22311600 -106.86869100 xxx  24.30    90 0.0 0.0    90 161161  2 0 0 0.25 0
10   39.22328400 -106.86809700 xxx  24.30    97 0.0 0.0    96 161161  2 0 0 0.25 0
10   39.22319400 -106.86841400 xxx  70.00   149 0.0 0.0    44 161161  2 0 0 0.25 0
10   39.22104100 -106.86602900 xxx 159.17  2475 0.0 0.0   259 161161  2 0 0 0.25 0
10   39.22341700 -106.86761300 xxx  24.30    97 0.0 0.0    96 161161  2 0 0 0.25 0
10   39.22335700 -106.86784400 xxx  70.00   149 0.0 0.0    44 161161  2 0 0 0.25 0
10   39.22212200 -106.86598500 xxx 158.24   683 0.0 0.0   122 161161  2 0 0 0.25 0
10   39.22206600 -106.86693400 xxx  24.30    97 0.0 0.0    96 161161  2 0 0 0.25 0
10   39.22188600 -106.86733100 xxx  25.00    57 0.0 0.0    31 161161  2 0 0 0.25 0
10   39.22200300 -106.86738900 xxx 112.00    57 0.0 0.0    31 161161  2 0 0 0.25 0
10   39.22199500 -106.86719200 xxx  70.00   149 0.0 0.0    44 161161  2 0 0 0.25 0
10   39.22044600 -106.86622200 xxx  24.30    97 0.0 0.0    96 161161  2 0 0 0.25 0
10   39.22030800 -106.86669100 xxx  24.30   123 0.0 0.0   122 161161  2 0 0 0.25 0
10   39.22039900 -106.86639200 xxx  70.00   149 0.0 0.0    57 161161  2 0 0 0.25 0
10   39.22012700 -106.86728500 xxx  24.30    97 0.0 0.0    96 161161  2 0 0 0.25 0
10   39.22021800 -106.86699400 xxx  70.00   149 0.0 0.0    57 161161  2 0 0 0.25 0
10   39.21889900 -106.86543800 xxx  24.30    97 0.0 0.0    96 161161  2 0 0 0.25 0
10   39.21876100 -106.86593600 xxx  24.30   123 0.0 0.0   122 161161  2 0 0 0.25 0
10   39.21882100 -106.86567500 xxx  70.00   149 0.0 0.0    57 161161  2 0 0 0.25 0
10   39.21859400 -106.86654100 xxx  24.30    97 0.0 0.0    96 161161  2 0 0 0.25 0
10   39.21867300 -106.86625600 xxx  70.00   149 0.0 0.0    50 161161  2 0 0 0.25 0
10   39.21461900 -106.86359300 xxx 158.24   290 0.0 0.0   155 161161  2 0 0 0.25 0
10   39.21464400 -106.86469500 xxx  24.30    97 0.0 0.0    96 161161  2 0 0 0.25 0
10   39.21483800 -106.86406600 xxx  24.30   110 0.0 0.0   109 161161  2 0 0 0.25 0
10   39.21473700 -106.86439700 xxx  70.00   149 0.0 0.0    50 161161  2 0 0 0.25 0
10   39.21432100 -106.86445500 xxx 115.00    57 0.0 0.0    31 161161  2 0 0 0.25 0
10   39.21426900 -106.86385800 xxx  70.00   103 0.0 0.0   103 161161  2 0 0 0.25 0
10   39.21422500 -106.86406300 xxx 124.00   103 0.0 0.0    50 161161  2 0 0 0.25 0
10   39.21428200 -106.86433400 xxx  70.00   254 0.0 0.0    50 161161  2 0 0 0.25 0
10   39.21447400 -106.86399100 xxx  13.00    57 0.0 0.0    31 161161  2 0 0 0.25 0
10   39.22121200 -106.86561200 xxx 208.00    57 0.0 0.0    31 161161  2 0 0 0.25 0
14   39.22578100 -106.86809500  100 0 ATC Tower
15   39.22420800 -106.86721800 250.00 GA Ramp 1 Parking 1
15   39.22316300 -106.86747000  70.00 GA Ramp 1 Parking 10
15   39.22298000 -106.86738400  70.00 GA Ramp 1 Parking 11
15   39.22271700 -106.86726600  70.00 GA Ramp 1 Parking 12
15   39.22247700 -106.86714100  70.00 GA Ramp 1 Parking 13
15   39.22394300 -106.86713200 250.00 GA Ramp 1 Parking 2
15   39.22368800 -106.86699000 250.00 GA Ramp 1 Parking 3
15   39.22341500 -106.86686100 250.00 GA Ramp 1 Parking 4
15   39.22281900 -106.86666200 250.00 GA Ramp 1 Parking 5
15   39.22265900 -106.86657600 250.00 GA Ramp 1 Parking 6
15   39.22248800 -106.86650500 250.00 GA Ramp 1 Parking 7
15   39.22179800 -106.86572400 250.00 GA Ramp 1 Parking 8
15   39.22165500 -106.86565400 250.00 GA Ramp 1 Parking 9
15   39.22798600 -106.86975200 250.00 GA Ramp 2 Parking 1
15   39.22682600 -106.86952900  70.00 GA Ramp 2 Parking 10
15   39.22773400 -106.86964200 250.00 GA Ramp 2 Parking 2
15   39.22748900 -106.86950900 250.00 GA Ramp 2 Parking 3
15   39.22719700 -106.86938300 250.00 GA Ramp 2 Parking 4
15   39.22691700 -106.86925000 250.00 GA Ramp 2 Parking 5
15   39.22788900 -106.87000100  70.00 GA Ramp 2 Parking 6
15   39.22766100 -106.86991400  70.00 GA Ramp 2 Parking 7
15   39.22739800 -106.86979600  70.00 GA Ramp 2 Parking 8
15   39.22712900 -106.86966300  70.00 GA Ramp 2 Parking 9
15   39.22020700 -106.86546800  70.00 Stand 1
15   39.21999600 -106.86536600  70.00 Stand 2
15   39.21977900 -106.86525600  70.00 Stand 3
15   39.21952800 -106.86512400  70.00 Stand 4
15   39.21921000 -106.86484200  70.00 Stand 5
15   39.21889000 -106.86467800  70.00 Stand 6
15   39.21861000 -106.86453000  70.00 Stand 7
18   39.22440400 -106.86752900 1 BCN
19   39.23172500 -106.87229700 1 WS
19   39.21484600 -106.86551000 1 WS
50 12040 ATIS
51 11885 CTAF
51 12295 UNICOM
52 12375 CLNC DEL
53 12190 GND
54 11885 TWR
