1      651 0 1 KBAZ NEW BRAUNFELS MUNI
100   30.48   1   0 0.25 0 2 0 17   29.70951700 -098.04363100  156.06    0.00 2  0 0 0 35   29.69476900 -098.04384200    0.00    0.00 2  0 0 0
100   30.48   1   0 0.25 0 2 0 13   29.71211100 -098.04659400    0.00    0.00 2  0 0 1 31   29.70157500 -098.03482800    0.00    0.00 2  0 0 0
21   29.71105248 -098.04487413  2 135.87   3.00 13  PAPI-4L
21   29.70263368 -098.03654757  2 315.88   3.00 31  PAPI-4L
110   1 0.00 135.87 Default taxiway for RWY 13
111  29.71201707 -098.04670548   3 102 
111  29.71153803 -098.04727405   3 102 
111  29.70100255 -098.03550675   3 102 
111  29.70148159 -098.03493824 
112  29.70167847 -098.03515814  29.70157847 -098.03505005   3 102 
111  29.70146387 -098.03518605   3 102 
112  29.70131108 -098.03536738  29.70119649 -098.03550337   3 102 
111  29.70129493 -098.03561332   3 102 
111  29.70631657 -098.04122209   3 102 
111  29.70670011 -098.04076689 
111  29.70679855 -098.04087684   3 102 
111  29.70641501 -098.04133204   3 102 
112  29.71143665 -098.04694081  29.71153509 -098.04705076   3 102 
111  29.71164968 -098.04691475   3 102 
112  29.71180247 -098.04673340  29.71191707 -098.04659739   3 102 
113  29.71182019 -098.04648558 
110   1 0.00 180.71 Default taxiway for RWY 17
111  29.70951868 -098.04378630   3 102 
111  29.70952723 -098.04457836   3 102 
111  29.69477923 -098.04478925   3 102 
111  29.69477068 -098.04399731 
112  29.69504496 -098.04399339  29.69490784 -098.04399794   3 102 
111  29.69490989 -098.04418739   3 102 
112  29.69491262 -098.04443998  29.69491466 -098.04462942   3 102 
111  29.69505180 -098.04462746   3 102 
111  29.70208295 -098.04452691   3 102 
111  29.70207611 -098.04389279 
111  29.70221325 -098.04389082   3 102 
111  29.70222009 -098.04452494   3 102 
112  29.70925124 -098.04442439  29.70938838 -098.04442243   3 102 
111  29.70938634 -098.04423296   3 102 
112  29.70938361 -098.04398033  29.70938156 -098.04379085   3 102 
113  29.70924440 -098.04379022 
130 Airport Boundary 3
111  29.69662016 -098.04626577 
111  29.69421380 -098.04924250 
111  29.68997290 -098.04387262 
111  29.70414174 -098.02701995 
111  29.70444466 -098.02722918 
111  29.70505050 -098.02648526 
111  29.70753446 -098.02922846 
111  29.70688823 -098.02997238 
111  29.70836245 -098.03180892 
111  29.70714574 -098.03346861 
111  29.70846342 -098.03494733 
111  29.70882693 -098.03450563 
111  29.71332247 -098.03985004 
111  29.71439279 -098.04222141 
111  29.71705997 -098.04491830 
111  29.71542419 -098.04668526 
111  29.71580789 -098.04731300 
111  29.71265751 -098.05133517 
111  29.71112270 -098.04945196 
113  29.70557839 -098.05666520 
120 Default hold RWY 13 (near)
111  29.71182452 -098.04693403   4 
115  29.71172608 -098.04682408 
120 Default hold RWY 17 (near)
111  29.70952211 -098.04410468   4 
115  29.70938497 -098.04410664 
120 Default hold RWY 13 (centre)
111  29.70660600 -098.04110537   4 
115  29.70650756 -098.04099542 
120 Default hold RWY 17 (centre)
111  29.70221668 -098.04420918   4 
115  29.70207954 -098.04421115 
120 Default hold RWY 13 (far)
111  29.70138748 -098.03527671   4 
115  29.70128904 -098.03516676 
120 Default hold RWY 17 (far)
111  29.69491125 -098.04431368   4 
115  29.69477411 -098.04431564 
18   29.70213251 -098.04263132 1 BCN
19   29.71259436 -098.04647387 1 WS
19   29.70978617 -098.04315340 1 WS
19   29.70109165 -098.03494817 1 WS
19   29.69449983 -098.04431953 1 WS
50 11932 ASOS
51 12270 CTAF/UNICOM
52 13475 CLNC DEL
55 12445 SAN ANTONIO APP
56 12570 SAN ANTONIO DEP
