1      173 1 1 KBDL BRADLEY INTL
100   60.96   1   0 0.25 1 3 0 06   41.93201400 -072.69658100    0.00    0.00 3  2 1 0 24   41.95066400 -072.67213300    0.00  300.53 3  8 1 0
100   45.72   1   0 0.25 0 3 0 15   41.94239700 -072.69325300    0.00  304.19 2  0 0 1 33   41.92925600 -072.67526700    0.00    0.00 3 10 0 0
100   30.48   1   0 0.25 0 2 0 01   41.93132200 -072.67956400    0.00    0.00 2  0 0 0 19   41.94543600 -072.67988300    0.00  304.80 2  0 0 0
21   41.93440853 -072.69432997  2  44.27   3.00 06  PAPI-4L
21   41.94142400 -072.69114620  2 134.48   3.00 15  PAPI-4L
21   41.94843150 -072.67417377  2 224.29   3.00 24  PAPI-4L
21   41.93106451 -072.67846408  1 314.49   3.00 33  VASI
10   41.93288040 -072.69733430 xxx 134.28   660 0.0 0.0   150 161161  1 0 0 0.25 0
10   41.92770000 -072.67731480 xxx  44.00   360 0.0 0.0   200 161161  1 0 0 0.25 0
10   41.93177030 -072.69393920 xxx  44.27   250 0.0 0.0   180 161161  1 0 0 0.25 0
10   41.94745250 -072.67319490 xxx  80.00   300 0.0 0.0   140 161161  1 0 0 0.25 0
10   41.93368910 -072.69844060 xxx 134.27   300 0.0 0.0   150 161161  1 0 0 0.25 0
10   41.92871090 -072.67601010 xxx  10.00   300 0.0 0.0   160 161161  1 0 0 0.25 0
10   41.93750000 -072.69354250 xxx 134.27   350 0.0 0.0   120 161161  1 0 0 0.25 0
10   41.93183900 -072.69589230 xxx 134.27   360 0.0 0.0   150 161161  1 0 0 0.25 0
10   41.92894740 -072.67610930 xxx  45.00   370 0.0 0.0   150 161161  1 0 0 0.25 0
10   41.94586180 -072.67477420 xxx 134.27   400 0.0 0.0   140 161161  1 0 0 0.25 0
10   41.93409730 -072.68310550 xxx  44.92   400 0.0 0.0   150 161161  1 0 0 0.25 0
10   41.94907380 -072.67093660 xxx 359.00   210 0.0 0.0   120 161161  1 0 0 0.25 0
10   41.93352510 -072.67894740 xxx 110.00   430 0.0 0.0   120 161161  1 0 0 0.25 0
10   41.93113330 -072.67956540 xxx   0.00   201 0.0 0.0   100 101101  1 0 0 0.25 0
10   41.93719100 -072.67888640 xxx  89.03   450 0.0 0.0   120 161161  1 0 0 0.25 0
10   41.93915560 -072.68579100 xxx 134.27   440 0.0 0.0   150 161161  1 0 0 0.25 0
10   41.94517900 -072.67799380 xxx 134.27   450 0.0 0.0   150 161161  1 0 0 0.25 0
10   41.93814090 -072.69383240 xxx 120.00   210 0.0 0.0   420 161161  1 0 0 0.25 0
10   41.94976810 -072.67166900 xxx 134.27   500 0.0 0.0   150 161161  1 0 0 0.25 0
10   41.94015120 -072.67645260 xxx 359.03   370 0.0 0.0   300 161161  1 0 0 0.25 0
10   41.93270110 -072.67871090 xxx  34.30   600 0.0 0.0   100 161161  1 0 0 0.25 0
10   41.93583300 -072.69034580 xxx 134.27   600 0.0 0.0   150 161161  1 0 0 0.25 0
10   41.94159320 -072.69413760 xxx  44.92   670 0.0 0.0   100 161161  1 0 0 0.25 0
10   41.94015120 -072.67742160 xxx 269.03   400 0.0 0.0   150 161161  1 0 0 0.25 0
10   41.92733760 -072.67799380 xxx  40.00   200 0.0 0.0   150 161161  1 0 0 0.25 0
10   41.93112180 -072.67982480 xxx   0.00   150 0.0 0.0   100 161161  1 0 0 0.25 0
10   41.94404220 -072.67566680 xxx   0.00   200 0.0 0.0   100 161161  1 0 0 0.25 0
10   41.94509510 -072.67338560 xxx 353.00   200 0.0 0.0   100 161161  1 0 0 0.25 0
10   41.92720030 -072.67896270 xxx   0.00   200 0.0 0.0   100 101101  1 0 0 0.25 0
10   41.92998120 -072.67459110 xxx  44.92   710 0.0 0.0   100 161161  1 0 0 0.25 0
10   41.94034580 -072.69430540 xxx 136.00   650 0.0 0.0   150 161161  1 0 0 0.25 0
10   41.94620900 -072.67537690 xxx  45.27  3410 0.0 0.0   150 161161  1 0 0 0.25 0
10   41.93863300 -072.67810060 xxx 359.03  4050 0.0 0.0   130 161161  1 0 0 0.25 0
10   41.93993380 -072.68349460 xxx  42.27  3000 0.0 0.0   150 161161  1 0 0 0.25 0
10   41.93067170 -072.67973330 xxx 134.27  2500 0.0 0.0   270 161161  1 0 0 0.25 0
10   41.93787380 -072.69480130 xxx 141.27   200 0.0 0.0   850 161161  1 0 0 0.25 0
10   41.92783360 -072.67659760 xxx  10.00   490 0.0 0.0   350 161161  1 0 0 0.25 0
10   41.94021610 -072.69463350 xxx 124.92   700 0.0 0.0   150 161161  1 0 0 0.25 0
10   41.93152240 -072.69426730 xxx  92.00   720 0.0 0.0   150 161161  1 0 0 0.25 0
10   41.93454740 -072.67660520 xxx   0.00   620 0.0 0.0   250 161161  1 0 0 0.25 0
10   41.94124980 -072.69608310 xxx 126.00   600 0.0 0.0   300 161161  1 0 0 0.25 0
10   41.92765810 -072.68009950 xxx 130.00   680 0.0 0.0   250 161161  1 0 0 0.25 0
10   41.94826130 -072.67192840 xxx  44.27   750 0.0 0.0   200 161161  1 0 0 0.25 0
10   41.93749620 -072.69519040 xxx  60.00   770 0.0 0.0   200 161161  1 0 0 0.25 0
10   41.93809890 -072.67641450 xxx   0.00   600 0.0 0.0   400 161161  1 0 0 0.25 0
10   41.94477460 -072.67544560 xxx  33.00   840 0.0 0.0   170 161161  1 0 0 0.25 0
10   41.93653110 -072.69396210 xxx  44.27  3300 0.0 0.0   150 161161  1 0 0 0.25 0
10   41.93548200 -072.68864440 xxx  43.50   700 0.0 0.0   340 161161  1 0 0 0.25 0
10   41.94447710 -072.67435460 xxx  82.00   690 0.0 0.0   390 161161  1 0 0 0.25 0
10   41.94507220 -072.67432400 xxx  46.00   900 0.0 0.0   300 161161  1 0 0 0.25 0
10   41.93416980 -072.67539220 xxx   0.00   900 0.0 0.0   500 161161  1 0 0 0.25 0
10   41.93683240 -072.67517090 xxx  90.00  1000 0.0 0.0   500 161161  1 0 0 0.25 0
10   41.93172840 -072.67623140 xxx 134.92  1600 0.0 0.0    80 161161  1 0 0 0.25 0
10   41.94379810 -072.67594910 xxx  84.00  1600 0.0 0.0   100 161161  1 0 0 0.25 0
10   41.93333440 -072.69132230 xxx  44.27  1700 0.0 0.0   400 161161  1 0 0 0.25 0
10   41.93961720 -072.69170380 xxx 134.92  2000 0.0 0.0   100 161161  1 0 0 0.25 0
10   41.93450160 -072.68522640 xxx 134.26  2000 0.0 0.0   170 161161  1 0 0 0.25 0
10   41.93650820 -072.67743680 xxx 358.03  2100 0.0 0.0   320 161161  1 0 0 0.25 0
10   41.92711260 -072.67785640 xxx  83.00   900 0.0 0.0   120 161161  1 0 0 0.25 0
10   41.93142700 -072.68273930 xxx 134.27  4000 0.0 0.0   500 161161  2 0 0 0.25 0
10   41.93082430 -072.68344880 xxx 134.00  3800 0.0 0.0   200 161161  2 0 0 0.25 0
10   41.93116760 -072.67343900 xxx   0.00   480 0.0 0.0   270 161161  2 0 0 0.25 0
10   41.93519210 -072.69774630 xxx   0.00   140 0.0 0.0   140 101101  2 0 0 0.25 0
10   41.93519970 -072.69831090 xxx  90.00   230 0.0 0.0    80 161161  2 0 0 0.25 0
10   41.93727490 -072.69790650 xxx  62.40   420 0.0 0.0    70 161161  2 0 0 0.25 0
10   41.93662260 -072.68761440 xxx  46.50   400 0.0 0.0   150 161161  2 0 0 0.25 0
10   41.93478390 -072.70249940 xxx  90.00   500 0.0 0.0    90 161161  2 0 0 0.25 0
10   41.93617250 -072.70240020 xxx  90.00   500 0.0 0.0   100 161161  2 0 0 0.25 0
10   41.93548200 -072.70310210 xxx   0.00   570 0.0 0.0   150 161161  2 0 0 0.25 0
10   41.93196490 -072.68669890 xxx   4.00   680 0.0 0.0   100 101101  2 0 0 0.25 0
10   41.93385700 -072.68833160 xxx  90.00   500 0.0 0.0   350 161161  2 0 0 0.25 0
10   41.93206790 -072.68618010 xxx   4.00   800 0.0 0.0   270 161161  2 0 0 0.25 0
10   41.93346410 -072.68976590 xxx  44.27  1400 0.0 0.0   250 161161  2 0 0 0.25 0
10   41.93509670 -072.70021060 xxx 360.00   890 0.0 0.0   990 161161  2 0 0 0.25 0
10   41.92993930 -072.68363950 xxx 131.00  1900 0.0 0.0   500 161161  2 0 0 0.25 0
10   41.93539050 -072.68583680 xxx 134.00  2300 0.0 0.0   100 161161  2 0 0 0.25 0
10   41.93628310 -072.69857790 xxx   3.00   600 0.0 0.0    80 161161  2 0 0 0.25 0
14   41.94460680 -072.69096370  200 0 ATC Tower
15   41.93357090 -072.68636320 220.00 Ramp
18   41.93685566 -072.68290311 4 BCN
19   41.93104082 -072.68011078 1 WS
19   41.93219557 -072.69788781 1 WS
19   41.94312564 -072.69306634 1 WS
19   41.94571718 -072.67933609 1 WS
19   41.95048216 -072.67082587 1 WS
19   41.92852739 -072.67545383 1 WS
50 11815 ATIS
51 12295 UNICOM
52 12175 CLNC DEL
53 12190 GND
54 12565 TWR
54 12030 TWR
55 12722 APP
55 12780 APP
55 12535 APP
55 12395 APP
56 12395 DEP
56 12535 DEP
56 12780 DEP
