1     1636 1 0 KBGM GREATER BINGHAMTON EDWIN A LINK FLD
100   45.72   1   0 0.25 0 3 0 16   42.21924700 -075.98684200  122.23    0.00 3  8 0 0 34   42.20267200 -075.97308100    0.00    0.00 3  8 0 0
100   45.72   1   0 0.25 0 2 0 10   42.20505000 -075.98888100    0.00    0.00 2  0 0 0 28   42.20587200 -075.97045600    0.00    0.00 2  0 0 0
21   42.20553443 -075.98648626  1  86.55   3.00 10  VASI
21   42.21554925 -075.98313116  2 148.41   3.00 16  PAPI-4L
21   42.20538796 -075.97285092  1 266.56   3.00 28  VASI
21   42.20386647 -075.97471213  2 328.42   3.00 34  PAPI-4L
10   42.21426000 -075.98446700 xxx 148.40  3750 0.0 0.0   100 161161  2 0 0 0.25 0
10   42.20663500 -075.97428100 xxx  86.50  2000 0.0 0.0   100 161161  2 0 0 0.25 0
10   42.21806000 -075.98686200 xxx  60.00   400 0.0 0.0   100 161161  2 0 0 0.25 0
10   42.20294200 -075.97416700 xxx  58.00   350 0.0 0.0   100 161161  2 0 0 0.25 0
10   42.20154600 -075.97307600 xxx  58.00   400 0.0 0.0   100 161161  2 0 0 0.25 0
10   42.21315400 -075.98268100 xxx  58.00   400 0.0 0.0   100 161161  2 0 0 0.25 0
10   42.21555700 -075.98468000 xxx  60.00   400 0.0 0.0   100 161161  2 0 0 0.25 0
10   42.20389200 -075.97568500 xxx 148.40  2200 0.0 0.0   100 161161  2 0 0 0.25 0
10   42.20564300 -075.98876200 xxx 176.00   400 0.0 0.0   100 161161  2 0 0 0.25 0
10   42.20633700 -075.97068000 xxx 176.00   400 0.0 0.0   100 161161  2 0 0 0.25 0
10   42.21006400 -075.98037000 xxx  60.00   450 0.0 0.0   100 161161  2 0 0 0.25 0
10   42.20600900 -075.98296400 xxx 176.00   500 0.0 0.0   100 161161  2 0 0 0.25 0
10   42.20726400 -075.97997300 xxx 117.00  1300 0.0 0.0   100 161161  2 0 0 0.25 0
10   42.20845400 -075.98266600 xxx  26.00  1400 0.0 0.0   500 161161  2 0 0 0.25 0
10   42.20630600 -075.98606100 xxx  86.50  1600 0.0 0.0   100 161161  2 0 0 0.25 0
10   42.21885300 -075.98736600 xxx  58.00   400 0.0 0.0   100 161161  2 0 0 0.25 0
18   42.21171641 -075.97830531 1 BCN
19   42.20564127 -075.98948562 1 WS
19   42.21992080 -075.98642321 1 WS
19   42.20528063 -075.96985154 1 WS
19   42.20199826 -075.97349983 1 WS
50 12815 ATIS
51 11930 CTAF
51 12295 UNICOM
52 12505 CLNC DEL
53 12190 GND
54 11930 TWR
55 12755 APP/DEP
55 11860 APP/DEP
