1     1226 0 1 KBRD BRAINERD LAKES RGNL
100   45.72   1   0 0.25 0 3 0 05   46.39464700 -094.14628900    0.00    0.00 2  0 0 1 23   46.40523600 -094.12556900    0.00    0.00 3  8 0 0
100   22.86   1   0 0.25 0 2 0 12   46.39896400 -094.14807200  155.45    0.00 2  0 0 0 30   46.39245600 -094.13492200  170.99    0.00 2  0 0 1
100   22.86   1   0 0.25 0 0 0 01   46.39240800 -094.13523900    0.00    0.00 2  0 0 0 19   46.39989700 -094.13280000    0.00    0.00 2  0 0 0
21   46.39602144 -094.14451778  1  53.45   3.00 05  VASI
21   46.39732178 -094.14407183  1 125.66   3.00 12  VASI
21   46.40324376 -094.12848528  2 233.47   3.00 23  PAPI-4L
21   46.39418024 -094.13908615  1 305.67   3.00 30  VASI
110   1 0.30  53.45 Default taxiway for RWY 05
111  46.39448354 -094.14611331   3 102 
111  46.39365539 -094.14522323   3 102 
111  46.40424626 -094.12450704   3 102 
111  46.40507441 -094.12539730 
112  46.40482939 -094.12587656  46.40495009 -094.12563499   3 102 
111  46.40475177 -094.12542179   3 102 
112  46.40448734 -094.12513753  46.40428901 -094.12492434   3 102 
111  46.40416650 -094.12516397   3 102 
111  46.39917734 -094.13492297   3 102 
111  46.39984023 -094.13563550 
111  46.39971772 -094.13587513   3 102 
111  46.39905483 -094.13516260   3 102 
112  46.39406567 -094.14492159  46.39394316 -094.14516122   3 102 
111  46.39414149 -094.14537438   3 102 
112  46.39440592 -094.14565859  46.39460424 -094.14587174   3 102 
113  46.39472856 -094.14563405 
110   1 0.30 125.66 Default taxiway for RWY 12
111  46.39888225 -094.14815705   3 102 
111  46.39846254 -094.14859370   3 102 
111  46.39195529 -094.13544206   3 102 
111  46.39237500 -094.13500547 
112  46.39249493 -094.13524785  46.39243314 -094.13512856   3 102 
111  46.39233285 -094.13523289   3 102 
112  46.39219913 -094.13537199  46.39209884 -094.13547632   3 102 
111  46.39215880 -094.13559751   3 102 
111  46.39526252 -094.14187034   3 102 
111  46.39559865 -094.14152066 
111  46.39565861 -094.14164185   3 102 
111  46.39532248 -094.14199153   3 102 
112  46.39842619 -094.14826437  46.39848616 -094.14838556   3 102 
111  46.39858645 -094.14828122   3 102 
112  46.39872017 -094.14814210  46.39882046 -094.14803776   3 102 
113  46.39876232 -094.14791467 
120 Default hold RWY 05 (near)
111  46.39415119 -094.14575611   4 
115  46.39427370 -094.14551648 
120 Default hold RWY 12 (near)
111  46.39871327 -094.14833285   4 
115  46.39865331 -094.14821166 
120 Default hold RWY 05 (centre)
111  46.39938537 -094.13551789   4 
115  46.39950788 -094.13527826 
120 Default hold RWY 12 (centre)
111  46.39548963 -094.14181764   4 
115  46.39542967 -094.14169645 
120 Default hold RWY 05 (far)
111  46.40461955 -094.12527966   4 
115  46.40474206 -094.12504003 
120 Default hold RWY 12 (far)
111  46.39226599 -094.13530244   4 
115  46.39220602 -094.13518125 
18   46.39629552 -094.14089124 1 BCN
19   46.39227460 -094.13573895 1 WS
19   46.39489779 -094.14730114 1 WS
19   46.39933354 -094.14805469 1 WS
19   46.40003039 -094.13229997 1 WS
19   46.40498503 -094.12455676 1 WS
19   46.39208647 -094.13493940 1 WS
50 12677 ASOS
51 12270 CTAF/UNICOM
