1     1327 0 1 KCQM COOK MUNI
100   22.86   1   0 0.25 0 2 0 13   47.82511400 -092.69386900    0.00    0.00 2  0 0 0 31   47.81869700 -092.68498100    0.00    0.00 2  0 0 0
110   1 0.30 137.07 Default taxiway for RWY 13
111  47.82504548 -092.69397873   3 102 
111  47.82469368 -092.69454210   3 102 
111  47.81827702 -092.68565291   3 102 
111  47.81862882 -092.68508962 
112  47.81877946 -092.68529830  47.81870261 -092.68519641   3 102 
111  47.81861854 -092.68533101   3 102 
112  47.81850645 -092.68551048  47.81842239 -092.68564509   3 102 
111  47.81849771 -092.68574943   3 102 
111  47.82151774 -092.68993316   3 102 
111  47.82179949 -092.68948200 
111  47.82187481 -092.68958634   3 102 
111  47.82159306 -092.69003750   3 102 
112  47.82461309 -092.69422123  47.82468841 -092.69432557   3 102 
111  47.82477247 -092.69419095   3 102 
112  47.82488456 -092.69401146  47.82496863 -092.69387684   3 102 
113  47.82489484 -092.69377005 
120 Default hold RWY 13 (near)
111  47.82490384 -092.69420555   4 
115  47.82482852 -092.69410121 
120 Default hold RWY 13 (centre)
111  47.82173317 -092.68981315   4 
115  47.82165785 -092.68970881 
120 Default hold RWY 13 (far)
111  47.81856250 -092.68542075   4 
115  47.81848718 -092.68531641 
18   47.82239585 -092.68864173 1 BCN
19   47.82547387 -092.69374263 1 WS
19   47.81833715 -092.68510742 1 WS
50 11817 AWOS 3
51 12290 CTAF
