1       15 1 0 KDCA Washington National
100   46.02   1   1 0.00 1 2 1 01   38.84239194 -077.03682416    0.00   60.96 3  2 1 1 19   38.86119206 -077.03871984    0.00   60.96 3  6 0 1
100   46.02   1   0 0.00 0 2 1 15   38.86169673 -077.04381822    0.00   53.04 3  0 0 1 33   38.85033927 -077.03273178    0.00   29.87 3  0 0 1
100   46.02   1   0 0.00 0 2 1 04   38.84226898 -077.04075887    0.00    0.00 3  0 0 1 22   38.85443302 -077.03331913    0.00    0.00 3  0 0 1
21   38.85979223 -077.04118873  2 142.80   3.00 15  PAPI-4L
21   38.85063157 -077.03507731  1 205.50   3.00 22  VASI
21   38.85329493 -077.03621851  1 322.80   3.00 33  VASI
21   38.85762374 -077.03771172  1 175.50   3.00 New VASI
110   2 0.00 162.20 Taxiway
111  38.85740211 -077.04252309 
111  38.85749684 -077.04221452  51 102 
112  38.85814215 -077.04247394  38.85822332 -077.04250174 
111  38.85814215 -077.04247394 
112  38.85814215 -077.04247394  38.85838566 -077.04252258  51 102 
111  38.85827883 -077.04220359 
111  38.85893249 -077.04284043 
112  38.85877868 -077.04309732  38.85854600 -077.04303478 
111  38.85877868 -077.04309732 
114  38.85877868 -077.04309732  38.85873809 -077.04308690 
110   1 0.00 171.00 Taxiway B
111  38.84521840 -077.04222099   1 102 
111  38.84506417 -077.04197978   1 102 
111  38.84355682 -077.04172481   1 102 
111  38.84350346 -077.04153885   1 102 
111  38.84286311 -077.04140183   1 102 
111  38.84277163 -077.04111800   1 102 
111  38.84246670 -077.04106906   1 102 
111  38.84239047 -077.04096140 
111  38.84269540 -077.04076565   1 102 
112  38.84350346 -077.04091246  38.84354226 -077.04090831 
111  38.84350346 -077.04091246 
112  38.84350346 -077.04091246  38.84354872 -077.04090831   1 102 
111  38.84358732 -077.04072650   1 102 
112  38.84359494 -077.04036437  38.84358524 -077.04031871 
111  38.84359494 -077.04036437 
112  38.84359494 -077.04036437  38.84358524 -077.04028965   1 102 
111  38.84350346 -077.04028607 
111  38.84396003 -077.04001458   1 102 
111  38.84393652 -077.04076552   1 102 
112  38.84407759 -077.04105985  38.84415049 -077.04107991 
111  38.84407759 -077.04105985 
112  38.84407759 -077.04105985  38.84411925 -077.04107322   1 102 
112  38.84504992 -077.04126830  38.84509592 -077.04127524 
111  38.84504992 -077.04126830 
112  38.84504992 -077.04126830  38.84516897 -077.04127524   1 102 
113  38.84525540 -077.04105760 
110   1 0.00   0.00 Taxiway M center
111  38.85280235 -077.03760549   1 102 
112  38.85301750 -077.03739452  38.85307227 -077.03727396 
111  38.85301750 -077.03739452 
112  38.85301750 -077.03739452  38.85304880 -077.03731917   1 102 
112  38.85339696 -077.03645517  38.85342434 -077.03634466 
111  38.85339696 -077.03645517 
112  38.85339696 -077.03645517  38.85347520 -077.03622410   1 102 
111  38.85333046 -077.03598299 
111  38.85408937 -077.03672140   1 102 
112  38.85380771 -077.03671638  38.85372556 -077.03677163 
111  38.85380771 -077.03671638 
112  38.85380771 -077.03671638  38.85374121 -077.03676661   1 102 
112  38.85343608 -077.03702280  38.85333437 -077.03717852 
111  38.85343608 -077.03702280 
112  38.85343608 -077.03702280  38.85338913 -077.03711321   1 102 
112  38.85326786 -077.03742466  38.85325613 -077.03750000 
111  38.85326786 -077.03742466 
112  38.85326786 -077.03742466  38.85324439 -077.03752512   1 102 
113  38.85338131 -077.03766075 
110   2 0.00  63.00 M hold area
111  38.85458853 -077.03394016   1 102 
111  38.85481542 -077.03437718   1 102 
111  38.85449855 -077.03518593   1 102 
113  38.85413083 -077.03522611 
110   1 0.00  63.00 Taxiway M east
111  38.85356751 -077.03556770   1 102 
112  38.85378658 -077.03549235  38.85382570 -077.03537681 
111  38.85378658 -077.03549235 
112  38.85378658 -077.03549235  38.85381397 -077.03542202   1 102 
111  38.85430687 -077.03411597   1 102 
112  38.85430687 -077.03392007  38.85427948 -077.03386481 
111  38.85430687 -077.03392007 
112  38.85430687 -077.03392007  38.85427948 -077.03382462   1 102 
111  38.85411910 -077.03380453 
111  38.85451029 -077.03355839   1 102 
111  38.85455332 -077.03369402   1 102 
111  38.85458853 -077.03394016 
111  38.85413083 -077.03522611   1 102 
112  38.85398218 -077.03557774  38.85395871 -077.03564304 
111  38.85398218 -077.03557774 
112  38.85398218 -077.03557774  38.85395088 -077.03568323   1 102 
113  38.85403695 -077.03601979 
110   1 0.00   0.00 taxi J nw
111  38.85983013 -077.04067135   1 102 
111  38.85950840 -077.04082629   1 102 
112  38.85942126 -077.04097262  38.85941121 -077.04106730   1 102 
111  38.85943467 -077.04127388 
111  38.85861023 -077.04047768   1 102 
112  38.85902580 -077.04041312  38.85908612 -077.04038730   1 102 
112  38.85916321 -077.04017211  38.85916321 -077.04008173   1 102 
111  38.85908248 -077.04003173 
113  38.85921233 -077.03996775 
110   2 0.00   0.00 New Taxiway 10
111  38.85832600 -077.04191985   1 102 
112  38.85904571 -077.04199694  38.85920010 -077.04153734 
111  38.85904571 -077.04199694 
112  38.85904571 -077.04199694  38.85913694 -077.04171757   1 102 
111  38.85889834 -077.04141117 
111  38.85952291 -077.04203298   1 102 
112  38.85937554 -077.04210508  38.85934045 -077.04230333   1 102 
112  38.85932641 -077.04265479  38.85934045 -077.04279898   1 102 
113  38.85959308 -077.04315044 
110   1 0.00   0.00 rnwy Hold K
111  38.84972973 -077.03996173 
111  38.84939369 -077.04116618 
111  38.84862630 -077.04150783 
111  38.84617432 -077.03944250   1 102 
111  38.84685414 -077.03904773   1 102 
112  38.84692673 -077.03885695  38.84674427 -077.03877585   1 102 
111  38.84604521 -077.03872299 
111  38.84744370 -077.03787842   1 102 
112  38.84730470 -077.03830922  38.84731746 -077.03849762   1 102 
111  38.84740542 -077.03854512   1 102 
111  38.84832399 -077.03860046   1 102 
112  38.84861488 -077.03821455  38.84862126 -077.03787051   1 102 
111  38.84845200 -077.03767251 
111  38.84939146 -077.03777320   1 102 
112  38.84896313 -077.03826612  38.84893761 -077.03870845   1 102 
111  38.84947711 -077.03876779   1 102 
111  38.85012191 -077.03884322   1 102 
112  38.85076670 -077.03886317  38.85079646 -077.03885935 
111  38.85076670 -077.03886317 
112  38.85076670 -077.03886317  38.85088277 -077.03884024   1 102 
111  38.85122070 -077.03837687   1 102 
112  38.85130219 -077.03812453  38.85128912 -077.03802941   1 102 
111  38.85115142 -077.03795220 
111  38.85313561 -077.03813030   1 102 
112  38.85270809 -077.03862958  38.85266847 -077.03897640 
111  38.85270809 -077.03862958 
112  38.85270809 -077.03862958  38.85268648 -077.03909662   1 102 
111  38.85313773 -077.03910278   1 102 
112  38.85441070 -077.03924228  38.85454034 -077.03923765 
111  38.85441070 -077.03924228 
112  38.85441070 -077.03924228  38.85468799 -077.03925615   1 102 
112  38.85493001 -077.03878269  38.85489039 -077.03846362 
111  38.85493001 -077.03878269 
112  38.85493001 -077.03878269  38.85489759 -077.03859310   1 102 
111  38.85453702 -077.03826050 
111  38.85538181 -077.03834599   1 102 
112  38.85526685 -077.03863851  38.85531367 -077.03878649   1 102 
112  38.85572300 -077.03933239  38.85581663 -077.03943413 
111  38.85572300 -077.03933239 
112  38.85572300 -077.03933239  38.85584904 -077.03941563   1 102 
111  38.85620722 -077.03936844   1 102 
112  38.85641489 -077.03919449  38.85642929 -077.03905114   1 102 
111  38.85633354 -077.03886380 
111  38.85736856 -077.03990679   1 102 
112  38.85716816 -077.03991762  38.85708894 -077.03996340   1 102 
112  38.85701530 -077.04020314  38.85700341 -077.04027945 
111  38.85701530 -077.04020314 
112  38.85701530 -077.04020314  38.85700341 -077.04030488   1 102 
111  38.85707401 -077.04031129   1 102 
111  38.85781802 -077.04035330 
111  38.85798369 -077.04052248 
111  38.85649681 -077.04046909 
111  38.85471164 -077.04030357 
111  38.85471164 -077.04030357 
113  38.85269955 -077.04022019 
111  38.85229826 -077.03823181  51 102 
111  38.85197581 -077.03819264  51 102 
112  38.85171001 -077.03860668  38.85169694 -077.03895358  51 102 
111  38.85193224 -077.03900953  51 102 
111  38.85221111 -077.03900394  51 102 
114  38.85244205 -077.03864025  38.85245077 -077.03834371  51 102 
111  38.85626091 -077.03977381  51 102 
112  38.85626632 -077.03990237  38.85630961 -077.03996143  51 102 
112  38.85661264 -077.04020116  38.85667757 -077.04020116 
111  38.85661264 -077.04020116 
112  38.85661264 -077.04020116  38.85667757 -077.04018726  51 102 
112  38.85681556 -077.03991974  38.85684262 -077.03984677  51 102 
113  38.85681556 -077.03975992  51 102 
110   1 0.00   0.00 New Taxiway 3
111  38.84502945 -077.03878451   1 102 
112  38.84496769 -077.03857235  38.84491365 -077.03850297   1 102 
111  38.84471320 -077.03852759   1 102 
111  38.84428066 -077.03861199   1 102 
112  38.84401279 -077.03900393  38.84401820 -077.03935611 
111  38.84401279 -077.03900393 
112  38.84401279 -077.03900393  38.84402091 -077.03921021   1 102 
111  38.84431154 -077.03921655 
111  38.84340065 -077.03977156   1 102 
111  38.84329086 -077.03947489 
111  38.84251451 -077.03724337   1 102 
111  38.84241632 -077.03708818 
111  38.84304555 -077.03712536   1 102 
112  38.84282941 -077.03738304  38.84286029 -077.03757135 
111  38.84282941 -077.03738304 
112  38.84282941 -077.03738304  38.84286029 -077.03751810   1 102 
111  38.84296447 -077.03771862   1 102 
112  38.84333889 -077.03807680  38.84359842 -077.03812887 
111  38.84333889 -077.03807680 
112  38.84333889 -077.03807680  38.84341188 -077.03809763   1 102 
112  38.84359363 -077.03810653  38.84363418 -077.03810653 
111  38.84359363 -077.03810653 
112  38.84359363 -077.03810653  38.84368690 -077.03810133   1 102 
111  38.84380206 -077.03780921   1 102 
112  38.84377890 -077.03732358  38.84376346 -077.03724429   1 102 
111  38.84351644 -077.03718482 
111  38.84448137 -077.03727402   1 102 
112  38.84405312 -077.03785876  38.84406084 -077.03823538 
111  38.84405312 -077.03785876 
112  38.84405312 -077.03785876  38.84407059 -077.03819474   1 102 
111  38.84454266 -077.03828077   1 102 
113  38.84572150 -077.03836422 
112  38.84323082 -077.03850297  38.84319222 -077.03855252   1 102 
111  38.84344696 -077.03917691   1 102 
112  38.84363223 -077.03928593  38.84376346 -077.03924628   1 102 
111  38.84374030 -077.03911744   1 102 
112  38.84368627 -077.03859217  38.84362451 -077.03852279 
111  38.84368627 -077.03859217 
114  38.84368627 -077.03859217  38.84359363 -077.03849306   1 102 
110   1 0.00   0.00 New Taxiway 2
111  38.86157871 -077.04401719 102 
112  38.86136083 -077.04431224  38.86130934 -077.04435802 102 
111  38.86107146 -077.04445423 
111  38.86011136 -077.04401566 
111  38.86010165 -077.04366272 102 
111  38.86103997 -077.04407823 102 
112  38.86122615 -077.04399684  38.86127369 -077.04389509 102 
113  38.86117465 -077.04364583 
110   1 0.00 322.00 Taxiway N south
111  38.85773719 -077.04132124 102 
111  38.85832600 -077.04191985 
111  38.85959308 -077.04315044 102 
111  38.86010165 -077.04366272 
111  38.86011136 -077.04401566 
111  38.85893249 -077.04284043 
111  38.85649681 -077.04046909 
111  38.85798369 -077.04052248 
111  38.85824537 -077.04077150   1 102 
114  38.85779620 -077.04086145  38.85766548 -077.04105170   1 102 
110   1 0.00 130.00 xxx
111  38.85160094 -077.03771534 
111  38.84963855 -077.03471234 
111  38.84979404 -077.03454480 
113  38.85175643 -077.03754780 
110   1 0.00  64.20 xxx
111  38.84895009 -077.03637389 
111  38.85025614 -077.03290481 
111  38.85043889 -077.03301825 
113  38.84913284 -077.03648732 
110   1 0.00  53.00 Ramp, south hangar/concourse A
111  38.84427963 -077.04700425 
111  38.84408931 -077.04668097 
111  38.84430154 -077.04339751 
112  38.84442419 -077.04325790  38.84450750 -077.04326458 
111  38.84452601 -077.04339906 
111  38.84490668 -077.04365465 
111  38.84531683 -077.04351942 102 
111  38.84521840 -077.04222099 
111  38.84525540 -077.04105760 102 
112  38.84530206 -077.04061107  38.84531017 -077.04052423 
111  38.84530206 -077.04061107 
112  38.84530206 -077.04061107  38.84532100 -077.04033317 102 
111  38.84504146 -077.04023346 
111  38.84544978 -077.03987198 102 
111  38.84570504 -077.03980116 102 
111  38.84617432 -077.03944250 
111  38.84862630 -077.04150783 
111  38.84836580 -077.04287664 
113  38.84531830 -077.04804413 
110   1 0.00 162.20 Commuter parking ramp
111  38.85967476 -077.04500270 
111  38.85783134 -077.04421088 
111  38.85783803 -077.04408267 
111  38.85702875 -077.04375259 
111  38.85692099 -077.04414287 
111  38.85639443 -077.04390269 
111  38.85705719 -077.04132949 
111  38.85471164 -077.04030357 
111  38.85649681 -077.04046909 
111  38.85767616 -077.04159595 
111  38.85740775 -077.04252219 
112  38.85877868 -077.04309732  38.85886161 -077.04312190 
111  38.85877868 -077.04309732 
112  38.85877868 -077.04309732  38.85900835 -077.04316286 
111  38.85893249 -077.04284043 
111  38.86011136 -077.04401566 
111  38.86016499 -077.04443533 
111  38.86084978 -077.04472414 
111  38.86098552 -077.04476359 
111  38.86021506 -077.04506769 
113  38.85972422 -077.04486135 
110   1 0.00 170.00 Taxiway C north
111  38.84504146 -077.04023346 102 
111  38.84400650 -077.03998043 
111  38.84487572 -077.03944083 102 
112  38.84496243 -077.03975101  38.84513226 -077.03983030 
111  38.84496243 -077.03975101 
112  38.84496243 -077.03975101  38.84507822 -077.03981048 102 
113  38.84544978 -077.03987198 
110   1 0.00  15.80 Taxiway J north
111  38.85945429 -077.03962183   1 102 
111  38.86032160 -077.03929805   1 102 
112  38.86038043 -077.03916376  38.86038043 -077.03909661   1 102 
111  38.86029110 -077.03889516 
111  38.86118001 -077.03897350   1 102 
111  38.86109973 -077.03926414 
111  38.85921233 -077.03996775 
111  38.85908248 -077.04003173 
111  38.85805615 -077.03993462 
111  38.85773736 -077.03963209   1 102 
113  38.85869064 -077.03971835 
110   1 0.00  24.93 shoulder
111  38.84640836 -077.03747394 
111  38.84710042 -077.03752207 
111  38.84655158 -077.03784134 
112  38.84652637 -077.03762786  38.84650545 -077.03756918 
111  38.84652637 -077.03762786 
114  38.84652637 -077.03762786  38.84650299 -077.03755971 
110   2 0.00  15.80 Hold area 19
111  38.85921233 -077.03996775 
111  38.86109973 -077.03926414 102 
111  38.86090661 -077.04027207 102 
113  38.85983013 -077.04067135 
110   1 0.00 288.28 Taxiway S east
111  38.85930083 -077.03876082   1 102 
112  38.85920233 -077.03894647  38.85920233 -077.03899555   1 102 
112  38.85935471 -077.03953351  38.85936618 -077.03954333   1 102 
111  38.85945429 -077.03962183 
111  38.85869064 -077.03971835   1 102 
112  38.85895472 -077.03950817  38.85898773 -077.03940278 
111  38.85895472 -077.03950817 
112  38.85895472 -077.03950817  38.85898737 -077.03944348   1 102 
112  38.85901934 -077.03926097  38.85901934 -077.03916773   1 102 
112  38.85897262 -077.03901017  38.85894969 -077.03898563   1 102 
113  38.85864582 -077.03869128 
110   1 0.00 336.10 Turn
111  38.85657202 -077.03848579 
111  38.85729801 -077.03855604 
112  38.85712538 -077.03874150  38.85709919 -077.03882978 
113  38.85711379 -077.03901600 
110   1 0.00 336.10 Turn
111  38.85466404 -077.03726574 
111  38.85528202 -077.03785654 
111  38.85451666 -077.03778854 
114  38.85468117 -077.03752387  38.85470862 -077.03743132 
110   2 0.00 164.00 Hold area N
111  38.86084978 -077.04472414 
111  38.86016499 -077.04443533 
111  38.86011136 -077.04401566 
113  38.86107146 -077.04445423 
110   5 0.00  88.10 Decomissioned taxiway
111  38.84378810 -077.03672595 
111  38.84386565 -077.03421584 
111  38.84424672 -077.03423207 
111  38.84423676 -077.03463651 
113  38.84417120 -077.03676398 
110   5 0.00 164.00 Decomissioned taxiway
112  38.84719820 -077.03666196  38.84713853 -077.03659419 
111  38.84719820 -077.03666196 
112  38.84719820 -077.03666196  38.84718329 -077.03665312 
112  38.84440702 -077.03453797  38.84437533 -077.03451763 
111  38.84440702 -077.03453797 
112  38.84440702 -077.03453797  38.84434364 -077.03449729 
111  38.84423676 -077.03463651 
111  38.84424672 -077.03423207 
111  38.84434783 -077.03425378 
111  38.84462916 -077.03439809 
111  38.84753790 -077.03664247 
112  38.84784737 -077.03680622  38.84799469 -077.03683144 
111  38.84824851 -077.03681864 
111  38.84791805 -077.03699060 
113  38.84711289 -077.03690615 
110   1 0.00  42.00 xxx
111  38.84874405 -077.03650782 
111  38.84934539 -077.03581258 
111  38.84952893 -077.03607432 
113  38.84892759 -077.03676956 
110   1 0.00  18.00 xxx
111  38.85020034 -077.03309054 
111  38.85048991 -077.03296972 
111  38.85055264 -077.03321760 
113  38.85026307 -077.03333842 
110   1 0.00  18.00 xxx
111  38.84954534 -077.03487354 
111  38.84983491 -077.03475273 
111  38.84989764 -077.03500060 
113  38.84960807 -077.03512141 
110   1 0.00  99.00 xxx
111  38.84979116 -077.03484702 
111  38.84974353 -077.03446088 
111  38.84988983 -077.03443112 
113  38.84993745 -077.03481726 
110   1 0.00 348.40 xxx
111  38.85030244 -077.03587442 
111  38.85068936 -077.03597640 
111  38.85064854 -077.03623172 
113  38.85026162 -077.03612973 
110   1 0.00  75.00 xxx
111  38.85008306 -077.03576916 
111  38.85016186 -077.03539152 
111  38.85035792 -077.03545898 
113  38.85027912 -077.03583661 
110   1 0.00  78.00 xxx
111  38.85059445 -077.03607770 
111  38.85065775 -077.03569529 
111  38.85078654 -077.03573044 
113  38.85072323 -077.03611285 
110   1 0.00 327.00 xxx
111  38.85129451 -077.03714491 
111  38.85154986 -077.03735784 
111  38.85140047 -077.03765323 
113  38.85114512 -077.03744030 
110   2 0.00  64.20 Hold area F
111  38.84914872 -077.03484854 
111  38.84976476 -077.03324349 
111  38.85015989 -077.03320697 
113  38.84937578 -077.03530528 
110   2 0.00 112.90 Hold area C
111  38.84282951 -077.03942805  51 102 
111  38.84228697 -077.03783936  51 102 
111  38.84243312 -077.03756052  51 102 
111  38.84251451 -077.03724337 
113  38.84329086 -077.03947489  51 102 
110   1 0.00   9.00 Turn
111  38.84856984 -077.03718126 
111  38.84905424 -077.03684439 
113  38.84910830 -077.03728270 
110   2 0.00 342.00 Concourse B ramp
111  38.84972973 -077.03996173 
111  38.85269955 -077.04022019 
111  38.85274638 -077.04257347 
113  38.84939369 -077.04116618 
110   2 0.00 342.00 Concourse C ramp
111  38.85471164 -077.04030357 
111  38.85705719 -077.04132949 
111  38.85639443 -077.04390269 
111  38.85635326 -077.04404967 
111  38.85274638 -077.04257347 
113  38.85269955 -077.04022019 
120 Apron border
111  38.84601191 -077.04538779   2 
111  38.84650441 -077.04454832   2 
112  38.84658084 -077.04421034  38.84657212 -077.04402572   2 
111  38.84646196 -077.04392688   2 
111  38.84573170 -077.04307651   2 
112  38.84552310 -077.04257414  38.84545338 -077.04230559   2 
111  38.84545148 -077.04189906   2 
112  38.84563829 -077.04114680  38.84584309 -077.04072160 
111  38.84563829 -077.04114680 
112  38.84563829 -077.04114680  38.84578209 -077.04081112   2 
111  38.84607985 -077.04057988   2 
111  38.84760829 -077.03964228   2 
112  38.84789700 -077.03954912  38.84809506 -077.03952138 
111  38.84789700 -077.03954912 
112  38.84789700 -077.03954912  38.84803384 -077.03952138   2 
111  38.84818570 -077.03954416   2 
111  38.85452026 -077.04024182   2 
111  38.85496181 -077.04035085   2 
111  38.85514801 -077.04043586   2 
112  38.85522004 -077.04052835  38.85524950 -077.04060822   2 
115  38.85523968 -077.04064185 
120 Linear Feature 20
111  38.84706266 -077.03934098  51 102 
111  38.84625597 -077.03987579  51 102 
112  38.84610834 -077.04009918  38.84613998 -077.04017365  51 102 
111  38.84647742 -077.04005180  51 102 
111  38.84691503 -077.03978778  51 102 
111  38.84715229 -077.03954407  51 102 
114  38.84721029 -077.03937483  38.84718920 -077.03932067  51 102 
120 Centerline
111  38.84534209 -077.04165145  51 101 
112  38.84563287 -077.04088441  38.84583886 -077.04056399  51 101 
111  38.84641183 -077.04024468  51 101 
112  38.84749255 -077.03957792  38.84753287 -077.03955420 
111  38.84749255 -077.03957792 
112  38.84749255 -077.03957792  38.84772874 -077.03943029  51 101 
115  38.84798349 -077.03939087 
120 Centerline
111  38.85764280 -077.04139127   1 101 
112  38.85761273 -077.04080984  38.85770833 -077.04057375 
111  38.85761273 -077.04080984 
112  38.85761273 -077.04080984  38.85769107 -077.04060145   1 101 
115  38.85791292 -077.04054131 
120 hole outline
112  38.85581853 -077.03994482  38.85579666 -077.04000899 
111  38.85581853 -077.03994482 
112  38.85581853 -077.03994482  38.85580500 -077.04001837  51 102 
112  38.85585911 -077.04007337  38.85587268 -077.04008275 
111  38.85585911 -077.04007337 
112  38.85585911 -077.04007337  38.85587685 -077.04008275  51 102 
112  38.85609991 -077.04011159  38.85612156 -077.04010812 
111  38.85609991 -077.04011159 
112  38.85609991 -077.04011159  38.85612156 -077.04010117  51 102 
111  38.85610533 -077.04008032  51 102 
112  38.85591864 -077.03988923  38.85589882 -077.03988120 
111  38.85591864 -077.03988923 
114  38.85591864 -077.03988923  38.85590612 -077.03988521  51 102 
120 Linear Feature 13
111  38.85327251 -077.04034400  51 101 
112  38.85340432 -077.04011178  38.85346173 -077.04006074 
111  38.85340432 -077.04011178 
112  38.85340432 -077.04011178  38.85348823 -077.04003238   1 101 
115  38.85362072 -077.04000119 
120 centerline
111  38.85279432 -077.04214156  51 101 
111  38.85327251 -077.04034400  51 101 
112  38.85322399 -077.04011263  38.85317321 -077.03999921 
111  38.85322399 -077.04011263 
112  38.85322399 -077.04011263  38.85319750 -077.04005025   1 101 
115  38.85306460 -077.03994069 
120 hole outline
112  38.85477224 -077.03961538  38.85466810 -077.03959107 
111  38.85477224 -077.03961538 
112  38.85477224 -077.03961538  38.85470124 -077.03959715   2 102 
112  38.85321987 -077.03946411  38.85315360 -077.03946411 
111  38.85321987 -077.03946411 
112  38.85321987 -077.03946411  38.85313467 -077.03946411   2 102 
112  38.85292880 -077.03958869  38.85292406 -077.03963731   2 102 
112  38.85315750 -077.03977555  38.85324743 -077.03978163 
111  38.85315750 -077.03977555 
112  38.85315750 -077.03977555  38.85324743 -077.03978163   2 102 
112  38.85466828 -077.03990903  38.85472508 -077.03990295 
111  38.85466828 -077.03990903 
112  38.85466828 -077.03990903  38.85476295 -077.03990903   2 102 
114  38.85503559 -077.03981115  38.85504505 -077.03973214   2 102 
120 hole outline
112  38.85094060 -077.03921987  38.85083646 -077.03919556 
111  38.85094060 -077.03921987 
112  38.85094060 -077.03921987  38.85086959 -077.03920164   2 102 
112  38.84938263 -077.03906141  38.84931636 -077.03906141 
111  38.84938263 -077.03906141 
112  38.84938263 -077.03906141  38.84929743 -077.03906141   2 102 
112  38.84909156 -077.03918599  38.84908683 -077.03923461   2 102 
112  38.84932026 -077.03937286  38.84941020 -077.03937893 
111  38.84932026 -077.03937286 
112  38.84932026 -077.03937286  38.84941020 -077.03937893   2 102 
112  38.85083105 -077.03952070  38.85088785 -077.03951462 
111  38.85083105 -077.03952070 
112  38.85083105 -077.03952070  38.85092572 -077.03952070   2 102 
114  38.85119835 -077.03940845  38.85120782 -077.03932944   2 102 
120 rnwy hold M at 1/19
111  38.85319354 -077.03698261   4 104 
115  38.85339305 -077.03710819 
120 rnwy hold M at 15/33
111  38.85354561 -077.03689722   4 104 
115  38.85328742 -077.03675154 
120 rnwy hold M at 15/33
111  38.85391490 -077.03515650   4 104 
115  38.85410300 -077.03528481 
120 rnwy hold M at 22
111  38.85469669 -077.03416013  54 104 
111  38.85449096 -077.03425449  54 104 
111  38.85440278 -077.03444696  54 104 
115  38.85422350 -077.03434129 
120 M hold area border
111  38.85426171 -077.03520178  52 
115  38.85468200 -077.03414126 
120 hole
112  38.85222381 -077.03954449  38.85222610 -077.03951804   1 102 
112  38.85202194 -077.03942077  38.85186858 -077.03940019   1 102 
112  38.85180227 -077.03951399  38.85179998 -077.03953457   1 102 
114  38.85199819 -077.03963772  38.85211036 -077.03964947   1 102 
120 divide line
111  38.86000799 -077.03969349  52 
112  38.85968905 -077.03980691  38.85967013 -077.03982016 
111  38.85968905 -077.03980691 
112  38.85968905 -077.03980691  38.85965810 -077.03982679  52 
112  38.85951731 -077.04002745  38.85947667 -077.04010576  52 
115  38.85940937 -077.04040552 
120 centerline K north
111  38.85958542 -077.03970661   1 101 
112  38.85940730 -077.03991454  38.85936610 -077.04000273 
111  38.85940730 -077.03991454 
112  38.85940730 -077.03991454  38.85936381 -077.03999979   1 101 
111  38.85930410 -077.04028799   1 101 
112  38.85912664 -077.04056607  38.85901676 -077.04061605 
111  38.85912664 -077.04056607 
112  38.85912664 -077.04056607  38.85906025 -077.04060135   1 101 
111  38.85878120 -077.04062846   1 101 
111  38.85625520 -077.04037203   1 101 
115  38.85497661 -077.04014735 
120 rnwy hold K south
111  38.85932312 -077.04244018   4 104 
111  38.85917556 -077.04245217   4 104 
115  38.85889844 -077.04218610 
120 rnwy hold J nw
111  38.85908783 -077.04037456   4 104 
111  38.85940414 -077.04040580   4 104 
115  38.85955823 -077.04079637 
120 centerline
111  38.84732429 -077.03896379   1 101 
112  38.84717500 -077.03878775  38.84714148 -077.03876037   1 101 
115  38.84703180 -077.03867431 
120 centerline K
111  38.85537988 -077.04062273   1 101 
112  38.85524415 -077.04029956  38.85516305 -077.04020062 
111  38.85524415 -077.04029956 
112  38.85524415 -077.04029956  38.85513872 -077.04017458   1 101 
111  38.85497661 -077.04014735   1 101 
115  38.84781745 -077.03937308 
120 centerline
111  38.84544042 -077.04068497   1 101 
112  38.84570849 -077.04013046  38.84582763 -077.03994880   1 101 
111  38.84612548 -077.03971935   1 101 
111  38.84749561 -077.03890669   1 101 
112  38.84770410 -077.03879197  38.84781580 -077.03876328   1 101 
115  38.84795728 -077.03877284 
120 centerline
111  38.84637239 -077.04406852   1 101 
111  38.84562906 -077.04312688   1 101 
112  38.84533173 -077.04232521  38.84530199 -077.04208344   1 101 
111  38.84537137 -077.04117997   1 101 
111  38.84544075 -077.04067098   1 101 
112  38.84539119 -077.04028923  38.84531191 -077.04011108   1 101 
111  38.84517315 -077.04004746   1 101 
111  38.84406311 -077.03978023   1 101 
112  38.84362702 -077.03966571  38.84348827 -077.03957664   1 101 
111  38.84331978 -077.03924579   1 101 
115  38.84290352 -077.03802425 
120 centerline
111  38.85554940 -077.03982612   1 101 
112  38.85566966 -077.03962260  38.85572574 -077.03956721   1 101 
115  38.85585714 -077.03953717 
120 centerline
111  38.85532906 -077.03949057   1 101 
112  38.85547574 -077.03959860  38.85552535 -077.03966784 
111  38.85547574 -077.03959860 
112  38.85547574 -077.03959860  38.85553397 -077.03967615   1 101 
115  38.85554940 -077.03982612 
120 hole outline
111  38.84658606 -077.03849968   1 102 
111  38.84704331 -077.03850315   1 102 
112  38.84690868 -077.03824305  38.84675943 -077.03822176 
111  38.84690868 -077.03824305 
112  38.84690868 -077.03824305  38.84683938 -077.03824350   1 102 
112  38.84654936 -077.03843457  38.84652576 -077.03844883 
111  38.84654936 -077.03843457 
112  38.84654936 -077.03843457  38.84653131 -077.03848270   1 102 
115  38.84658606 -077.03849968 
120 rnwy hold D
111  38.84737667 -077.03853161   4 104 
115  38.84690109 -077.03883692 
120 rnwy hold M
111  38.85170332 -077.03861206   4 104 
111  38.85131077 -077.03858232   4 104 
115  38.85122070 -077.03837687 
120 centerline G
111  38.85237253 -077.03784459   1 101 
112  38.85198908 -077.03793971  38.85188886 -077.03799566   1 101 
111  38.85167099 -077.03821388   1 101 
112  38.85155769 -077.03858316  38.85155769 -077.03876780   1 101 
112  38.85160127 -077.03889089  38.85164920 -077.03898041   1 101 
115  38.85186271 -077.03917065 
120 centerline M
111  38.85201967 -077.03779588   1 101 
112  38.85237345 -077.03804163  38.85246815 -077.03814933   1 101 
111  38.85256485 -077.03851824   1 101 
111  38.85257064 -077.03870441   1 101 
112  38.85269244 -077.03911400  38.85278443 -077.03921128   1 101 
115  38.85293603 -077.03927039 
120 centerline J north
111  38.86088658 -077.03895347   1 101 
112  38.86078640 -077.03917014  38.86072009 -077.03925530 
111  38.86078640 -077.03917014 
112  38.86078640 -077.03917014  38.86072641 -077.03925936   1 101 
111  38.86055442 -077.03933941   1 101 
111  38.85914667 -077.03986754   1 101 
111  38.85895686 -077.03988785   1 101 
115  38.85877759 -077.03985400 
120 Linear Feature 9
112  38.85141667 -077.03865484  38.85138728 -077.03863768   1 102 
112  38.85116551 -077.03896705  38.85118154 -077.03898420   1 102 
114  38.85142736 -077.03898077  38.85143537 -077.03895675   1 102 
120 rnwy hold M at 19/1
111  38.85270790 -077.03873223   4 104 
115  38.85243945 -077.03872382 
120 rnwy hold F
111  38.84896143 -077.03831767   4 104 
115  38.84860970 -077.03829556 
120 centerline F
111  38.84951446 -077.03754709   1 101 
112  38.84910033 -077.03770430  38.84899230 -077.03779215 
111  38.84910033 -077.03770430 
112  38.84910033 -077.03770430  38.84888426 -077.03787538   1 101 
111  38.84879063 -077.03821755   1 101 
111  38.84878343 -077.03832390   1 101 
112  38.84889506 -077.03868456  38.84897429 -077.03883715   1 101 
115  38.84922637 -077.03890189 
120 centerline D
111  38.84781745 -077.03937308   1 101 
112  38.84759706 -077.03932096  38.84752746 -077.03928372   1 101 
112  38.84739407 -077.03909011  38.84734727 -077.03900226 
111  38.84739407 -077.03909011 
112  38.84739407 -077.03909011  38.84729211 -077.03892840   1 101 
111  38.84720268 -077.03864331   1 101 
112  38.84715628 -077.03815183  38.84717368 -077.03801631   1 101 
112  38.84742887 -077.03760078  38.84751212 -077.03752750 
111  38.84742887 -077.03760078 
112  38.84742887 -077.03760078  38.84750885 -077.03751069   1 101 
111  38.84768405 -077.03744440   1 101 
115  38.84800884 -077.03739227 
120 line
111  38.84256965 -077.03779359  52 
115  38.84306750 -077.03924179 
120 rnwy hold J at 4/22
111  38.84447249 -077.03857302  54 104 
115  38.84448038 -077.03821626 
120 rnwy hold A at 4/22
111  38.84373281 -077.03877648  54 104 
115  38.84405308 -077.03879126 
120 rnwy hold A at 1/19
111  38.84405352 -077.03782044  54 104 
115  38.84380206 -077.03780921 
120 C rnwy hold at 1
111  38.84292740 -077.03764626  54 104 
111  38.84269590 -077.03776907  54 104 
115  38.84234354 -077.03774249 
120 C rnwy hold at 4
111  38.84281536 -077.03937638  54 104 
115  38.84340152 -077.03907015 
120 rnwy hold L
111  38.85701518 -077.04023021   4 104 
111  38.85687768 -077.04016295   4 104 
115  38.85675983 -077.04004523 
120 rnwy hold J at 15/33 s
111  38.85632176 -077.03976467   4 104 
111  38.85626903 -077.03971051   4 104 
115  38.85627430 -077.03935167 
120 rnwy hold J at 15/33 n
111  38.85873794 -077.03969780   4 104 
111  38.85879270 -077.03985155   4 104 
115  38.85879487 -077.04000279 
120 rnwy hold S
111  38.85929121 -077.03933204   4 104 
111  38.85920192 -077.03938069   4 104 
115  38.85900766 -077.03936331 
120 Centerline S/L
111  38.85855221 -077.03844747   1 101 
112  38.85887643 -077.03862590  38.85899994 -077.03870521   1 101 
111  38.85907713 -077.03896294   1 101 
111  38.85910801 -077.03921076   1 101 
112  38.85904625 -077.03962710  38.85897678 -077.03974605   1 101 
112  38.85876835 -077.03985509  38.85866800 -077.03985509   1 101 
111  38.85727079 -077.03966675   1 101 
112  38.85707780 -077.03971631  38.85697745 -077.03979562   1 101 
111  38.85694657 -077.03991457   1 101 
112  38.85690797 -077.04006326  38.85689445 -077.04010496   1 101 
111  38.85685394 -077.04019213   1 101 
112  38.85684622 -077.04041021  38.85686166 -077.04055891   1 101 
115  38.85693113 -077.04072742 
120 Linear Feature 2
111  38.85544993 -077.03917938   1 101 
111  38.85570746 -077.03952331   1 101 
111  38.85710662 -077.04087442   1 101 
112  38.85732912 -077.04122264  38.85735900 -077.04140714 
111  38.85732912 -077.04122264 
112  38.85732912 -077.04122264  38.85737444 -077.04149763  51 101 
111  38.85727172 -077.04177646  51 101 
115  38.85682399 -077.04355079 
120 Centerline K1/N
111  38.85439912 -077.03803204   1 101 
112  38.85470736 -077.03818796  38.85487549 -077.03829591   1 101 
111  38.85499692 -077.03849981   1 101 
111  38.85545460 -077.03918346   1 101 
112  38.85556382 -077.03965125  38.85556382 -077.03992713 
111  38.85556382 -077.03965125 
112  38.85556382 -077.03965125  38.85556382 -077.03993267   1 101 
111  38.85537988 -077.04062273  51 101 
115  38.85481945 -077.04280562 
120 Linear Feature 10
111  38.84458198 -077.03704407   1 101 
112  38.84417674 -077.03720632  38.84405474 -077.03732940 
111  38.84417674 -077.03720632 
112  38.84417674 -077.03720632  38.84401552 -077.03736856   1 101 
111  38.84395016 -077.03763709   1 101 
112  38.84391966 -077.03793920  38.84392625 -077.03810453 
111  38.84391966 -077.03793920 
112  38.84391966 -077.03793920  38.84392401 -077.03798395   1 101 
112  38.84401116 -077.03819655  38.84406345 -077.03828046   1 101 
115  38.84426389 -077.03839236 
120 centerline 1-A-J
111  38.85726875 -077.03966565   1 101 
111  38.85186994 -077.03917390   1 101 
111  38.84323932 -077.03828654   1 101 
112  38.84307119 -077.03822658  38.84299737 -077.03818597   1 101 
111  38.84290352 -077.03802425   1 101 
111  38.84266109 -077.03736247   1 101 
112  38.84266109 -077.03704431  38.84270854 -077.03690216   1 101 
115  38.84284563 -077.03686831 
120 centerline J
111  38.85539557 -077.03888849   4 104 
111  38.85531372 -077.03897257   4 104 
115  38.85492742 -077.03893894 
120 rnwy hold N
111  38.85773967 -077.04103108   4 104 
111  38.85715628 -077.04044378   4 104 
115  38.85715628 -077.04031892 
120 hole
111  38.84846803 -077.03910651   1 102 
112  38.84808270 -077.03893042  38.84788400 -077.03890439   1 102 
112  38.84767779 -077.03910651  38.84769401 -077.03920023   1 102 
114  38.84808270 -077.03921552  38.84823274 -077.03919990   1 102 
120 Linear Feature 1
111  38.86103962 -077.03956531  54 104 
111  38.86045491 -077.03949660  54 104 
111  38.86001161 -077.03966347  54 104 
115  38.85995676 -077.03943546 
14   38.85504249 -077.04405407  275 0 Tower Viewpoint
15   38.84600111 -077.04582747 320.00 South hangars
15   38.84857249 -077.04061307 230.00 Terminal A
15   38.85243274 -077.04164211 165.00 Terminal B, Gate 21
15   38.85154249 -077.04078507 340.00 Terminal B, Pier 1
15   38.85355849 -077.04188607 340.00 Terminal B, Pier 2
15   38.85559949 -077.04192207 341.00 Terminal B, Pier 3
15   38.85808049 -077.04329507 105.00 US Express pad
18   38.84290849 -077.04307607 1 Light beacon
19   38.84227149 -077.03936407 1 Windsock
19   38.85949849 -077.03912007 1 Windsock
20   38.84414542 -077.03782424  89.32  0 3 {@L}A{@R}19-1
20   38.84774813 -077.03908072 115.02  0 3 {@L}D{@Y,^ld}J{^ru}|P{^r}
20   38.84914076 -077.03918915  85.00  0 3 {@L}F{@@}F
20   38.84838383 -077.03909733  85.00  0 3 {@L}F{@@}F
20   38.84901873 -077.03832257  89.32  0 3 {@L}F{@R}19-1
20   38.84346562 -077.03861881 358.00  0 3 {@L}J{@Y,^l}A{^r}
20   38.84469516 -077.03820182 178.00  0 3 {@L}J{@Y,^l}A{^r}
20   38.85205445 -077.03893087 355.00  0 3 {@L}J{@Y}M{^ru}
20   38.85584980 -077.03996403  84.00  0 3 {@L}K1{@@}K1
20   38.85591412 -077.03993713 139.24  0 3 {@L}N{@@}N
20   38.84228252 -077.03776699 120.42  0 3 {@R}1
20   38.84295593 -077.03763110 120.42  0 3 {@R}1
20   38.85356904 -077.03691077  61.90  0 3 {@R}15-33
20   38.85715736 -077.04025720 355.14  0 3 {@R}15-33
20   38.85672244 -077.03999265  54.99  0 3 {@R}15-33
20   38.85626464 -077.03927248 355.50  0 3 {@R}15-33
20   38.86108673 -077.03957878  76.31  0 3 {@R}19
20   38.85993920 -077.03936643  15.00  0 3 {@R}19
20   38.85137135 -077.03883162  85.50  0 3 {@R}19-1
20   38.85236064 -077.03871006  85.50  0 3 {@R}19-1
20   38.84743454 -077.03845027 122.63  0 3 {@R}22-4
20   38.84679903 -077.03890924 175.50  0 3 {@R}22-4
20   38.84401245 -077.04075606  89.13  0 3 {@R}22-4
20   38.84344142 -077.03904204 294.92  0 3 {@R}4-22
20   38.84277696 -077.03939256 294.92  0 3 {@R}4-22
20   38.84365148 -077.03876440 266.57  0 3 {@R}4-22
20   38.84415285 -077.03879753 266.57  0 3 {@R}4-22
20   38.84446915 -077.03867258 355.50  0 3 {@R}4-22
20   38.85325036 -077.03906755 176.00  0 3 {@Y,^l}M|{^lu}H{@L}J
20   38.84405679 -077.04009189 302.54  0 3 {@Y,^lu}A|C{^ru}
50 13265 ATIS
51 12295 UNICOM
52 12825 CLNC DEL
53 12170 GND
54 11910 WASHINGTON TWR
54 12075 WASHINGTON TWR
55 11830 POTOMAC APP
55 11985 POTOMAC APP
55 12420 POTOMAC APP
55 12470 POTOMAC APP
56 11895 POTOMAC DEP
56 12105 POTOMAC DEP
56 12565 POTOMAC DEP
56 12655 POTOMAC DEP
