1      394 0 0 KDYL Doylestown
100   17.98   1   0 0.00 0 2 1 05   40.32978953 -075.12560317    0.00    0.00 2  0 0 0 23   40.33661447 -075.11906483    0.00    0.00 2  0 0 1
110   1 0.05  36.14 Default taxiway for RWY 05
111  40.32974314 -075.12551983   3 102 
111  40.32950321 -075.12508883   3 102 
111  40.33632833 -075.11855110   3 102 
111  40.33656826 -075.11898214 
112  40.33643757 -075.11910734  40.33650158 -075.11904236   3 102 
111  40.33644432 -075.11893948   3 102 
112  40.33636796 -075.11880231  40.33631070 -075.11869943   3 102 
111  40.33624536 -075.11876203   3 102 
111  40.33299617 -075.12187439   3 102 
111  40.33318838 -075.12221969 
111  40.33312303 -075.12228229   3 102 
111  40.33293082 -075.12193699   3 102 
112  40.32968163 -075.12504936  40.32961628 -075.12511195   3 102 
111  40.32967354 -075.12521482   3 102 
112  40.32974990 -075.12535198  40.32980716 -075.12545485   3 102 
113  40.32987384 -075.12539464 
120 Default hold RWY 05 (near)
111  40.32964637 -075.12534600   4 
115  40.32971172 -075.12528340 
120 Default hold RWY 05 (centre)
111  40.33302626 -075.12210845   4 
115  40.33309161 -075.12204585 
120 Default hold RWY 05 (far)
111  40.33640614 -075.11887090   4 
115  40.33647149 -075.11880830 
15   40.33502600 -075.12226900 126.00 Terminal
18   40.33353422 -075.12293403 1 BCN
19   40.32980118 -075.12598408 1 WS
19   40.33660280 -075.11868388 1 WS
50 11887 ASOS
51 12297 CTAF/UNICOM
52 11855 CLNC DEL
55 12380 PHILADELPHIA APP/DEP
