1       80 1 1 KEWB NEW BEDFORD RGNL
100   45.72   1   0 0.25 0 2 0 14   41.68029700 -070.96393600    0.00    0.00 2  0 0 0 32   41.67176100 -070.94960800    0.00    0.00 2  0 0 1
100   45.72   1   0 0.25 0 3 0 05   41.67168900 -070.96451700    0.00    0.00 3  8 0 0 23   41.68243100 -070.95313900  125.88    0.00 2  8 0 0
21   41.67989740 -070.95518000  1 218.35   3.00 23  VASI
21   41.67258895 -070.95180611  1 308.58   3.00 32  VASI
110   1 0.30  38.35 Default taxiway for RWY 05
111  41.67156277 -070.96430336   3 102 
111  41.67092323 -070.96322098   3 102 
111  41.68166579 -070.95184466   3 102 
111  41.68230533 -070.95292722 
112  41.68198264 -070.95326894  41.68214258 -070.95309572   3 102 
111  41.68198943 -070.95283647   3 102 
112  41.68178522 -070.95249081  41.68163207 -070.95223156   3 102 
111  41.68147073 -070.95240243   3 102 
111  41.67650281 -070.95766341   3 102 
111  41.67701472 -070.95852986 
111  41.67685338 -070.95870072   3 102 
111  41.67634147 -070.95783427   3 102 
112  41.67137356 -070.96309525  41.67121221 -070.96326612   3 102 
111  41.67136536 -070.96352532   3 102 
112  41.67156957 -070.96387093  41.67172272 -070.96413014   3 102 
113  41.67188547 -070.96396163 
110   1 0.30 128.57 Default taxiway for RWY 14
111  41.68013792 -070.96410586   3 102 
111  41.67933196 -070.96496645   3 102 
111  41.67079685 -070.95063641   3 102 
111  41.67160281 -070.94977594 
112  41.67185935 -070.95020665  41.67172932 -070.94999317   3 102 
111  41.67153631 -070.95019923   3 102 
112  41.67127897 -070.95047398  41.67108596 -070.95068004   3 102 
111  41.67121423 -070.95089540   3 102 
111  41.67516111 -070.95752202   3 102 
111  41.67580623 -070.95683322 
111  41.67593450 -070.95704858   3 102 
111  41.67528938 -070.95773738   3 102 
112  41.67923626 -070.96436399  41.67936453 -070.96457935   3 102 
111  41.67955754 -070.96437326   3 102 
112  41.67981488 -070.96409848  41.68000789 -070.96389239   3 102 
113  41.67988138 -070.96367515 
120 Default hold RWY 05 (near)
111  41.67130611 -070.96386899   4 
115  41.67146746 -070.96369813 
120 Default hold RWY 14 (near)
111  41.67981448 -070.96445122   4 
115  41.67968621 -070.96423587 
120 Default hold RWY 05 (centre)
111  41.67659672 -070.95826632   4 
115  41.67675806 -070.95809545 
120 Default hold RWY 14 (centre)
111  41.67561106 -070.95739392   4 
115  41.67548279 -070.95717856 
120 Default hold RWY 05 (far)
111  41.68188732 -070.95266364   4 
115  41.68204867 -070.95249278 
120 Default hold RWY 14 (far)
111  41.67140764 -070.95033661   4 
115  41.67127937 -070.95012125 
18   41.67715584 -070.95556981 1 BCN
19   41.67174919 -070.96550674 1 WS
19   41.68103606 -070.96385148 1 WS
19   41.68237071 -070.95214911 1 WS
19   41.67102195 -070.94969267 1 WS
50 12685 ATIS
51 11810 CTAF
51 12295 UNICOM
53 12190 GND
54 11810 TWR
55 12870 PROVIDENCE APP/DEP
