1      733 0 0 KEXX Davidson Co
100   29.87   1   0 0.25 0 2 0 06   35.77702888 -080.31081597    0.00    0.00 3  0 0 1 24   35.78573198 -080.29777407    0.00    0.00 2  0 0 1
21   35.78347470 -080.30056094  2 232.60   3.00 06  PAPI-4L
21   35.77906375 -080.30832764  2  52.60   3.50 24  PAPI-4L
110   1 0.25   0.00 GA Twy
111  35.78210162 -080.29953493   3 
111  35.78141167 -080.30060879 
112  35.78141167 -080.30060879  35.78138118 -080.30065679   3 
112  35.78142050 -080.30073160  35.78144878 -080.30076596 
111  35.78142050 -080.30073160 
111  35.78126087 -080.30057341 
111  35.78124143 -080.30054777 
112  35.78124143 -080.30054777  35.78127380 -080.30057691   3 
112  35.78132131 -080.30053160  35.78133609 -080.30050804 
111  35.78132131 -080.30053160   3 
111  35.78142219 -080.30037392 
111  35.78154829 -080.30017682   3 
111  35.78165421 -080.30001125 
111  35.78178536 -080.29980626   3 
111  35.78196694 -080.29952243 
112  35.78196694 -080.29952243  35.78198591 -080.29949316   3 
112  35.78196527 -080.29941849  35.78193971 -080.29938803 
113  35.78196527 -080.29941849 
110   1 0.25   0.00 GA Twy
112  35.78164697 -080.29993462  35.78162236 -080.29990987 
111  35.78164697 -080.29993462   3 
111  35.78062331 -080.29889326 
112  35.78062331 -080.29889326  35.78057526 -080.29884729   3 
111  35.78052963 -080.29887186 
111  35.78048786 -080.29874725   3 
111  35.78056281 -080.29871225 
112  35.78056281 -080.29871225  35.78060404 -080.29869757   3 
112  35.78068668 -080.29878242  35.78073423 -080.29883202 
111  35.78068668 -080.29878242   3 
111  35.78170564 -080.29981897 
112  35.78170564 -080.29981897  35.78172908 -080.29984281   3 
112  35.78178536 -080.29980626  35.78181048 -080.29977524 
111  35.78178536 -080.29980626 
111  35.78165421 -080.30001125 
114  35.78165421 -080.30001125  35.78166637 -080.29999107   3 
110   1 0.25   0.00 GA Twy
112  35.78140769 -080.30029917  35.78138308 -080.30027441 
111  35.78140769 -080.30029917   3 
111  35.78026051 -080.29912869 
112  35.78026051 -080.29912869  35.78022206 -080.29909036   3 
112  35.78015634 -080.29913739  35.78012802 -080.29917170 
111  35.78015634 -080.29913739 
111  35.78036483 -080.29898294 
112  35.78036483 -080.29898294  35.78034884 -080.29902743   3 
112  35.78037903 -080.29908776  35.78039791 -080.29910635 
111  35.78037903 -080.29908776   3 
111  35.78147101 -080.30018734 
112  35.78147101 -080.30018734  35.78149445 -080.30021119   3 
112  35.78154829 -080.30017682  35.78157341 -080.30014580 
111  35.78154829 -080.30017682 
111  35.78142219 -080.30037392 
114  35.78142219 -080.30037392  35.78143435 -080.30035374   3 
110   1 0.25   0.00 GA Twy
112  35.78116078 -080.30064142  35.78113618 -080.30061667 
111  35.78116078 -080.30064142   3 
111  35.78001828 -080.29948125 
112  35.78001828 -080.29948125  35.77997983 -080.29944292   3 
112  35.77991024 -080.29948273  35.77988192 -080.29951703 
111  35.77991024 -080.29948273 
111  35.78005798 -080.29926059 
112  35.78005798 -080.29926059  35.78004199 -080.29930508   3 
112  35.78007278 -080.29935925  35.78009166 -080.29937784 
111  35.78007278 -080.29935925   3 
111  35.78124143 -080.30054777 
111  35.78126087 -080.30057341 
111  35.78116906 -080.30071496 
114  35.78116906 -080.30071496  35.78118122 -080.30069478   3 
110   1 0.25   0.00 GA Twy
112  35.78057728 -080.30128412  35.78055721 -080.30126403 
111  35.78057728 -080.30128412   3 
111  35.77950622 -080.30019474 
112  35.77950622 -080.30019474  35.77946777 -080.30015641   3 
112  35.77947089 -080.29990038  35.77956572 -080.29975845 
111  35.77947089 -080.29990038 
111  35.77955737 -080.29998456 
112  35.77955737 -080.29998456  35.77954138 -080.30002906   3 
112  35.77957027 -080.30008459  35.77958914 -080.30010319 
111  35.77957027 -080.30008459   3 
111  35.78068043 -080.30122160 
112  35.78068043 -080.30122160  35.78070084 -080.30118852 
111  35.78059497 -080.30134877 
114  35.78059497 -080.30134877  35.78060713 -080.30132859   3 
110   1 0.25   0.00 GA Twy
112  35.78091061 -080.30098667  35.78088600 -080.30096191 
111  35.78091061 -080.30098667   3 
111  35.77975850 -080.29981853 
112  35.77975850 -080.29981853  35.77972005 -080.29978020   3 
112  35.77966394 -080.29983315  35.77963562 -080.29986746 
111  35.77966394 -080.29983315 
111  35.77981782 -080.29961454 
112  35.77981782 -080.29961454  35.77980183 -080.29965904   3 
112  35.77984168 -080.29972815  35.77986056 -080.29974674 
111  35.77984168 -080.29972815   3 
111  35.78097855 -080.30088144 
112  35.78097855 -080.30088144  35.78100199 -080.30090528   3 
112  35.78106101 -080.30087470  35.78108613 -080.30084368 
111  35.78106101 -080.30087470 
111  35.78092845 -080.30107110 
114  35.78092845 -080.30107110  35.78094061 -080.30105092   3 
110   1 0.25   0.00 Apron
111  35.78196527 -080.29941849 
111  35.78175085 -080.29921669 
111  35.78210571 -080.29868608 
111  35.78211377 -080.29865087 
111  35.78210111 -080.29861418 
111  35.78216646 -080.29850786 
111  35.78224563 -080.29860256 
112  35.78224563 -080.29860256  35.78227025 -080.29862978 
112  35.78235466 -080.29860129  35.78239345 -080.29854465 
111  35.78235466 -080.29860129 
111  35.78262706 -080.29814713 
111  35.78287073 -080.29838920 
111  35.78250047 -080.29892237 
113  35.78210162 -080.29953493 
110   1 0.25   0.00 Apron
111  35.78042901 -080.30356832   3 102 
111  35.78000049 -080.30312614   3 106 
111  35.77944445 -080.30309392   3 106 
111  35.77937791 -080.30301191 
111  35.77941118 -080.30296212   3 106 
111  35.77945633 -080.30297969   3 106 
111  35.77952049 -080.30296505   3 106 
111  35.77972009 -080.30273366   3 106 
111  35.77985554 -080.30244075 
112  35.77985554 -080.30244075  35.77987414 -080.30240955   3 106 
112  35.77985358 -080.30235187  35.77983343 -080.30232996 
111  35.77985358 -080.30235187   3 106 
111  35.77979531 -080.30229329   3 106 
111  35.77991766 -080.30210825 
111  35.78016040 -080.30176481   3 106 
111  35.78029650 -080.30156768 
111  35.78046488 -080.30132742   3 102 
111  35.78055033 -080.30142155   3 102 
111  35.78059497 -080.30134877 
111  35.78068043 -080.30122160   3 102 
111  35.78071905 -080.30126052 
112  35.78071905 -080.30126052  35.78073544 -080.30127344   3 102 
112  35.78080452 -080.30125151  35.78083591 -080.30120891 
111  35.78080452 -080.30125151   3 102 
111  35.78092845 -080.30107110 
111  35.78106101 -080.30087470   3 102 
111  35.78116906 -080.30071496 
111  35.78126087 -080.30057341 
111  35.78142050 -080.30073160   3 102 
111  35.78196790 -080.30127343   3 106 
111  35.78151391 -080.30194570 
111  35.78136055 -080.30217743   3 106 
113  35.78053366 -080.30342982 
110   1 0.25   0.00 Twy F
111  35.77823614 -080.30657790 
112  35.77823614 -080.30657790  35.77820452 -080.30662007   3 102 
112  35.77823558 -080.30669386  35.77826404 -080.30673719 
111  35.77823558 -080.30669386   3 102 
111  35.77838051 -080.30686641 
112  35.77838051 -080.30686641  35.77843995 -080.30692683   3 102 
112  35.77853439 -080.30686196  35.77856414 -080.30682027 
111  35.77853439 -080.30686196 
111  35.77832447 -080.30717698 
112  35.77832447 -080.30717698  35.77836150 -080.30712128   3 102 
112  35.77831454 -080.30698919  35.77825633 -080.30692767 
111  35.77831454 -080.30698919   3 102 
111  35.77777693 -080.30644680   3 102 
111  35.77784532 -080.30634089 
111  35.77858300 -080.30524399   3 102 
111  35.77900658 -080.30461136   3 102 
111  35.77934489 -080.30495242 
113  35.77924094 -080.30510481   3 102 
110   1 0.25   0.00 Twy C
112  35.78151529 -080.30207037  35.78153646 -080.30209770 
111  35.78151529 -080.30207037   3 102 
111  35.78155320 -080.30211230 
112  35.78155320 -080.30211230  35.78161257 -080.30217282   3 102 
112  35.78170720 -080.30210196  35.78173700 -080.30206032 
111  35.78170720 -080.30210196 
111  35.78149728 -080.30241698 
112  35.78149728 -080.30241698  35.78153438 -080.30236134   3 102 
112  35.78148937 -080.30222283  35.78143124 -080.30216120 
111  35.78148937 -080.30222283   3 102 
111  35.78144260 -080.30216969 
112  35.78144260 -080.30216969  35.78142345 -080.30214858   3 102 
112  35.78136055 -080.30217743  35.78133435 -080.30221221 
111  35.78136055 -080.30217743 
111  35.78151391 -080.30194570 
114  35.78151391 -080.30194570  35.78147662 -080.30202645   3 102 
110   1 0.25   0.00 Twy D
111  35.78053366 -080.30342982 
112  35.78053366 -080.30342982  35.78051369 -080.30346362   3 102 
112  35.78054138 -080.30351726  35.78056086 -080.30354326 
111  35.78054138 -080.30351726   3 102 
111  35.78058326 -080.30355946 
112  35.78058326 -080.30355946  35.78064263 -080.30361998   3 102 
112  35.78073726 -080.30354912  35.78076706 -080.30350748 
111  35.78073726 -080.30354912 
111  35.78052733 -080.30386414 
112  35.78052733 -080.30386414  35.78056443 -080.30380850   3 102 
112  35.78051943 -080.30366999  35.78046129 -080.30360836 
111  35.78051943 -080.30366999   3 102 
113  35.78042901 -080.30356832 
110   1 0.25   0.00 Twy E
111  35.77934489 -080.30495242   3 102 
111  35.77953497 -080.30513969 
112  35.77953497 -080.30513969  35.77959434 -080.30520021   3 102 
112  35.77968897 -080.30512935  35.77971877 -080.30508771 
111  35.77968897 -080.30512935 
111  35.77947905 -080.30544437 
112  35.77947905 -080.30544437  35.77951615 -080.30538873   3 102 
112  35.77947114 -080.30525021  35.77941301 -080.30518859 
111  35.77947114 -080.30525021   3 102 
111  35.77932839 -080.30509234 
112  35.77932839 -080.30509234  35.77930257 -080.30506565   3 102 
112  35.77924094 -080.30510481  35.77922124 -080.30513192 
113  35.77924094 -080.30510481 
110   1 0.25   0.00 Twy F
111  35.77890075 -080.30774466 
112  35.77890075 -080.30774466  35.77893598 -080.30768044   3 102 
112  35.77887756 -080.30755719  35.77881737 -080.30749495 
111  35.77887756 -080.30755719   3 102 
111  35.77856837 -080.30724414 
112  35.77856837 -080.30724414  35.77850863 -080.30718418   3 102 
112  35.77840925 -080.30726282  35.77837971 -080.30730474 
111  35.77840925 -080.30726282 
111  35.77861918 -080.30694780 
112  35.77861918 -080.30694780  35.77858242 -080.30700379   3 102 
112  35.77863152 -080.30713302  35.77869003 -080.30719409 
111  35.77863152 -080.30713302   3 102 
111  35.77894909 -080.30745491 
112  35.77894909 -080.30745491  35.77900360 -080.30750957   3 102 
112  35.77911109 -080.30742962  35.77916121 -080.30735837 
113  35.77911109 -080.30742962 
110   1 0.25   0.00 Twy D
111  35.78111804 -080.30442209 
112  35.78111804 -080.30442209  35.78115327 -080.30435786   3 102 
112  35.78109479 -080.30423456  35.78103460 -080.30417232 
111  35.78109479 -080.30423456   3 102 
111  35.78078560 -080.30392150 
112  35.78078560 -080.30392150  35.78072586 -080.30386154   3 102 
112  35.78061345 -080.30395511  35.78059049 -080.30398254 
111  35.78061345 -080.30395511 
111  35.78084086 -080.30361383 
112  35.78084086 -080.30361383  35.78080411 -080.30366982   3 102 
112  35.78084874 -080.30381038  35.78090726 -080.30387146 
111  35.78084874 -080.30381038   3 102 
111  35.78116631 -080.30413227 
112  35.78116631 -080.30413227  35.78122083 -080.30418693   3 102 
112  35.78132837 -080.30410697  35.78137849 -080.30403571 
113  35.78132837 -080.30410697 
110   1 0.25   0.00 Twy B
111  35.78380635 -080.30039346 
112  35.78380635 -080.30039346  35.78384158 -080.30032923   3 102 
112  35.78378316 -080.30020599  35.78372297 -080.30014375 
111  35.78378316 -080.30020599   3 102 
111  35.78347397 -080.29989294 
112  35.78347397 -080.29989294  35.78341423 -080.29983297   3 102 
112  35.78330746 -080.29991234  35.78328450 -080.29993977 
111  35.78330746 -080.29991234 
111  35.78351738 -080.29959732 
112  35.78351738 -080.29959732  35.78348063 -080.29965330   3 102 
112  35.78353711 -080.29978181  35.78359563 -080.29984289 
111  35.78353711 -080.29978181   3 102 
111  35.78385468 -080.30010371 
112  35.78385468 -080.30010371  35.78390920 -080.30015837   3 102 
112  35.78401658 -080.30007832  35.78406669 -080.30000707 
113  35.78401658 -080.30007832 
110   1 0.25   0.00 Twy A
111  35.77649882 -080.31037147 
112  35.77649882 -080.31037147  35.77632922 -080.31020203   3 102 
111  35.77650514 -080.30990716 
112  35.77650514 -080.30990716  35.77642123 -080.31003259   3 102 
111  35.77832447 -080.30717698 
111  35.77853439 -080.30686196   3 102 
111  35.77947905 -080.30544437 
111  35.77968897 -080.30512935   3 102 
111  35.78052866 -080.30386926 
111  35.78077357 -080.30350174   3 102 
111  35.78150830 -080.30239916 
111  35.78170073 -080.30211040   3 102 
111  35.78490999 -080.29729443 
112  35.78490999 -080.29729443  35.78506607 -080.29706295   3 102 
112  35.78529394 -080.29724795  35.78538905 -080.29734715 
111  35.78529394 -080.29724795   3 102 
111  35.78586582 -080.29784078   3 102 
111  35.78583767 -080.29788177 
111  35.78562625 -080.29766717 
111  35.78553797 -080.29779872 
112  35.78553797 -080.29779872  35.78557045 -080.29774123   3 102 
112  35.78552169 -080.29766916  35.78548671 -080.29763014 
111  35.78552169 -080.29766916   3 102 
111  35.78544425 -080.29757978   3 102 
111  35.78520080 -080.29732885 
112  35.78520080 -080.29732885  35.78516422 -080.29729127   3 102 
112  35.78508098 -080.29732018  35.78502977 -080.29735174 
111  35.78508098 -080.29732018   3 102 
111  35.78498684 -080.29739217   3 102 
111  35.78351738 -080.29959732 
111  35.78330746 -080.29991234   3 102 
111  35.78084086 -080.30361383 
111  35.78061345 -080.30395511   3 102 
111  35.77861918 -080.30694780 
111  35.77840925 -080.30726282   3 102 
111  35.77658992 -080.30999300   3 102 
112  35.77658649 -080.31028501  35.77669004 -080.31039284 
111  35.77658649 -080.31028501   3 102 
111  35.77686316 -080.31056219 
112  35.77686316 -080.31056219  35.77692746 -080.31062149   3 102 
111  35.77702177 -080.31056333 
111  35.77692608 -080.31070808 
111  35.77713479 -080.31092254   3 102 
113  35.77706003 -080.31093407   3 102 
120 Hold Line
111  35.78515951 -080.29730084   4 
115  35.78517869 -080.29716012 
120 Hold Line
112  35.78343422 -080.29986713  35.78343544 -080.29986563   4 
115  35.78351101 -080.29974680 
120 Hold Line
112  35.78074093 -080.30389700  35.78074742 -080.30389500   4 
115  35.78082370 -080.30377296 
120 Hold Line
111  35.77853239 -080.30721836   4 
115  35.77860999 -080.30710222 
120 Hold Line
112  35.77643863 -080.31027142  35.77644051 -080.31027026   4 
115  35.77654723 -080.31021347 
120 GA Stripe
111  35.78210973 -080.29940819   1 
111  35.78184756 -080.29982107   1 
111  35.78169116 -080.30006179   1 
111  35.78158652 -080.30022518   1 
111  35.78145571 -080.30042943   1 
111  35.78136415 -080.30057241   1 
111  35.78121283 -080.30075585   1 
111  35.78109794 -080.30092466   1 
111  35.78096008 -080.30112722   1 
111  35.78084519 -080.30129602   1 
111  35.78070732 -080.30149859   1 
111  35.78038564 -080.30197124   1 
111  35.78020182 -080.30224132   1 
111  35.77990683 -080.30267339 
112  35.77990683 -080.30267339  35.77985554 -080.30274761   1 
112  35.77991948 -080.30294251  35.77996216 -080.30299211 
111  35.77991948 -080.30294251   1 
115  35.78000228 -080.30303495 
120 GA Stripe
112  35.78184756 -080.29982107  35.78178723 -080.29991167   1 
112  35.78165797 -080.29985770  35.78160525 -080.29980874 
111  35.78165797 -080.29985770   1 
115  35.78064605 -080.29882869 
120 GA Stripe
112  35.78158652 -080.30022518  35.78155399 -080.30027588   1 
112  35.78143674 -080.30023946  35.78140046 -080.30020344 
111  35.78143674 -080.30023946   1 
111  35.78032963 -080.29911405 
112  35.78032963 -080.29911405  35.78027407 -080.29905768   1 
116  35.78033509 -080.29891849  35.78037674 -080.29888872 
120 GA Stripe
111  35.78191756 -080.30132446   1 
111  35.78139125 -080.30078781   1 
111  35.78118657 -080.30057912   1 
111  35.78004624 -080.29941639 
112  35.78004624 -080.29941639  35.78000797 -080.29937751   1 
116  35.78000843 -080.29923957  35.78003894 -080.29919558 
120 GA Stripe
111  35.78087789 -080.30151319   1 
111  35.78066915 -080.30129934   1 
115  35.77954199 -080.30014458 
120 GA Stripe
111  35.78168036 -080.30167324   1 
111  35.78112335 -080.30111031   1 
111  35.78091813 -080.30090292   1 
111  35.77980409 -080.29977706 
112  35.77980409 -080.29977706  35.77977478 -080.29974657   1 
116  35.77977478 -080.29957218  35.77982333 -080.29949877 
120 Linear Feature 17
112  35.78039376 -080.30221926  35.78031369 -080.30213774   1 
116  35.78020182 -080.30224132  35.78015582 -080.30230866 
120 Linear Feature 16
111  35.78092753 -080.30277761   1 
111  35.78039376 -080.30221926 
112  35.78039376 -080.30221926  35.78032693 -080.30214343   1 
116  35.78038564 -080.30197124  35.78042810 -080.30191027 
120 Linear Feature 15
112  35.78139125 -080.30078781  35.78147553 -080.30086329 
111  35.78139125 -080.30078781 
112  35.78139125 -080.30078781  35.78131486 -080.30069604   1 
112  35.78136415 -080.30057241  35.78140838 -080.30049816 
111  35.78136415 -080.30057241 
112  35.78136415 -080.30057241  35.78131358 -080.30063835   1 
112  35.78118657 -080.30057912  35.78113669 -080.30053532 
111  35.78118657 -080.30057912 
112  35.78118657 -080.30057912  35.78122940 -080.30062724   1 
112  35.78121283 -080.30075585  35.78117703 -080.30082001 
111  35.78121283 -080.30075585 
114  35.78121283 -080.30075585  35.78125462 -080.30070076   1 
120 Linear Feature 15
112  35.78112335 -080.30111031  35.78118333 -080.30116666 
111  35.78112335 -080.30111031 
112  35.78112335 -080.30111031  35.78105936 -080.30103957   1 
112  35.78109794 -080.30092466  35.78112251 -080.30088483 
111  35.78109794 -080.30092466 
112  35.78109794 -080.30092466  35.78104375 -080.30099697   1 
112  35.78091813 -080.30090292  35.78086824 -080.30085911 
111  35.78091813 -080.30090292 
112  35.78091813 -080.30090292  35.78096096 -080.30095104   1 
112  35.78096008 -080.30112722  35.78090928 -080.30121241 
111  35.78096008 -080.30112722 
114  35.78096008 -080.30112722  35.78100187 -080.30107213   1 
120 Linear Feature 15
112  35.78087789 -080.30151319  35.78096217 -080.30158866 
111  35.78087789 -080.30151319 
112  35.78087789 -080.30151319  35.78080149 -080.30142141   1 
112  35.78084519 -080.30129602  35.78088941 -080.30122177 
111  35.78084519 -080.30129602 
112  35.78084519 -080.30129602  35.78079462 -080.30136197   1 
112  35.78066915 -080.30129934  35.78061926 -080.30125554 
111  35.78066915 -080.30129934 
112  35.78066915 -080.30129934  35.78071198 -080.30134747   1 
112  35.78070732 -080.30149859  35.78067152 -080.30156275 
111  35.78070732 -080.30149859 
114  35.78070732 -080.30149859  35.78074912 -080.30144349   1 
120 Linear Feature 14
112  35.78145571 -080.30042943  35.78150333 -080.30035189   1 
116  35.78143674 -080.30023946  35.78139269 -080.30019497 
120 Linear Feature 14
112  35.78169116 -080.30006179  35.78173877 -080.29998424   1 
116  35.78165797 -080.29985770  35.78160084 -080.29980268 
120 Linear Feature 13
112  35.78032963 -080.29911405  35.78026103 -080.29903688   1 
116  35.78011010 -080.29909652  35.78003678 -080.29917627 
120 Linear Feature 13
112  35.78004624 -080.29941639  35.77999413 -080.29936447   1 
116  35.77988637 -080.29941334  35.77984092 -080.29947346 
120 Linear Feature 13
112  35.77980409 -080.29977706  35.77975199 -080.29972513   1 
116  35.77964225 -080.29976089  35.77959680 -080.29982101 
120 Linear Feature 12
112  35.77954199 -080.30014458  35.77947733 -080.30007858   1 
112  35.77952019 -080.29993466  35.77955974 -080.29987674 
111  35.77952019 -080.29993466   1 
111  35.77964225 -080.29976089   1 
111  35.77977478 -080.29957218   1 
111  35.77988637 -080.29941334   1 
111  35.78000843 -080.29923957   1 
111  35.78011010 -080.29909652 
112  35.78011010 -080.29909652  35.78015522 -080.29903639   1 
111  35.78025271 -080.29897508   1 
111  35.78033509 -080.29891849   1 
111  35.78050934 -080.29880974 
112  35.78050934 -080.29880974  35.78055700 -080.29877968   1 
116  35.78064605 -080.29882869  35.78070047 -080.29888335 
120 Linear Feature 11
111  35.77955737 -080.29998456   3 
111  35.77966394 -080.29983315 
111  35.77981782 -080.29961454   3 
111  35.77991024 -080.29948273 
111  35.78005798 -080.29926059   3 
111  35.78015634 -080.29913739 
111  35.78036483 -080.29898294   3 
111  35.78052963 -080.29887186 
111  35.78048786 -080.29874725   3 
111  35.78027579 -080.29888783 
112  35.78027579 -080.29888783  35.78022820 -080.29891982   3 
112  35.78006524 -080.29905444  35.78002428 -080.29911277 
111  35.78006524 -080.29905444   3 
113  35.77947089 -080.29990038 
120 CL Stripe
112  35.77835402 -080.30693360  35.77841862 -080.30699775   1 
116  35.77858391 -080.30689459  35.77864904 -080.30679700 
120 CL Stripe
112  35.77837724 -080.30720469  35.77843132 -080.30712457   1 
112  35.77835402 -080.30693360  35.77826399 -080.30684081 
111  35.77835402 -080.30693360   1 
115  35.77813767 -080.30668356 
120 CL Stripe
112  35.78152433 -080.30217065  35.78158886 -080.30223491   1 
116  35.78174405 -080.30215349  35.78179550 -080.30207759 
120 CL Stripe
112  35.78153789 -080.30246289  35.78161401 -080.30234974   1 
112  35.78152433 -080.30217065  35.78143441 -080.30207770 
111  35.78152433 -080.30217065   1 
115  35.78087789 -080.30151319 
120 CL Stripe
112  35.78053936 -080.30360195  35.78060389 -080.30366621   1 
116  35.78079918 -080.30357006  35.78087713 -080.30345215 
120 CL Stripe
112  35.78059158 -080.30388160  35.78064267 -080.30380393   1 
112  35.78053936 -080.30360195  35.78044944 -080.30350899 
111  35.78053936 -080.30360195   1 
115  35.78000228 -080.30303495 
120 CL Stripe
112  35.77950610 -080.30519804  35.77957063 -080.30526230   1 
116  35.77972582 -080.30518088  35.77977727 -080.30510497 
120 CL Stripe
112  35.77951966 -080.30549028  35.77959577 -080.30537712   1 
112  35.77950610 -080.30519804  35.77941618 -080.30510508 
111  35.77950610 -080.30519804   1 
115  35.77931348 -080.30499876 
120 CL Stripe
112  35.77859688 -080.30718552  35.77853196 -080.30712186   1 
116  35.77837724 -080.30720469  35.77832626 -080.30728108 
120 CL Stripe
111  35.77859507 -080.30844627   1 
111  35.77894174 -080.30792683 
112  35.77894174 -080.30792683  35.77900459 -080.30783000   1 
116  35.77895242 -080.30754551  35.77886209 -080.30745594 
120 CL Stripe
112  35.77858391 -080.30689459  35.77850850 -080.30700846   1 
112  35.77859688 -080.30718552  35.77868737 -080.30727762 
111  35.77859688 -080.30718552   1 
111  35.77895242 -080.30754551 
112  35.77895242 -080.30754551  35.77902650 -080.30761806   1 
112  35.77921556 -080.30751651  35.77928180 -080.30742471 
111  35.77921556 -080.30751651   1 
115  35.77956047 -080.30699964 
120 CL Stripe
112  35.78081411 -080.30386288  35.78074919 -080.30379923   1 
116  35.78059158 -080.30388160  35.78054060 -080.30395799 
120 CL Stripe
111  35.78081229 -080.30512363   1 
111  35.78115897 -080.30460420 
112  35.78115897 -080.30460420  35.78122181 -080.30450736   1 
116  35.78116965 -080.30422288  35.78107931 -080.30413331 
120 CL Stripe
112  35.78079918 -080.30357006  35.78072376 -080.30368393   1 
112  35.78081411 -080.30386288  35.78090460 -080.30395499 
111  35.78081411 -080.30386288   1 
111  35.78116965 -080.30422288 
112  35.78116965 -080.30422288  35.78124372 -080.30429543   1 
112  35.78143278 -080.30419387  35.78149902 -080.30410208 
111  35.78143278 -080.30419387   1 
115  35.78177770 -080.30367701 
120 CL Stripe
112  35.78350248 -080.29983432  35.78343756 -080.29977066   1 
116  35.78327699 -080.29985151  35.78322601 -080.29992790 
120 CL Stripe
111  35.78350066 -080.30109507   1 
111  35.78384734 -080.30057563 
112  35.78384734 -080.30057563  35.78391018 -080.30047880   1 
116  35.78385802 -080.30019431  35.78376768 -080.30010474 
120 CL Stripe
112  35.78349032 -080.29953137  35.78341490 -080.29964524   1 
112  35.78350248 -080.29983432  35.78359297 -080.29992642 
111  35.78350248 -080.29983432   1 
111  35.78385802 -080.30019431 
112  35.78385802 -080.30019431  35.78393209 -080.30026686   1 
112  35.78412115 -080.30016531  35.78418739 -080.30007351 
111  35.78412115 -080.30016531   1 
115  35.78446607 -080.29964844 
120 CL Stripe
112  35.78559963 -080.29770772  35.78559618 -080.29767019   1 
112  35.78555560 -080.29760670  35.78552258 -080.29757155 
111  35.78555560 -080.29760670   1 
111  35.78525197 -080.29729208 
112  35.78525197 -080.29729208  35.78516487 -080.29720449   1 
112  35.78495075 -080.29733964  35.78486238 -080.29747037 
111  35.78495075 -080.29733964   1 
111  35.78349032 -080.29953137   1 
111  35.78327699 -080.29985151   1 
111  35.78176733 -080.30211712   1 
111  35.78153760 -080.30246188   1 
111  35.78079918 -080.30357006   1 
111  35.78059158 -080.30388160   1 
111  35.78022485 -080.30443198   1 
111  35.77972582 -080.30518088   1 
111  35.77951966 -080.30549028   1 
111  35.77858391 -080.30689459   1 
111  35.77837724 -080.30720469   1 
111  35.77654915 -080.30994823 
112  35.77654915 -080.30994823  35.77647573 -080.31005695   1 
112  35.77654259 -080.31032735  35.77663835 -080.31042338 
111  35.77654259 -080.31032735   1 
111  35.77683636 -080.31061942 
112  35.77683636 -080.31061942  35.77689316 -080.31066944   1 
116  35.77697107 -080.31063943  35.77703924 -080.31062543 
14   35.77952706 -080.30255058   82 0 New Tower Viewpoint 13
18   35.77962875 -080.30265086 1 Airport Beacon
19   35.78505319 -080.29795652 0 Windsock
19   35.77695185 -080.31000593 0 Windsock
50 11982 AWOS THREE
51 12280 CTAF/UNICOM
52 13507 CLNC DEL
55 11850 GREENSBORO APP/DEP
