1      336 1 0 KFAT Fresno Yosemite Intl
100   46.02   1   1 0.00 1 3 0 11L  36.78350600 -119.72921400    0.00  334.98 3  0 0 1 29R  36.76883648 -119.70352147   95.10  259.08 3  2 1 0
100   29.87   1   0 0.00 0 2 0 11R  36.78195000 -119.73047200  441.05  359.97 2  0 0 1 29L  36.77049700 -119.71041100    0.00   98.15 2  0 0 0
102 H1   36.77332663 -119.72041549  35.50   21.03   21.03   1 0   0 0.00 0
21   36.77168649 -119.71333316  2 305.50   3.00 API PAPI-4L
21   36.77122607 -119.70872224  2 305.50   3.00 API PAPI-4L
21   36.78230454 -119.72604262  2 125.50   3.00 API PAPI-4L
110   2 0.00  35.50 Cargo overlay
111  36.77864921 -119.71590104 
111  36.78126958 -119.71358781 
111  36.78159576 -119.71415957 
113  36.77897121 -119.71646962 
110   2 0.00  35.50 Cargo overlay
111  36.77966523 -119.71324876 
111  36.77946183 -119.71288941 
111  36.77946406 -119.71271654 
111  36.78033493 -119.71194978 
113  36.78060372 -119.71242092 
110   2 0.00  35.50 USAF overlay
111  36.77686399 -119.71358947 102 
112  36.77702848 -119.71357419  36.77713558 -119.71348258 
111  36.77702848 -119.71357419 102 
111  36.77741327 -119.71323211 106 
111  36.77775159 -119.71292870 106 
111  36.77799840 -119.71290514 106 
111  36.77859509 -119.71394012 106 
111  36.77859074 -119.71421926 106 
111  36.77818283 -119.71457864 102 
111  36.77780089 -119.71491567 
112  36.77780089 -119.71491567  36.77768690 -119.71501903 102 
111  36.77775716 -119.71516343 
111  36.77752679 -119.71475747 102 
112  36.77772689 -119.71477999  36.77783967 -119.71467663 
111  36.77772689 -119.71477999 102 
111  36.77799261 -119.71454461 102 
112  36.77803961 -119.71432007  36.77797573 -119.71420225 
111  36.77803961 -119.71432007 106 
111  36.77756518 -119.71349530 
112  36.77756518 -119.71349530  36.77749549 -119.71337749 102 
111  36.77739655 -119.71344909 102 
111  36.77709403 -119.71371614 
112  36.77709403 -119.71371614  36.77699586 -119.71380775 102 
113  36.77705054 -119.71391821 
110   2 0.00   0.00 ANG overlay
111  36.76712730 -119.70759889 
112  36.76712730 -119.70759889  36.76703293 -119.70759889  53 102 
111  36.76702641 -119.70772793 106 
111  36.76702091 -119.70842131 106 
111  36.76648313 -119.70842551 106 
111  36.76648692 -119.70760770 106 
111  36.76619214 -119.70760142 106 
112  36.76605667 -119.70780838  36.76605522 -119.70797330 
111  36.76605667 -119.70780838 106 
111  36.76604661 -119.70864613 106 
111  36.76561947 -119.70864154 106 
111  36.76562092 -119.70786171 
112  36.76562092 -119.70786171  36.76562237 -119.70774935 106 
111  36.76555280 -119.70771914 106 
111  36.76554397 -119.70501149 106 
111  36.76594949 -119.70501091 
111  36.76631569 -119.70501039 
111  36.76702167 -119.70623576 
111  36.76702167 -119.70722716 
112  36.76714147 -119.70734536  36.76724574 -119.70735030 
111  36.76714147 -119.70734536 
111  36.76730593 -119.70734813 
113  36.76730366 -119.70760478  53 102 
110   2 0.00  35.50 Terminal overlay
111  36.77101388 -119.71856500 
111  36.77033948 -119.71915360 
111  36.77015204 -119.71881829 
111  36.77122450 -119.71787025 
111  36.77110534 -119.71766521 
111  36.77184607 -119.71701468 
111  36.77276073 -119.71861566 
111  36.77161871 -119.71961919 
111  36.77149697 -119.71940691 
111  36.77073948 -119.72008235 
111  36.77054431 -119.71974463 
113  36.77130953 -119.71908125 
110   1 0.00 125.50 Pavement
111  36.78316903 -119.72952976  53 102 
111  36.78321024 -119.73018600  53 102 
111  36.78270714 -119.73060879  53 102 
111  36.78206168 -119.73037261 
111  36.78183045 -119.73055766  53 102 
111  36.78120246 -119.73109058 
112  36.78120246 -119.73109058  36.78106308 -119.73120659  53 102 
111  36.78115899 -119.73138891  53 102 
111  36.78139046 -119.73184490  53 106 
111  36.78204632 -119.73300513  53 106 
111  36.78183284 -119.73320003  53 106 
111  36.78175680 -119.73306837  53 106 
112  36.78179236 -119.73283460  36.78172412 -119.73271859 
111  36.78179236 -119.73283460  53 106 
111  36.78152500 -119.73236658  53 106 
111  36.78136720 -119.73213841 
112  36.78136720 -119.73213841  36.78127138 -119.73201479  53 102 
111  36.78114233 -119.73206975  53 102 
112  36.78104647 -119.73215751  36.78102472 -119.73218295  53 102 
111  36.78097505 -119.73226453  53 102 
112  36.78100105 -119.73249716  36.78107292 -119.73262676 
111  36.78100105 -119.73249716  53 106 
111  36.78121948 -119.73287968 106 
111  36.78005528 -119.73391584 106 
111  36.77965798 -119.73391584 106 
111  36.77966125 -119.73166185  53 106 
111  36.77984917 -119.73149131  53 106 
112  36.78024292 -119.73165113  36.78045273 -119.73164387 
111  36.78024292 -119.73165113  53 106 
111  36.78045407 -119.73164516 
112  36.78045407 -119.73164516  36.78051188 -119.73164516  53 106 
111  36.78054306 -119.73169335  53 106 
111  36.78068680 -119.73195587  53 106 
112  36.78076506 -119.73204876  36.78080767 -119.73209275  53 102 
111  36.78087928 -119.73206771  53 102 
112  36.78097767 -119.73201637  36.78100345 -119.73199656  53 102 
111  36.78106418 -119.73192525 
112  36.78106418 -119.73192525  36.78113886 -119.73183494  53 102 
111  36.78110830 -119.73168533  53 102 
111  36.78105325 -119.73155079  53 102 
111  36.78094648 -119.73136256  53 102 
112  36.78084721 -119.73132837  36.78079349 -119.73133381 
111  36.78084721 -119.73132837  53 102 
111  36.78037572 -119.73138422  53 102 
112  36.78007277 -119.73133849  36.77992853 -119.73127470  53 102 
111  36.77982087 -119.73112392  53 102 
111  36.77895774 -119.72961596  53 102 
112  36.77881377 -119.72959675  36.77873458 -119.72966596  53 102 
111  36.77878191 -119.72976437  53 106 
111  36.77977036 -119.73149637 106 
111  36.77967594 -119.73158054 106 
111  36.77785959 -119.73153132 106 
112  36.77769880 -119.73143130  36.77764914 -119.73133866 
111  36.77769880 -119.73143130 106 
112  36.77763406 -119.73121828  36.77763251 -119.73111020 106 
111  36.77752186 -119.73092608 106 
111  36.77683136 -119.72973304 106 
111  36.77716263 -119.72943574 106 
111  36.77651439 -119.72831065 106 
111  36.77620049 -119.72858315 106 
111  36.77300406 -119.72304366 106 
111  36.77360256 -119.72251251 106 
111  36.77351304 -119.72235738 106 
111  36.77368422 -119.72220689 
112  36.77368422 -119.72220689  36.77372969 -119.72216812 106 
111  36.77370131 -119.72210404 106 
111  36.77342415 -119.72161316 106 
112  36.77334966 -119.72159752  36.77330901 -119.72163015 
111  36.77334966 -119.72159752 106 
111  36.77326258 -119.72167400 106 
111  36.77312066 -119.72143491 106 
111  36.77267788 -119.72183611 106 
111  36.77257380 -119.72165173 
112  36.77257380 -119.72165173  36.77250204 -119.72154055 106 
111  36.77241379 -119.72159756 106 
111  36.77225862 -119.72174086 106 
111  36.77132785 -119.72011467 106 
111  36.77068661 -119.72067922 106 
111  36.77073557 -119.72076858 106 
111  36.77029368 -119.72116988 106 
111  36.76895558 -119.71884180  53 102 
111  36.77130168 -119.71676879  53 102 
111  36.77187365 -119.71613917  53 102 
112  36.77190457 -119.71577733  36.77182728 -119.71558916 
111  36.77190457 -119.71577733  53 102 
111  36.77159926 -119.71506569  53 102 
111  36.76765724 -119.70815862  53 102 
112  36.76752120 -119.70781265  36.76747329 -119.70761692  53 102 
111  36.76730366 -119.70760478 
111  36.76684452 -119.70723277 
111  36.76594949 -119.70501091  53 102 
112  36.76612384 -119.70480047  36.76612984 -119.70460726 
111  36.76612384 -119.70480047  53 102 
111  36.76612764 -119.70458314  53 102 
111  36.76626874 -119.70458148  53 102 
112  36.76650107 -119.70480198  36.76671319 -119.70473555 
111  36.76650107 -119.70480198  53 102 
111  36.76712874 -119.70468132  53 102 
112  36.76735676 -119.70456359  36.76746715 -119.70447222  53 102 
111  36.76748879 -119.70431405  53 102 
111  36.76749239 -119.70406724  53 102 
111  36.76795985 -119.70365748  53 102 
111  36.76854040 -119.70377197  53 102 
111  36.76866328 -119.70366057 
111  36.76900640 -119.70337664  53 102 
111  36.76911960 -119.70327536  53 102 
111  36.76908863 -119.70266283  53 102 
111  36.76932126 -119.70246370 106 
111  36.76973419 -119.70142646 106 
111  36.76947325 -119.70078237 106 
111  36.76947478 -119.70055968 106 
111  36.77018490 -119.70055615 106 
111  36.77017835 -119.70118930 106 
111  36.77102233 -119.70119540 106 
111  36.77103130 -119.70143999 106 
111  36.77109285 -119.70148754 106 
111  36.77157101 -119.70107867 106 
111  36.77211207 -119.70108918 
112  36.77211207 -119.70108918  36.77213250 -119.70127571 106 
111  36.77222193 -119.70142091  53 106 
111  36.77240343 -119.70174021 
112  36.77240343 -119.70174021  36.77247849 -119.70186781  53 106 
111  36.77258155 -119.70196591 106 
111  36.77486606 -119.70599483 106 
111  36.77492335 -119.70601075 106 
111  36.77498836 -119.70595405 106 
111  36.77533224 -119.70654341 106 
111  36.77404652 -119.70771505  53 102 
111  36.77369430 -119.70709726  53 102 
111  36.77344043 -119.70731565 
112  36.77344043 -119.70731565  36.77334444 -119.70739872  53 102 
111  36.77340568 -119.70753774  53 102 
111  36.77686399 -119.71358947 
111  36.77775716 -119.71516343  53 102 
111  36.77779642 -119.71523093  53 102 
112  36.77797198 -119.71526356  36.77806796 -119.71517913 
111  36.77797198 -119.71526356  53 102 
111  36.77808715 -119.71515954 
112  36.77808715 -119.71515954  36.77814824 -119.71510507  53 102 
111  36.77812708 -119.71496930  53 102 
111  36.77970704 -119.71357496  53 102 
112  36.77973204 -119.71336680  36.77966869 -119.71325145 
111  36.77973204 -119.71336680  53 102 
111  36.77946183 -119.71288941  53 102 
111  36.77946406 -119.71271654 106 
111  36.78033493 -119.71194978 106 
111  36.78159576 -119.71415957 106 
111  36.77897121 -119.71646962  53 102 
111  36.77847872 -119.71559999  53 102 
112  36.77831871 -119.71557403  36.77823088 -119.71565298 
111  36.77831871 -119.71557403  53 102 
111  36.77818452 -119.71569921 
112  36.77818452 -119.71569921  36.77810898 -119.71577159  53 102 
111  36.77817675 -119.71589640  53 102 
111  36.78170111 -119.72206551  53 102 
112  36.78188736 -119.72209929  36.78199774 -119.72200191 
111  36.78188736 -119.72209929  53 102 
111  36.78258986 -119.72147934  53 102 
112  36.78276215 -119.72141652  36.78286958 -119.72141109 
111  36.78276215 -119.72141652  53 102 
111  36.78375972 -119.72141522 106 
111  36.78376629 -119.71842667 106 
111  36.78502540 -119.71842582 106 
111  36.78502264 -119.71904924 106 
111  36.78528048 -119.71905215 106 
111  36.78548666 -119.71880533 106 
111  36.78548940 -119.71839825 106 
111  36.78608325 -119.71839822 106 
111  36.78607673 -119.72022338 106 
111  36.78576463 -119.72022456 106 
111  36.78576367 -119.72012169 106 
111  36.78508373 -119.72012909 106 
111  36.78507628 -119.72074317 106 
111  36.78501491 -119.72074172 102 
111  36.78501053 -119.72131870 
112  36.78501053 -119.72131870  36.78500819 -119.72154058 102 
111  36.78483333 -119.72154936 102 
111  36.78375826 -119.72154451  53 102 
111  36.78275901 -119.72154118 
112  36.78275901 -119.72154118  36.78269194 -119.72154318  53 102 
111  36.78264524 -119.72158441  53 102 
111  36.78194393 -119.72220635 
112  36.78194393 -119.72220635  36.78183666 -119.72230536  53 102 
111  36.78191860 -119.72245164  53 102 
111  36.78465464 -119.72724767  53 102 
112  36.78472336 -119.72740588  36.78475103 -119.72748863 
111  36.78472336 -119.72740588 
112  36.78472336 -119.72740588  36.78478724 -119.72752008  53 102 
111  36.78491602 -119.72744431  53 102 
111  36.78510258 -119.72727299  53 102 
112  36.78511795 -119.72711207  36.78506837 -119.72701549 
111  36.78511795 -119.72711207 
112  36.78511795 -119.72711207  36.78509614 -119.72709260  53 106 
111  36.78508771 -119.72707000  53 106 
111  36.78497203 -119.72687317  53 106 
112  36.78497922 -119.72681324  36.78500340 -119.72679212 
111  36.78497922 -119.72681324  53 106 
111  36.78544942 -119.72640331 106 
111  36.78569414 -119.72682766 106 
111  36.78526972 -119.72722529  53 102 
112  36.78514191 -119.72744442  36.78500229 -119.72757516 
111  36.78514191 -119.72744442  53 102 
111  36.78486279 -119.72770467 
112  36.78486279 -119.72770467  36.78478228 -119.72778048  53 102 
111  36.78476947 -119.72789872  53 102 
112  36.78462348 -119.72826054  36.78450601 -119.72842698 
111  36.78462348 -119.72826054 
112  36.78462348 -119.72826054  36.78453373 -119.72837424  53 102 
111  36.78442997 -119.72846910  53 102 
111  36.78396711 -119.72889751  53 102 
111  36.78378264 -119.72892699  53 102 
111  36.78365902 -119.72903969 
113  36.78334500 -119.72937448  53 102 
111  36.78336022 -119.72851626  53 102 
112  36.78389260 -119.72861229  36.78420236 -119.72834691 
111  36.78389260 -119.72861229  53 102 
111  36.78430493 -119.72825065  53 102 
112  36.78452333 -119.72785108  36.78457126 -119.72760608  53 102 
111  36.78446401 -119.72735827  53 102 
111  36.78226414 -119.72350233  53 102 
111  36.78178644 -119.72282751 
112  36.78178644 -119.72282751  36.78167503 -119.72266987  53 102 
111  36.78150344 -119.72278876  53 102 
111  36.78069113 -119.72350062 
112  36.78069113 -119.72350062  36.78055867 -119.72361808  53 102 
113  36.78065364 -119.72377590 
111  36.78019403 -119.72297106  53 102 
112  36.78057444 -119.72305671  36.78079230 -119.72286290 
111  36.78057444 -119.72305671  53 102 
111  36.78126697 -119.72245075  53 102 
112  36.78135112 -119.72206043  36.78124491 -119.72181901 
111  36.78135112 -119.72206043  53 102 
111  36.78100324 -119.72128955  53 102 
111  36.77074995 -119.70333582  53 102 
112  36.77063605 -119.70321862  36.77055980 -119.70317102 
111  36.77063605 -119.70321862  53 102 
111  36.77011725 -119.70288872 
112  36.77011725 -119.70288872  36.77007096 -119.70285982  53 102 
111  36.77001370 -119.70289212  53 102 
111  36.76947021 -119.70337033 
112  36.76947021 -119.70337033  36.76915839 -119.70365251  53 102 
113  36.76940945 -119.70408280 
111  36.78161225 -119.72958565  53 102 
111  36.78183909 -119.72988487  53 102 
112  36.78212296 -119.72990135  36.78225913 -119.72978234 
111  36.78212296 -119.72990135  53 102 
111  36.78289775 -119.72925100 
112  36.78289775 -119.72925100  36.78313419 -119.72904852  53 102 
111  36.78300901 -119.72878579 
111  36.78032518 -119.72408541  53 102 
112  36.78009001 -119.72402294  36.77995835 -119.72413815 
111  36.78009001 -119.72402294  53 102 
111  36.77912023 -119.72486992 
112  36.77912023 -119.72486992  36.77899495 -119.72498383  53 102 
113  36.77906707 -119.72512743 
111  36.77842230 -119.72399811  53 102 
111  36.77871768 -119.72440912  53 102 
112  36.77900984 -119.72442656  36.77915827 -119.72429566 
111  36.77900984 -119.72442656  53 102 
111  36.77979622 -119.72373429 
112  36.77979622 -119.72373429  36.78000592 -119.72354728  53 102 
111  36.77986097 -119.72327215 
111  36.77666720 -119.71767852  53 102 
112  36.77656900 -119.71761292  36.77652169 -119.71763017  53 102 
111  36.77652884 -119.71779319  53 102 
111  36.77668151 -119.71976207 
112  36.77668151 -119.71976207  36.77672139 -119.72029719  53 102 
113  36.77646798 -119.72057479 
111  36.77633196 -119.72033652  53 102 
112  36.77645840 -119.71977631  36.77643369 -119.71936903 
111  36.77645840 -119.71977631  53 102 
111  36.77636152 -119.71832744 
112  36.77636152 -119.71832744  36.77630896 -119.71758980  53 102 
111  36.77611965 -119.71703603 
112  36.77611965 -119.71703603  36.77608444 -119.71691449  53 102 
111  36.77600563 -119.71683308  53 102 
112  36.77503316 -119.71604776  36.77451017 -119.71575628 
111  36.77503316 -119.71604776  53 102 
111  36.77372841 -119.71531743 
112  36.77372841 -119.71531743  36.77358507 -119.71523926  53 102 
113  36.77344597 -119.71528147 
111  36.77402218 -119.71304599  53 102 
112  36.77366464 -119.71294194  36.77343353 -119.71301776  53 102 
111  36.77343491 -119.71331390  53 102 
111  36.77353374 -119.71468421 
112  36.77353374 -119.71468421  36.77355623 -119.71495112  53 102 
111  36.77374037 -119.71504531  53 102 
111  36.77549970 -119.71604627  53 102 
112  36.77566402 -119.71607321  36.77570963 -119.71602157  53 102 
113  36.77568437 -119.71595676 
111  36.77326325 -119.71496144  53 102 
112  36.77331708 -119.71456642  36.77330113 -119.71435486 
111  36.77331708 -119.71456642  53 102 
111  36.77317492 -119.71281485 
112  36.77317492 -119.71281485  36.77310074 -119.71189544  53 102 
111  36.77283312 -119.71116804  53 102 
111  36.77257678 -119.71051454 
111  36.77220893 -119.70987014  53 102 
112  36.77165833 -119.70973762  36.77132938 -119.70997306 
111  36.77165833 -119.70973762  53 102 
111  36.77106949 -119.71024693 
112  36.77106949 -119.71024693  36.77077741 -119.71050123  53 102 
113  36.77094930 -119.71090876 
111  36.77061722 -119.71032664  53 102 
111  36.77154179 -119.70953115 
112  36.77154179 -119.70953115  36.77180699 -119.70920392  53 102 
111  36.77164536 -119.70888293 
111  36.76902114 -119.70428710  53 102 
112  36.76846996 -119.70424209  36.76815097 -119.70452037 
111  36.76846996 -119.70424209  53 102 
111  36.76785791 -119.70478333 
112  36.76785791 -119.70478333  36.76771835 -119.70491003  53 102 
111  36.76769681 -119.70511764  53 102 
111  36.76770784 -119.70760501 
112  36.76770784 -119.70760501  36.76771193 -119.70784128  53 102 
111  36.76781034 -119.70799203  53 102 
111  36.76957877 -119.71108447  53 102 
112  36.76975061 -119.71110541  36.76984716 -119.71102506 
111  36.76975061 -119.71110541 
112  36.76975061 -119.71110541  36.76982736 -119.71103587  53 102 
111  36.76977673 -119.71094713  53 102 
111  36.76955011 -119.71055173  53 102 
111  36.76988422 -119.71024751  53 102 
111  36.77032335 -119.71055378 
112  36.77032335 -119.71055378  36.77036187 -119.71057896  53 102 
113  36.77040493 -119.71054465  53 102 
111  36.78045674 -119.72815128  53 102 
112  36.78042916 -119.72814222  36.78041605 -119.72815040  53 102 
111  36.78041607 -119.72818085  53 102 
111  36.78043845 -119.72859746  53 102 
112  36.78042426 -119.72865564  36.78040219 -119.72867601 
111  36.78042426 -119.72865564  53 102 
111  36.78014782 -119.72890541 
112  36.78014782 -119.72890541  36.78012575 -119.72892458  53 102 
111  36.78009960 -119.72890858  53 102 
111  36.77986137 -119.72874514  53 102 
112  36.77974556 -119.72874882  36.77969099 -119.72880101  53 102 
111  36.77973115 -119.72889027  53 102 
111  36.78038163 -119.73000664  53 102 
111  36.78086606 -119.73068605  53 102 
112  36.78114634 -119.73071607  36.78128798 -119.73059866 
111  36.78114634 -119.73071607  53 102 
111  36.78143740 -119.73047357 
112  36.78143740 -119.73047357  36.78160052 -119.73033340  53 102 
111  36.78152795 -119.73012182  53 102 
113  36.78136377 -119.72973952 
111  36.77881023 -119.72526731  53 102 
112  36.77864053 -119.72528966  36.77855624 -119.72536301 
111  36.77864053 -119.72528966  53 102 
111  36.77823065 -119.72565041 
112  36.77823065 -119.72565041  36.77809911 -119.72580507  53 102 
111  36.77818955 -119.72600730  53 102 
111  36.77853024 -119.72676982  53 102 
111  36.77955457 -119.72856084 
112  36.77955457 -119.72856084  36.77962000 -119.72867417  53 102 
111  36.77974856 -119.72858277  53 102 
111  36.78026191 -119.72812469 
112  36.78026191 -119.72812469  36.78037801 -119.72802032  53 102 
113  36.78031498 -119.72790276 
111  36.77675225 -119.72166206  53 102 
112  36.77669763 -119.72166662  36.77666808 -119.72168243 
111  36.77669763 -119.72166662  53 102 
111  36.77664314 -119.72170203 
112  36.77664314 -119.72170203  36.77661570 -119.72172312  53 102 
111  36.77663428 -119.72177654  53 102 
111  36.77676423 -119.72211251  53 102 
111  36.77636947 -119.72245781  53 102 
111  36.77608270 -119.72222807 
112  36.77608270 -119.72222807  36.77605019 -119.72220487  53 102 
111  36.77602277 -119.72222968  53 102 
111  36.77600231 -119.72227912 
112  36.77600231 -119.72227912  36.77598722 -119.72231536  53 102 
111  36.77600720 -119.72234595  53 102 
111  36.77727340 -119.72456538  53 102 
111  36.77774777 -119.72522852 
112  36.77774777 -119.72522852  36.77788544 -119.72539865  53 102 
111  36.77804780 -119.72526580  53 102 
111  36.77834236 -119.72500907 
112  36.77834236 -119.72500907  36.77848565 -119.72487226  53 102 
111  36.77841923 -119.72467925  53 102 
113  36.77824468 -119.72427669 
111  36.77627822 -119.72083206  53 102 
112  36.77617558 -119.72084694  36.77611289 -119.72087882 
111  36.77617558 -119.72084694  53 102 
112  36.77569675 -119.72093912  36.77546042 -119.72087944  53 102 
111  36.77524421 -119.72073007  53 102 
112  36.77515737 -119.72074318  36.77512676 -119.72078271  53 102 
111  36.77515231 -119.72084923  53 102 
111  36.77582593 -119.72203582 
112  36.77582593 -119.72203582  36.77590000 -119.72215700  53 102 
111  36.77601942 -119.72207150  53 102 
111  36.77659655 -119.72156762 
112  36.77659655 -119.72156762  36.77665987 -119.72150892  53 102 
113  36.77663144 -119.72145096 
111  36.77435923 -119.71747076  53 102 
112  36.77419170 -119.71748634  36.77409617 -119.71756877 
111  36.77419170 -119.71748634  53 102 
111  36.77361861 -119.71798536 
112  36.77361861 -119.71798536  36.77354978 -119.71804323  53 102 
111  36.77360693 -119.71814455  53 102 
111  36.77434112 -119.71942931  53 102 
111  36.77479754 -119.72006121  53 102 
112  36.77490043 -119.72015661  36.77496365 -119.72019870 
111  36.77490043 -119.72015661  53 102 
111  36.77538989 -119.72051313  53 102 
112  36.77572239 -119.72067095  36.77590750 -119.72072488 
111  36.77572239 -119.72067095 
112  36.77572239 -119.72067095  36.77592601 -119.72070433  53 102 
111  36.77604254 -119.72062335  53 102 
112  36.77608665 -119.72057086  36.77609814 -119.72053100  53 102 
113  36.77608882 -119.72050050 
111  36.77325254 -119.71553200  53 102 
112  36.77307489 -119.71552177  36.77297206 -119.71560116 
111  36.77307489 -119.71552177  53 102 
111  36.77270625 -119.71587384  53 102 
112  36.77265487 -119.71599325  36.77263941 -119.71606516 
111  36.77265487 -119.71599325  53 102 
111  36.77262595 -119.71613371 
112  36.77262595 -119.71613371  36.77261331 -119.71620562  53 102 
111  36.77264411 -119.71628862  53 102 
111  36.77301079 -119.71710877  53 102 
111  36.77345632 -119.71787562  53 102 
112  36.77352174 -119.71789979  36.77356516 -119.71788384  53 102 
111  36.77356612 -119.71783905  53 102 
111  36.77355590 -119.71739687  53 102 
112  36.77358471 -119.71732433  36.77361664 -119.71729404 
111  36.77358471 -119.71732433  53 102 
111  36.77382293 -119.71711493 
112  36.77382293 -119.71711493  36.77385358 -119.71708942  53 102 
111  36.77389038 -119.71710888  53 102 
111  36.77416489 -119.71726431  53 102 
112  36.77420986 -119.71727026  36.77422889 -119.71726630  53 102 
113  36.77423586 -119.71725483 
111  36.77071372 -119.71108524  53 102 
112  36.77021411 -119.71099811  36.76990216 -119.71117592 
111  36.77021411 -119.71099811  53 102 
111  36.77005894 -119.71113430  53 102 
112  36.76999316 -119.71127009  36.76998271 -119.71135560 
111  36.76999316 -119.71127009  53 102 
111  36.76995844 -119.71146738 
112  36.76995844 -119.71146738  36.76994799 -119.71155868  53 102 
111  36.76998117 -119.71162527  53 102 
111  36.77030876 -119.71235913  53 102 
111  36.77173422 -119.71486459  53 102 
111  36.77223135 -119.71556327 
112  36.77223135 -119.71556327  36.77226512 -119.71560675  53 102 
111  36.77231829 -119.71562012  53 102 
111  36.77245422 -119.71564753 
112  36.77245422 -119.71564753  36.77251121 -119.71565543  53 102 
111  36.77255914 -119.71562723  53 102 
111  36.77296087 -119.71528982 
112  36.77296087 -119.71528982  36.77304321 -119.71520373  53 102 
113  36.77299474 -119.71508080 
111  36.78064218 -119.73119273  53 102 
112  36.78072792 -119.73114608  36.78074711 -119.73110175  53 102 
111  36.78071875 -119.73103875  53 102 
111  36.77958855 -119.72906651  53 102 
112  36.77940346 -119.72904443  36.77927153 -119.72913272 
111  36.77940346 -119.72904443  53 102 
111  36.77910495 -119.72931304 
112  36.77910495 -119.72931304  36.77901101 -119.72942373  53 102 
111  36.77907314 -119.72953781  53 102 
111  36.77991179 -119.73100392  53 102 
112  36.78011101 -119.73118418  36.78021494 -119.73123416  53 102 
113  36.78037289 -119.73121980  53 102 
111  36.77935299 -119.72892738  53 102 
112  36.77938847 -119.72870513  36.77932515 -119.72858390 
111  36.77938847 -119.72870513  53 102 
111  36.77798651 -119.72625189  53 102 
111  36.77782848 -119.72604904  53 102 
112  36.77767953 -119.72604405  36.77759710 -119.72609333 
111  36.77767953 -119.72604405  53 102 
111  36.77742441 -119.72627700 
112  36.77742441 -119.72627700  36.77736287 -119.72636832  53 102 
111  36.77739907 -119.72647511  53 102 
111  36.77761100 -119.72697710  53 102 
111  36.77886532 -119.72917298 
112  36.77886532 -119.72917298  36.77894311 -119.72928314  53 102 
113  36.77904932 -119.72920035  53 102 
111  36.77712783 -119.72599075 
112  36.77712783 -119.72599075  36.77720277 -119.72607376  53 102 
111  36.77729495 -119.72600996  53 102 
111  36.77754510 -119.72578428 
112  36.77754510 -119.72578428  36.77761265 -119.72571839  53 102 
111  36.77757588 -119.72559748  53 102 
111  36.77747225 -119.72535501  53 102 
111  36.77586738 -119.72254702 
112  36.77586738 -119.72254702  36.77579925 -119.72244161  53 102 
111  36.77568933 -119.72250952  53 102 
111  36.77536288 -119.72279851 
112  36.77536288 -119.72279851  36.77528514 -119.72292260  53 102 
111  36.77535311 -119.72302335  53 102 
113  36.77679148 -119.72554473  53 102 
111  36.77514022 -119.72265404  53 102 
112  36.77531265 -119.72269280  36.77541781 -119.72261901 
111  36.77531265 -119.72269280  53 102 
111  36.77563210 -119.72240336  53 102 
112  36.77565984 -119.72217434  36.77558308 -119.72203898 
111  36.77565984 -119.72217434  53 102 
111  36.77493051 -119.72090242  53 102 
112  36.77476391 -119.72085971  36.77465246 -119.72091624 
111  36.77476391 -119.72085971  53 102 
111  36.77442469 -119.72116083 
112  36.77442469 -119.72116083  36.77435154 -119.72126809  53 102 
113  36.77441774 -119.72138511  53 102 
111  36.77420710 -119.72101467 
112  36.77420710 -119.72101467  36.77427032 -119.72111288  53 102 
111  36.77436899 -119.72105306  53 102 
111  36.77469922 -119.72075682  53 102 
112  36.77473373 -119.72056274  36.77468613 -119.72044679 
111  36.77473373 -119.72056274 
112  36.77473373 -119.72056274  36.77467770 -119.72042574  53 102 
111  36.77456351 -119.72034442  53 102 
111  36.77369378 -119.71984876  53 102 
112  36.77360655 -119.71988907  36.77358356 -119.71994168  53 102 
113  36.77362908 -119.72000554  53 102 
111  36.77374232 -119.71947713  53 102 
112  36.77395528 -119.71951748  36.77407022 -119.71942342  53 102 
111  36.77399432 -119.71925960  53 102 
111  36.77347639 -119.71854657  53 102 
112  36.77335715 -119.71852639  36.77330722 -119.71857712  53 102 
113  36.77334355 -119.71867048  53 102 
112  36.77306295 -119.71800578  36.77312757 -119.71795141  53 102 
111  36.77307587 -119.71781209  53 102 
111  36.77277117 -119.71714561  53 102 
111  36.77234940 -119.71655467  53 102 
112  36.77220742 -119.71651609  36.77215544 -119.71656870  53 102 
111  36.77220247 -119.71669224  53 102 
113  36.77291883 -119.71794543  53 102 
111  36.76702167 -119.70722716  53 102 
112  36.76714147 -119.70734536  36.76724574 -119.70735030 
111  36.76714147 -119.70734536  53 102 
111  36.76730593 -119.70734813  53 102 
112  36.76750316 -119.70703631  36.76752594 -119.70678424 
111  36.76750316 -119.70703631  53 102 
111  36.76749907 -119.70522060  53 102 
112  36.76739989 -119.70496412  36.76730872 -119.70486960 
111  36.76739989 -119.70496412 
112  36.76739989 -119.70496412  36.76728554 -119.70485031  53 102 
111  36.76712454 -119.70484653  53 102 
111  36.76658888 -119.70495817 
112  36.76658888 -119.70495817  36.76638181 -119.70502183  53 102 
111  36.76645509 -119.70525236 106 
113  36.76702167 -119.70623576 106 
111  36.78508301 -119.72001804 106 
111  36.78576440 -119.72001361 106 
111  36.78576434 -119.71892110 106 
111  36.78550659 -119.71892017 106 
111  36.78532065 -119.71914563 106 
113  36.78508126 -119.71914277 106 
130 Airport Boundary
111  36.77959983 -119.73395725 
111  36.77959700 -119.73162369 
111  36.77779355 -119.73159590 
112  36.77779355 -119.73159590  36.77765287 -119.73160650 
111  36.77759843 -119.73114885 
111  36.77137128 -119.72030327 
111  36.77028482 -119.72127794 
111  36.76886368 -119.71877121 
111  36.77137484 -119.71656758 
111  36.77145036 -119.71576537 
111  36.76740747 -119.70865584 
111  36.76548253 -119.70870571 
111  36.76548699 -119.70486033 
112  36.76605313 -119.70357249  36.76607458 -119.70256612 
111  36.76623310 -119.70223390 
111  36.76592972 -119.70170285 
112  36.76626100 -119.70068374  36.76696753 -119.70031389 
111  36.76626100 -119.70068374 
111  36.77023089 -119.70049146 
111  36.77023177 -119.70104143 
111  36.77213282 -119.70102026 
112  36.77262372 -119.70180341  36.77294393 -119.70213260 
111  36.77327605 -119.70245148 
111  36.77560677 -119.70648847 
111  36.77415483 -119.70778431 
111  36.77699135 -119.71286787 
111  36.77936365 -119.71258505 
111  36.78036824 -119.71171634 
111  36.78351061 -119.71712428 
112  36.78351061 -119.71712428  36.78414462 -119.71824911 
111  36.78500775 -119.71836428 
111  36.78611869 -119.71835397 
111  36.78611900 -119.72147280 
111  36.78654149 -119.72147627 
111  36.78656829 -119.73281265 
112  36.78560543 -119.73388014  36.78471501 -119.73392290 
113  36.78560543 -119.73388014 
120 Holdline 11L
111  36.78396868 -119.72854622  54 
115  36.78410142 -119.72877365 
120 Holdline 11L
111  36.78074240 -119.72290958  54 104 
115  36.78094874 -119.72327520 
120 Holdline 11L
111  36.76916590 -119.70259659  54 
115  36.76955966 -119.70329076 
120 Holdline 11L
111  36.76843158 -119.70427453  54 104 
115  36.76809104 -119.70368327 
120 Holdline 11L
111  36.77158213 -119.70980458  54 
115  36.77146347 -119.70959809 
120 Holdline 11L
111  36.77346520 -119.71315116  54 
115  36.77320458 -119.71317408 
120 Holdline 11L
111  36.77488541 -119.71596531  54 
115  36.77496559 -119.71574287 
120 Holdline 11L
111  36.77658962 -119.71856660  54 
115  36.77637961 -119.71858864 
120 Holdline 11L
111  36.77983844 -119.72424213  54 104 
115  36.77962809 -119.72388231 
120 Holdline 11L
111  36.78320712 -119.73013448  54 104 
115  36.78276326 -119.72936521 
120 Holdline 11R
111  36.78234755 -119.72971478  54 104 
115  36.78280823 -119.73052407 
120 Holdline 11R
111  36.77922187 -119.72424000  54 104 
115  36.77942966 -119.72459925 
120 Holdline 11R
111  36.77642942 -119.71934188  54 
115  36.77664658 -119.71932191 
120 Holdline 11R
111  36.77428856 -119.71535763  54 
115  36.77420718 -119.71558601 
120 Holdline 11R
111  36.77327336 -119.71403252  54 
115  36.77348457 -119.71400864 
120 Holdline 11R
111  36.77095926 -119.71003172  54 
115  36.77107506 -119.71024255 
120 Holdline 11R
111  36.77016927 -119.71103750  54 
115  36.76977403 -119.71034694 
120 Holdline 11R
111  36.77285267 -119.71573395  54 
115  36.77271633 -119.71549533 
120 Holdline 11R
111  36.77396450 -119.71768443  54 
115  36.77370278 -119.71722082 
120 Holdline 11R
111  36.77554049 -119.72088756  54 
115  36.77560364 -119.72062848 
120 Holdline 11R
111  36.77658006 -119.72227281  54 
115  36.77632093 -119.72180853 
120 Holdline 11R
111  36.77832539 -119.72556827  54 
115  36.77811762 -119.72520567 
120 Holdline 11R
111  36.78029968 -119.72876889  54 104 
115  36.78003872 -119.72832369 
120 Holdline 11R
111  36.78138709 -119.73093437  54 104 
115  36.78122510 -119.73065047 
120 Holdline ILS
111  36.77085977 -119.70309694  56 
115  36.77069823 -119.70326887 
120 Moveline
111  36.78496997 -119.72739476  55 
115  36.78505051 -119.72752970 
120 Moveline
111  36.78192547 -119.72206559  55 
115  36.78198424 -119.72217078 
120 Moveline
111  36.77801615 -119.71522370  55 
115  36.77825540 -119.71563378 
120 Moveline
111  36.77775383 -119.71475616  55 
115  36.77783042 -119.71488972 
120 Moveline
111  36.77706299 -119.71354438  55 
115  36.77713662 -119.71367771 
120 Moveline
111  36.77339998 -119.70713523  55 
115  36.77348166 -119.70728105 
120 Moveline
111  36.77249336 -119.70554755  55 
115  36.77261145 -119.70575426 
120 Moveline
111  36.77109761 -119.70310181  55 
115  36.77122300 -119.70332424 
120 Moveline
111  36.77064714 -119.70267572  55 
115  36.77084264 -119.70279660 
120 Moveline
111  36.77010648 -119.70233772  55 
115  36.77030015 -119.70245861 
120 Moveline
111  36.76957529 -119.70200947  55 
115  36.76976370 -119.70212361 
120 Moveline
111  36.76725930 -119.70487558  55 
115  36.76723037 -119.70464409 
120 Moveline
111  36.76727011 -119.70760424  55 
115  36.76727416 -119.70734728 
120 Moveline
111  36.77298532 -119.71962235  55 
111  36.77258136 -119.71890955  55 
112  36.77255782 -119.71875266  36.77257554 -119.71866310 
111  36.77255782 -119.71875266 
112  36.77255782 -119.71875266  36.77262276 -119.71836666  55 
111  36.77248651 -119.71810233  55 
115  36.77156871 -119.71647434 
120 Moveline
111  36.77420253 -119.72139063  55 
115  36.77412360 -119.72124834 
120 Moveline
111  36.77494234 -119.72269014  55 
115  36.77486544 -119.72255750 
120 Moveline
111  36.77544401 -119.72357352  55 
115  36.77535082 -119.72340815 
120 Moveline
111  36.77592725 -119.72442118  55 
115  36.77582870 -119.72424892 
120 Moveline
111  36.77654417 -119.72550248  55 
115  36.77646304 -119.72535976 
120 Moveline
111  36.77710713 -119.72648641  55 
115  36.77701204 -119.72631711 
120 Moveline
111  36.77781304 -119.72771981  55 
115  36.77771720 -119.72755204 
120 Moveline
111  36.77887001 -119.72957025  55 
115  36.77877326 -119.72940420 
120 Moveline
111  36.78114233 -119.73206975  55 
115  36.78105911 -119.73193126 
120 Moveline
111  36.78149189 -119.73202435  55 
115  36.78136720 -119.73213841 
120 Taxiline C
111  36.78355428 -119.72885611  51 
112  36.78379371 -119.72881888  36.78392832 -119.72876788 
111  36.78379371 -119.72881888 
112  36.78379371 -119.72881888  36.78387322 -119.72879379  51 
111  36.78399445 -119.72869285  51 
111  36.78403410 -119.72865832  57 
111  36.78442160 -119.72832087  51 
112  36.78465521 -119.72784119  36.78470243 -119.72756193  51 
111  36.78453063 -119.72724360  51 
111  36.77084552 -119.70327876  51 
112  36.77070664 -119.70312068  36.77061065 -119.70306076 
111  36.77070664 -119.70312068  51 
111  36.77009450 -119.70273771  51 
112  36.76992912 -119.70276099  36.76984092 -119.70283362 
111  36.76992912 -119.70276099  51 
111  36.76981990 -119.70285633  57 
111  36.76947981 -119.70315006  51 
111  36.76916096 -119.70342596  51 
112  36.76902595 -119.70357631  36.76897091 -119.70366120 
111  36.76902595 -119.70357631 
112  36.76902595 -119.70357631  36.76895518 -119.70369130  51 
111  36.76904348 -119.70385470  51 
115  36.76915924 -119.70405723 
120 Taxiline B
111  36.78085883 -119.73222130  51 
111  36.78108674 -119.73201864 
112  36.78108674 -119.73201864  36.78129351 -119.73183213  51 
111  36.78114290 -119.73156105  51 101 
111  36.76772606 -119.70806674  51 101 
112  36.76760768 -119.70759270  36.76760521 -119.70732122 
111  36.76760768 -119.70759270  51 101 
111  36.76759688 -119.70506872 
112  36.76759688 -119.70506872  36.76759688 -119.70480790  51 101 
111  36.76775523 -119.70467060  51 101 
111  36.76799737 -119.70445511  57 101 
111  36.76835353 -119.70413914  51 105 
111  36.76844610 -119.70405724  51 105 
112  36.76881934 -119.70393390  36.76903175 -119.70394792  51 
111  36.76917804 -119.70414938  51 
115  36.76932202 -119.70440155 
120 Taxiline A
111  36.78322035 -119.72915621  51 105 
112  36.78306595 -119.72937627  36.78292931 -119.72949574 
111  36.78306595 -119.72937627  51 105 
111  36.78286614 -119.72954352  57 101 
111  36.78244892 -119.72989282  51 105 
111  36.78200158 -119.73026732  51 
111  36.78177362 -119.73045812  51 105 
111  36.78132810 -119.73083114  57 101 
111  36.78122984 -119.73091286  57 101 
111  36.78099850 -119.73110531  51 
112  36.78072025 -119.73126232  36.78055726 -119.73131873 
111  36.78072025 -119.73126232  51 
111  36.78037366 -119.73130332  51 
112  36.78008615 -119.73126486  36.77996006 -119.73121672  51 
111  36.77984721 -119.73103905  51 
115  36.77341439 -119.71977249 
120 Taxiline B12
111  36.78100514 -119.73131980  51 
112  36.78072025 -119.73126232  36.78051733 -119.73133149 
111  36.78072025 -119.73126232 
112  36.78072025 -119.73126232  36.78090805 -119.73117787  51 
115  36.78082014 -119.73099590 
120 Taxiline B12
111  36.78122984 -119.73091286  57 101 
112  36.78093551 -119.73097402  36.78075462 -119.73095126 
111  36.78093551 -119.73097402 
112  36.78093551 -119.73097402  36.78080931 -119.73094776  51 101 
115  36.78067763 -119.73074631 
120 Taxiline B12
111  36.78108914 -119.73146690  51 101 
112  36.78104571 -119.73117629  36.78106891 -119.73103188 
111  36.78104571 -119.73117629 
112  36.78104571 -119.73117629  36.78106471 -119.73106689  57 101 
115  36.78114868 -119.73098045 
120 Taxiline B12
111  36.78130118 -119.72935929  51 
111  36.78167369 -119.73001150  51 
116  36.78157080 -119.73062790  36.78127390 -119.73088141 
120 Taxiline B12
112  36.78218705 -119.73011186  36.78189207 -119.73034982  51 
111  36.78169125 -119.72999510  51 
115  36.78131959 -119.72934413 
120 Taxiline B11
111  36.78040093 -119.72805370  51 
112  36.78034679 -119.72813394  36.78030588 -119.72817200 
111  36.78034679 -119.72813394  51 
111  36.78007043 -119.72837785  57 
111  36.77971962 -119.72868758  51 
115  36.77903671 -119.72929048 
120 Taxiline B11
111  36.77901595 -119.72958336  51 
112  36.77903671 -119.72929048  36.77914111 -119.72916493 
111  36.77903671 -119.72929048 
112  36.77903671 -119.72929048  36.77890359 -119.72936940  51 
115  36.77880590 -119.72921519 
120 Taxiline B11
111  36.77966549 -119.72897396  51 
112  36.77971962 -119.72868758  36.77983564 -119.72853826 
111  36.77971962 -119.72868758 
112  36.77971962 -119.72868758  36.77956744 -119.72877593  51 
111  36.77948211 -119.72865902  51 
112  36.77943993 -119.72893448  36.77932986 -119.72906221 
111  36.77943993 -119.72893448 
112  36.77943993 -119.72893448  36.77957600 -119.72885171  51 
115  36.77966549 -119.72897396 
120 Taxiline B10
111  36.78366085 -119.72147992  51 
111  36.78276168 -119.72147731 
112  36.78276168 -119.72147731  36.78267905 -119.72147847  51 
111  36.78262524 -119.72152172  51 
111  36.78195591 -119.72212151  51 
111  36.78141582 -119.72259318  51 101 
111  36.78118943 -119.72279088  57 101 
111  36.78084511 -119.72309152  51 105 
111  36.78045668 -119.72343083  51 
111  36.78011950 -119.72372535  51 105 
111  36.77973333 -119.72406262  57 101 
111  36.77932537 -119.72441914  51 105 
111  36.77888321 -119.72480528  51 
111  36.77865844 -119.72500160  51 105 
111  36.77822011 -119.72538442  57 101 
111  36.77812901 -119.72546400  57 101 
111  36.77786855 -119.72569149  51 101 
111  36.77781709 -119.72573718  51 
115  36.77737138 -119.72612816 
120 Taxiline B10
111  36.77731482 -119.72660377  51 
112  36.77737138 -119.72612816  36.77754837 -119.72591245 
111  36.77737138 -119.72612816 
112  36.77737138 -119.72612816  36.77714804 -119.72626627  51 
115  36.77698176 -119.72602042 
120 Taxiline B10
111  36.77794368 -119.72595887  51 
112  36.77758740 -119.72593867  36.77739777 -119.72607414 
111  36.77758740 -119.72593867 
112  36.77758740 -119.72593867  36.77775491 -119.72576242  51 
115  36.77768640 -119.72550832 
120 Taxiline B10
111  36.77803916 -119.72612594  51 101 
112  36.77798213 -119.72580730  36.77799719 -119.72564237 
111  36.77798213 -119.72580730 
112  36.77798213 -119.72580730  36.77801689 -119.72556858  57 101 
111  36.77812901 -119.72546400  57 101 
112  36.77783047 -119.72552825  36.77764853 -119.72549787 
111  36.77783047 -119.72552825 
112  36.77783047 -119.72552825  36.77770416 -119.72551089  51 101 
115  36.77760058 -119.72535773 
120 Taxiline B10
111  36.77829372 -119.72409120  51 
111  36.77859440 -119.72461831  51 
116  36.77845834 -119.72517640  36.77821365 -119.72550378 
120 Taxiline B10
112  36.77909656 -119.72461895  36.77876571 -119.72485196  51 
111  36.77855934 -119.72450934  51 
115  36.77831147 -119.72407500 
120 Taxiline B10
111  36.77964461 -119.72248055  51 
111  36.78007685 -119.72323768  51 
116  36.77997354 -119.72385282  36.77971902 -119.72413640 
120 Taxiline B10
111  36.78183042 -119.72251497  51 
112  36.78186987 -119.72219666  36.78197910 -119.72205238 
111  36.78186987 -119.72219666 
112  36.78186987 -119.72219666  36.78171948 -119.72226881  51 
115  36.78162385 -119.72215332 
120 Taxiline C10
111  36.78060167 -119.72330412  51 
112  36.78009967 -119.72321856  36.77988848 -119.72292123 
111  36.78009967 -119.72321856  51 
115  36.77966796 -119.72246257 
120 Taxiline C10
111  36.78192423 -119.72267975  51 
112  36.78141582 -119.72259318  36.78110525 -119.72280382 
111  36.78141582 -119.72259318 
112  36.78141582 -119.72259318  36.78168354 -119.72230087  51 101 
115  36.78149797 -119.72193313 
120 Taxiline B8
111  36.77668973 -119.72155315  51 
111  36.77634699 -119.72185523  57 
111  36.77600325 -119.72215818  51 
115  36.77531676 -119.72276320 
120 Taxiline B8
111  36.77527327 -119.72302809  51 
112  36.77531676 -119.72276320  36.77542342 -119.72262578 
111  36.77531676 -119.72276320 
112  36.77531676 -119.72276320  36.77517013 -119.72283420  51 
115  36.77509881 -119.72272260 
120 Taxiline B8
111  36.77594751 -119.72246337  51 
112  36.77600325 -119.72215818  36.77612991 -119.72200672 
111  36.77600325 -119.72215818 
112  36.77600325 -119.72215818  36.77584685 -119.72225766  51 
111  36.77574418 -119.72210730  51 
112  36.77569736 -119.72242777  36.77556889 -119.72257426 
111  36.77569736 -119.72242777 
112  36.77569736 -119.72242777  36.77585019 -119.72232531  51 
115  36.77594751 -119.72246337 
120 Taxiline B7
111  36.77520675 -119.72056914  51 
112  36.77496464 -119.72060938  36.77484275 -119.72070080 
111  36.77496464 -119.72060938  51 
115  36.77402627 -119.72143308 
120 Taxiline B7
111  36.77501923 -119.72083784  51 
112  36.77477947 -119.72077191  36.77463937 -119.72084405 
111  36.77477947 -119.72077191 
112  36.77477947 -119.72077191  36.77488236 -119.72063159  51 
115  36.77481828 -119.72048599 
120 Taxiline B7
111  36.77520675 -119.72056914  51 
116  36.77502107 -119.72084110  36.77510465 -119.72116078 
120 Taxiline B6
111  36.77619761 -119.72069114  51 
112  36.77556824 -119.72077421  36.77524896 -119.72062979 
111  36.77556824 -119.72077421  57 
111  36.77520675 -119.72056914  51 
111  36.77460468 -119.72022759  51 101 
111  36.77331402 -119.71949540  51 
111  36.77300724 -119.71932136  51 
112  36.77256857 -119.71936106  36.77232934 -119.71951538 
111  36.77256857 -119.71936106  51 
111  36.77224789 -119.71963735 
112  36.77224789 -119.71963735  36.77197642 -119.71987227  51 
111  36.77173228 -119.71951894  51 
115  36.77145071 -119.71903122 
120 Taxiline B6
111  36.77479333 -119.72033460  51 
116  36.77464442 -119.72018149  36.77458645 -119.72008422 
120 Taxiline B6
111  36.77476123 -119.72038607  51 101 
116  36.77460468 -119.72022759  36.77450867 -119.72017181 
120 Taxiline B6
111  36.77665965 -119.72122935  51 
111  36.77636286 -119.72070936  51 
112  36.77619761 -119.72069114  36.77608978 -119.72074844 
111  36.77619761 -119.72069114 
112  36.77619761 -119.72069114  36.77628556 -119.72059725  51 
111  36.77623364 -119.72048294  51 
115  36.77591406 -119.71992344 
120 Taxiline B6
111  36.77528926 -119.71485236  51 
111  36.77570164 -119.71557482  51 
112  36.77630295 -119.71726210  36.77648187 -119.71819780 
111  36.77630295 -119.71726210 
112  36.77630295 -119.71726210  36.77641308 -119.71772026  51 
111  36.77645060 -119.71814119  51 
111  36.77648437 -119.71857768  57 
111  36.77654263 -119.71933146  51 
111  36.77657307 -119.71972522 
112  36.77657307 -119.71972522  36.77661040 -119.72022936  51 
115  36.77640772 -119.72046215 
120 Taxiline B5
111  36.77397848 -119.71653286  51 
111  36.77430730 -119.71710879  51 
112  36.77427326 -119.71732796  36.77417212 -119.71741871 
111  36.77427326 -119.71732796  51 
111  36.77393280 -119.71762823  57 
111  36.77358348 -119.71793657  51 
111  36.77303433 -119.71842124  51 
112  36.77293134 -119.71871789  36.77291828 -119.71893103  51 
111  36.77301155 -119.71908810  51 
111  36.77329777 -119.71959788  51 
115  36.77341439 -119.71977249 
120 Taxiline B5
111  36.77358919 -119.71833375  51 101 
112  36.77320177 -119.71827342  36.77296431 -119.71845622 
111  36.77320177 -119.71827342 
112  36.77320177 -119.71827342  36.77342418 -119.71805998  51 101 
115  36.77327739 -119.71778777 
120 Taxiline B5
111  36.77351638 -119.71820615  51 
112  36.77356862 -119.71794969  36.77367110 -119.71782295 
111  36.77356862 -119.71794969 
112  36.77356862 -119.71794969  36.77343837 -119.71802621  51 
115  36.77335216 -119.71791864 
120 Taxiline B5
111  36.77483455 -119.71803236  51 
111  36.77450718 -119.71745894  51 
116  36.77420020 -119.71739240  36.77401478 -119.71753128 
120 Taxiline B4
112  36.77376201 -119.71519876  36.77341401 -119.71504439  51 
115  36.77341802 -119.71462634 
120 Taxiline B4
111  36.77741816 -119.71858089  51 
111  36.77698937 -119.71782987  51 
112  36.77585014 -119.71646926  36.77522587 -119.71596888 
111  36.77585014 -119.71646926 
112  36.77585014 -119.71646926  36.77554459 -119.71622426  51 
111  36.77527146 -119.71605716  51 
111  36.77492358 -119.71585932  57 
111  36.77424686 -119.71547443  51 
111  36.77376201 -119.71519876 
112  36.77376201 -119.71519876  36.77352480 -119.71507289  51 
115  36.77338666 -119.71517752 
120 Taxiline B3
111  36.77312699 -119.71531283  51 
111  36.77278466 -119.71561495  57 101 
111  36.77243474 -119.71592376  51 101 
111  36.77228726 -119.71605389  51 
111  36.77028471 -119.71782112  51 
112  36.77010024 -119.71814680  36.77005242 -119.71833743  51 
111  36.76991577 -119.71847248  51 
115  36.76949325 -119.71884427 
120 Taxiline B3
111  36.77250821 -119.71644086  51 101 
112  36.77200822 -119.71630013  36.77171899 -119.71648187 
111  36.77200822 -119.71630013 
112  36.77200822 -119.71630013  36.77224861 -119.71602274  51 101 
115  36.77205137 -119.71564089 
120 Taxiline B3
111  36.77248590 -119.71640164  51 
112  36.77247512 -119.71598869  36.77254793 -119.71575351 
111  36.77247512 -119.71598869 
112  36.77247512 -119.71598869  36.77250757 -119.71586912  57 
111  36.77258634 -119.71579000  57 
112  36.77240400 -119.71585100  36.77230744 -119.71584804 
111  36.77240400 -119.71585100 
112  36.77240400 -119.71585100  36.77218317 -119.71584903  51 
115  36.77207285 -119.71567839 
120 Taxiline B3
111  36.77331133 -119.71504557  51 
112  36.77341802 -119.71462634  36.77339839 -119.71433925 
111  36.77341802 -119.71462634  51 
111  36.77337755 -119.71402088  57 
111  36.77332131 -119.71316394  51 
111  36.77329658 -119.71279271  51 
112  36.77308409 -119.71140330  36.77292262 -119.71071174  51 
115  36.77260461 -119.71015078 
120 Taxiline B3
111  36.77448209 -119.71343889  51 
111  36.77412902 -119.71282043  51 
112  36.77387344 -119.71268423  36.77371155 -119.71270504 
111  36.77387344 -119.71268423 
112  36.77387344 -119.71268423  36.77348969 -119.71275129  51 
111  36.77335209 -119.71316106 
112  36.77335209 -119.71316106  36.77332998 -119.71321140  57 
115  36.77332919 -119.71328468 
120 Taxiline B2
111  36.77159030 -119.70963485  51 
111  36.77151993 -119.70969664  57 
111  36.77101766 -119.71013794  51 
111  36.77067925 -119.71043518  51 
111  36.77045488 -119.71063232  51 
111  36.77011053 -119.71093481  57 
111  36.76981793 -119.71119193  57 
112  36.76976052 -119.71123271  36.76972977 -119.71125043 
111  36.76976052 -119.71123271 
112  36.76976052 -119.71123271  36.76958926 -119.71131175  51 
115  36.76947062 -119.71112156 
120 Taxiline B2
111  36.76981735 -119.71172882  51 
112  36.76980038 -119.71131363  36.76986064 -119.71112846 
111  36.76980038 -119.71131363 
112  36.76980038 -119.71131363  36.76983398 -119.71119790  57 
115  36.76991305 -119.71110834 
120 Taxiline B2
111  36.77055697 -119.71081113  51 
116  36.77011053 -119.71093481  36.76981746 -119.71115537 
120 Taxiline B2
111  36.77078560 -119.71062152  51 
116  36.77101766 -119.71013794  36.77126165 -119.70989462 
120 Taxiline B2
111  36.77226642 -119.70955842  51 
112  36.77211557 -119.70948834  36.77200917 -119.70948702 
111  36.77211557 -119.70948834 
112  36.77211557 -119.70948834  36.77183218 -119.70946992  51 
111  36.77159030 -119.70963485  51 
112  36.77188088 -119.70903374  36.77196554 -119.70866499 
111  36.77188088 -119.70903374 
112  36.77188088 -119.70903374  36.77190384 -119.70892999  51 
111  36.77185479 -119.70883751  51 
115  36.77149112 -119.70820037 
120 Taxiline B2
111  36.77269762 -119.71031357  51 
115  36.77208993 -119.70924924 
120 Termline
111  36.77260109 -119.72110273  51 
111  36.77226584 -119.72083379  51 
115  36.77186429 -119.72013199 
120 Termline
111  36.77119688 -119.71823196  51 
111  36.77092995 -119.71789265 
112  36.77092995 -119.71789265  36.77068554 -119.71748231  51 
115  36.77102059 -119.71717189 
120 Termline
111  36.77144546 -119.71790081  51 
111  36.77124146 -119.71754571 
112  36.77124146 -119.71754571  36.77106428 -119.71713920  51 
115  36.77134353 -119.71688676 
120 Termline
111  36.77180446 -119.71785211  51 
111  36.77150995 -119.71707932 
112  36.77150995 -119.71707932  36.77141561 -119.71683743  51 
115  36.77160310 -119.71665769 
120 Termline
111  36.77254704 -119.71767841  51 
116  36.77219627 -119.71765928  36.77198122 -119.71786254 
120 Termline
111  36.77228112 -119.71720858  51 
112  36.77227076 -119.71754485  36.77216878 -119.71770544 
111  36.77227076 -119.71754485  51 
115  36.77185820 -119.71817851 
120 Termline
111  36.77246479 -119.71810169  51 
115  36.77206071 -119.71845652 
120 Termline
111  36.77281986 -119.71816062  51 
112  36.77246479 -119.71810169  36.77224604 -119.71825224 
111  36.77246479 -119.71810169 
112  36.77246479 -119.71810169  36.77265970 -119.71789863  51 
115  36.77252879 -119.71764643 
120 Termline
111  36.77265776 -119.71928571  51 
112  36.77213323 -119.71928087  36.77191199 -119.71902835 
111  36.77213323 -119.71928087  51 
115  36.77179822 -119.71889815 
120 Termline
111  36.77256857 -119.71936106  51 
111  36.77265776 -119.71928571  51 
112  36.77293134 -119.71871789  36.77295007 -119.71841251  51 
111  36.77284432 -119.71820402 
112  36.77284432 -119.71820402  36.77302561 -119.71841619  51 
115  36.77320177 -119.71827342 
120 Termline
111  36.77413891 -119.71929636  51 
112  36.77410716 -119.71966759  36.77400340 -119.71983564 
111  36.77410716 -119.71966759 
112  36.77410716 -119.71966759  36.77398096 -119.71986190  51 
115  36.77370051 -119.71971465 
120 Termline
111  36.77204854 -119.71626453  51 
112  36.77199152 -119.71669646  36.77211204 -119.71695252 
111  36.77199152 -119.71669646 
112  36.77199152 -119.71669646  36.77182580 -119.71647656  51 
115  36.77163532 -119.71662923 
120 Termline
111  36.77372601 -119.71972906  51 
112  36.77366888 -119.71966143  36.77364781 -119.71962197 
111  36.77366888 -119.71966143  51 
115  36.77199152 -119.71669646 
120 Gatedge
111  36.77231300 -119.72111387  20 
111  36.77235889 -119.72115047  20 
111  36.77250804 -119.72106952  20 
111  36.77262276 -119.72116002  20 
111  36.77265463 -119.72110114  20 
111  36.77253736 -119.72100566  20 
111  36.77253863 -119.72082583  20 
115  36.77249657 -119.72078923 
120 Gatedge
111  36.77082206 -119.71805222  20 
111  36.77095496 -119.71821456  20 
111  36.77107907 -119.71815406  20 
111  36.77113761 -119.71822624  20 
111  36.77119475 -119.71815886  20 
111  36.77113527 -119.71808251  20 
111  36.77118180 -119.71792792  20 
115  36.77105483 -119.71776858 
120 Gatedge
111  36.77110534 -119.71766521  20 
111  36.77122450 -119.71787025  20 
111  36.77135521 -119.71782269  20 
111  36.77145566 -119.71799279  20 
111  36.77151793 -119.71793186  20 
111  36.77141936 -119.71776244  20 
111  36.77148388 -119.71761828  20 
115  36.77137744 -119.71743543 
120 Gatedge
111  36.77197712 -119.71768665  20 
111  36.77185936 -119.71786627  20 
111  36.77191861 -119.71801525  20 
111  36.77180996 -119.71817732  20 
111  36.77187211 -119.71823844  20 
111  36.77198067 -119.71807881  20 
111  36.77210813 -119.71812298  20 
115  36.77222403 -119.71795101 
120 Gatedge
111  36.77225840 -119.71803713  20 
111  36.77210723 -119.71817227  20 
111  36.77213336 -119.71833536  20 
111  36.77199465 -119.71845652  20 
111  36.77204190 -119.71853573  20 
111  36.77218001 -119.71841691  20 
111  36.77229386 -119.71850100  20 
115  36.77244164 -119.71837264 
120 Gatedge
111  36.77218883 -119.71905814  20 
111  36.77205041 -119.71890316  20 
111  36.77192853 -119.71897033  20 
111  36.77186101 -119.71890791  20 
111  36.77181265 -119.71898147  20 
111  36.77187486 -119.71904486  20 
111  36.77183376 -119.71920183  20 
115  36.77196615 -119.71935414 
120 Gatedge
111  36.77182812 -119.71932704  20 
111  36.77171832 -119.71913972  20 
111  36.77158795 -119.71917402  20 
111  36.77154546 -119.71910220  20 
111  36.77148081 -119.71915723  20 
111  36.77152311 -119.71923310  20 
111  36.77145693 -119.71937609  20 
115  36.77156127 -119.71955925 
120 Rampline
111  36.76772289 -119.70418225  51 
111  36.76766408 -119.70408353 
112  36.76766408 -119.70408353  36.76763247 -119.70403355  51 
115  36.76758634 -119.70406273 
120 Rampline
111  36.76783350 -119.70408501  51 
111  36.76777469 -119.70398628 
112  36.76777469 -119.70398628  36.76774308 -119.70393631  51 
115  36.76769695 -119.70396589 
120 Rampline
111  36.76794708 -119.70398553  51 
111  36.76788827 -119.70388680 
112  36.76788827 -119.70388680  36.76785667 -119.70383683  51 
115  36.76781053 -119.70386640 
120 Rampline
111  36.76805875 -119.70388585  51 
111  36.76799851 -119.70378686 
112  36.76799851 -119.70378686  36.76796409 -119.70373434  51 
111  36.76791411 -119.70377571  51 
111  36.76757000 -119.70407700 
112  36.76757000 -119.70407700  36.76753559 -119.70412633  51 
115  36.76755318 -119.70419602 
120 Rampline
111  36.77026268 -119.70225426  51 
112  36.77027412 -119.70214118  36.77027306 -119.70208858 
111  36.77027412 -119.70214118  51 
111  36.77027201 -119.70196364  51 
112  36.77015191 -119.70170981  36.77004129 -119.70164142 
111  36.77015191 -119.70170981  51 
111  36.77007500 -119.70166378 
112  36.77007500 -119.70166378  36.76989801 -119.70157961  51 
115  36.76977376 -119.70181658 
120 Rampline
111  36.77142411 -119.70298186  51 
112  36.77145274 -119.70275236  36.77139413 -119.70263876 
111  36.77145274 -119.70275236  51 
111  36.77127592 -119.70243517 
112  36.77127592 -119.70243517  36.77107540 -119.70215684  51 
115  36.77086988 -119.70243608 
120 Rampline
111  36.77086988 -119.70243608  51 
116  36.77075812 -119.70209345  36.77061207 -119.70197333 
120 Rampline
111  36.77106502 -119.70209170  51 
112  36.77092214 -119.70230756  36.77087278 -119.70243272 
111  36.77092214 -119.70230756  51 
115  36.77066734 -119.70293435 
120 Rampline
111  36.77186527 -119.70259263  51 
112  36.77188660 -119.70236985  36.77182350 -119.70225781 
111  36.77188660 -119.70236985  51 
111  36.77157102 -119.70182540 
112  36.77157102 -119.70182540  36.77151072 -119.70173088  51 
115  36.77141153 -119.70178814 
120 Rampline
111  36.77107271 -119.70329320  51 
111  36.77226071 -119.70224290  51 
112  36.77229571 -119.70200036  36.77222139 -119.70186557 
111  36.77229571 -119.70200036  51 
111  36.77204158 -119.70155112  51 
112  36.77173569 -119.70150300  36.77157790 -119.70163644 
111  36.77173569 -119.70150300  51 
111  36.77106502 -119.70209170 
112  36.77106502 -119.70209170  36.77092059 -119.70221598  51 
111  36.77075812 -119.70209345  51 
111  36.77059860 -119.70200242 
112  36.77059860 -119.70200242  36.77043174 -119.70191315  51 
111  36.77030868 -119.70214071  51 
115  36.77012902 -119.70258561 
120 Rampline
111  36.77015396 -119.70277477  51 
112  36.77012902 -119.70258561  36.77016981 -119.70245989 
111  36.77012902 -119.70258561 
112  36.77012902 -119.70258561  36.77006273 -119.70269700  51 
115  36.76998731 -119.70267099 
120 Rampline
111  36.77009450 -119.70273771  51 
111  36.76963938 -119.70245497  51 
112  36.76959272 -119.70225460  36.76964498 -119.70211714 
111  36.76959272 -119.70225460  51 
111  36.76977376 -119.70181658 
112  36.76977376 -119.70181658  36.76988387 -119.70142982  51 
115  36.76986334 -119.70112228 
120 Rampline
111  36.77070664 -119.70312068  51 
112  36.77066734 -119.70293435  36.77070590 -119.70281812 
111  36.77066734 -119.70293435 
112  36.77066734 -119.70293435  36.77060410 -119.70303641  51 
115  36.77053980 -119.70301629 
120 Rampline
111  36.77100773 -119.70356264  51 
112  36.77107271 -119.70329320  36.77118993 -119.70316226 
111  36.77107271 -119.70329320 
112  36.77107271 -119.70329320  36.77093697 -119.70338562  51 
115  36.77084552 -119.70327876 
120 Rampline
111  36.77285061 -119.70538904  51 
112  36.77290638 -119.70502112  36.77281831 -119.70483223 
111  36.77290638 -119.70502112  51 
111  36.77225183 -119.70386690  51 
112  36.77219311 -119.70386212  36.77215869 -119.70388918 
111  36.77219311 -119.70386212  51 
115  36.77209867 -119.70394020 
120 Rampline
111  36.77248886 -119.70571345  51 
115  36.77303294 -119.70522608 
120 Rampline
111  36.77242269 -119.70604062  51 
112  36.77248886 -119.70571345  36.77262459 -119.70556094 
111  36.77248886 -119.70571345 
112  36.77248886 -119.70571345  36.77233616 -119.70582571  51 
115  36.77221683 -119.70568026 
120 Rampline
111  36.77438411 -119.70566024  51 
111  36.77428677 -119.70636770 
112  36.77428677 -119.70636770  36.77427982 -119.70643570  51 
115  36.77424999 -119.70649395 
120 Rampline
111  36.77403182 -119.70595972  51 
111  36.77394722 -119.70666718 
112  36.77394722 -119.70666718  36.77393679 -119.70673517  51 
115  36.77390666 -119.70679331 
120 Rampline
111  36.77366540 -119.70628208  51 
111  36.77360736 -119.70698817 
112  36.77360736 -119.70698817  36.77360176 -119.70704594  51 
115  36.77355954 -119.70709629 
120 Rampline
111  36.77337090 -119.70726076  51 
115  36.77483866 -119.70598034 
120 Rampline
111  36.77330581 -119.70758710  51 
112  36.77337090 -119.70726076  36.77349990 -119.70709796 
111  36.77337090 -119.70726076 
112  36.77337090 -119.70726076  36.77321666 -119.70737979  51 
115  36.77311461 -119.70725247 
120 Rampline
111  36.77824200 -119.71442682  51 
112  36.77825084 -119.71432528  36.77821839 -119.71426797 
111  36.77825084 -119.71432528  51 
111  36.77762353 -119.71323638 
112  36.77762353 -119.71323638  36.77759719 -119.71319297  51 
115  36.77754172 -119.71321616 
120 Rampline
111  36.77691464 -119.71390681  51 
112  36.77694987 -119.71374012  36.77701414 -119.71365989 
111  36.77694987 -119.71374012 
112  36.77694987 -119.71374012  36.77687086 -119.71379273  51 
115  36.77681636 -119.71373457 
120 Rampline
111  36.77760712 -119.71512015  51 
112  36.77764243 -119.71495337  36.77770670 -119.71487313 
111  36.77764243 -119.71495337 
112  36.77764243 -119.71495337  36.77756342 -119.71500598  51 
115  36.77750940 -119.71494758 
120 Rampline
111  36.77764243 -119.71495337  51 
111  36.77832772 -119.71435159  51 
112  36.77836345 -119.71430173  36.77837398 -119.71427674 
111  36.77836345 -119.71430173  51 
111  36.77845882 -119.71405661  51 
112  36.77844901 -119.71396208  36.77842794 -119.71392525 
111  36.77844901 -119.71396208  51 
111  36.77795963 -119.71311301  51 
112  36.77788672 -119.71309025  36.77784247 -119.71309683 
111  36.77788672 -119.71309025  51 
111  36.77762450 -119.71316028 
112  36.77762450 -119.71316028  36.77759402 -119.71316947  51 
111  36.77757688 -119.71318473  51 
115  36.77694987 -119.71374012 
120 Rampline
111  36.77959197 -119.71282490  51 
111  36.77994252 -119.71344991 
112  36.77994252 -119.71344991  36.78006311 -119.71366875  51 
115  36.77989777 -119.71387763 
120 Rampline
111  36.78002666 -119.71244134  51 
111  36.78037721 -119.71306634 
112  36.78037721 -119.71306634  36.78049780 -119.71328518  51 
115  36.78033269 -119.71349376 
120 Rampline
111  36.78030710 -119.71219465  51 
111  36.78065766 -119.71281965 
112  36.78065766 -119.71281965  36.78077825 -119.71303849  51 
115  36.78061257 -119.71324612 
120 Rampline
111  36.78133735 -119.71416282  51 
111  36.78089129 -119.71337990 
112  36.78089129 -119.71337990  36.78076625 -119.71316785  51 
115  36.78056632 -119.71328682 
120 Rampline
111  36.78091528 -119.71453572  51 
111  36.78046923 -119.71375280 
112  36.78046923 -119.71375280  36.78034418 -119.71354076  51 
115  36.78014455 -119.71365990 
120 Rampline
111  36.78048761 -119.71491738  51 
111  36.78004155 -119.71413445 
112  36.78004155 -119.71413445  36.77991650 -119.71392241  51 
115  36.77971592 -119.71403912 
120 Rampline
111  36.78006133 -119.71529203  51 
111  36.77961527 -119.71450910 
112  36.77961527 -119.71450910  36.77949023 -119.71429706  51 
115  36.77928999 -119.71441584 
120 Rampline
111  36.77963786 -119.71566843  51 
111  36.77919180 -119.71488550 
112  36.77919180 -119.71488550  36.77906676 -119.71467346  51 
115  36.77886589 -119.71479106 
120 Rampline
111  36.77921047 -119.71604503  51 
111  36.77876441 -119.71526210 
112  36.77876441 -119.71526210  36.77863936 -119.71505006  51 
115  36.77843912 -119.71516876 
120 Rampline
111  36.77823226 -119.71535138  51 
115  36.78090630 -119.71298618 
120 Rampline
111  36.77810432 -119.71598978  51 
112  36.77823226 -119.71535138  36.77850990 -119.71505376 
111  36.77823226 -119.71535138 
112  36.77823226 -119.71535138  36.77790694 -119.71556846  51 
115  36.77770129 -119.71528413 
120 Rampline
111  36.78491193 -119.72755052  51 
116  36.78461622 -119.72745469  36.78450364 -119.72724414 
120 Rampline
111  36.78465521 -119.72784119  51 
112  36.78471689 -119.72772115  36.78476286 -119.72768049 
111  36.78471689 -119.72772115  51 
111  36.78511690 -119.72737116 
112  36.78511690 -119.72737116  36.78520289 -119.72729224  51 
111  36.78521836 -119.72716049  51 
111  36.78522627 -119.72694921 
112  36.78522627 -119.72694921  36.78522819 -119.72690496  51 
111  36.78526133 -119.72686867  51 
115  36.78550391 -119.72664106 
120 Rampline
111  36.76669635 -119.70739954  51 
112  36.76663348 -119.70733121  36.76659651 -119.70730893 
111  36.76663348 -119.70733121  51 
111  36.76623860 -119.70705125  51 
112  36.76619825 -119.70696606  36.76619825 -119.70691833 
111  36.76619825 -119.70696606  51 
111  36.76619361 -119.70502108 
112  36.76619361 -119.70502108  36.76619245 -119.70497913  51 
115  36.76622837 -119.70495734 
120 Rampline
112  36.76675252 -119.70747402  36.76671232 -119.70743647  51 
111  36.76669635 -119.70739954  51 
111  36.76669507 -119.70582176  51 
112  36.76664785 -119.70571925  36.76660859 -119.70568775 
111  36.76664785 -119.70571925  51 
111  36.76624492 -119.70543248 
112  36.76624492 -119.70543248  36.76620137 -119.70540273  51 
115  36.76619406 -119.70532916 
120 Rampline
111  36.76759732 -119.70520564  51 
116  36.76717547 -119.70476089  36.76679726 -119.70475432 
120 Rampline
111  36.76727449 -119.70746959  51 
111  36.76621806 -119.70747819  51 
112  36.76614655 -119.70744493  36.76612551 -119.70741693 
111  36.76614655 -119.70744493  51 
111  36.76564315 -119.70681305  51 
112  36.76561651 -119.70672553  36.76561651 -119.70668177 
111  36.76561651 -119.70672553  51 
111  36.76561216 -119.70546053  51 
112  36.76565437 -119.70536899  36.76569293 -119.70534396 
111  36.76565437 -119.70536899  51 
111  36.76614767 -119.70500876  51 
112  36.76629378 -119.70493139  36.76635821 -119.70491726 
111  36.76629378 -119.70493139  51 
111  36.76769600 -119.70466008 
112  36.76769600 -119.70466008  36.76777452 -119.70464257  51 
115  36.76784487 -119.70459065 
120 Rampline
111  36.76763595 -119.70782294  51 
112  36.76727449 -119.70746959  36.76700013 -119.70743464 
111  36.76727449 -119.70746959 
112  36.76727449 -119.70746959  36.76758804 -119.70738106  51 
115  36.76760505 -119.70698991 
120 Rampline
111  36.77431873 -119.72135642  51 
112  36.77413274 -119.72133953  36.77401222 -119.72140753 
111  36.77413274 -119.72133953 
112  36.77413274 -119.72133953  36.77422429 -119.72122378  51 
115  36.77417517 -119.72110486 
120 Rampline
111  36.77487568 -119.72264222  51 
115  36.77476781 -119.72273700 
120 Rampline
111  36.77506193 -119.72265809  51 
112  36.77487568 -119.72264222  36.77475516 -119.72271022 
111  36.77487568 -119.72264222 
112  36.77487568 -119.72264222  36.77496723 -119.72252647  51 
115  36.77491786 -119.72240598 
120 Rampline
111  36.77537286 -119.72351306  51 
115  36.77526499 -119.72360785 
120 Rampline
111  36.77555902 -119.72352893  51 
112  36.77537286 -119.72351306  36.77525234 -119.72358106 
111  36.77537286 -119.72351306 
112  36.77537286 -119.72351306  36.77546441 -119.72339732  51 
115  36.77541513 -119.72327680 
120 Rampline
111  36.77585259 -119.72435527  51 
115  36.77574472 -119.72445006 
120 Rampline
111  36.77603958 -119.72437051  51 
112  36.77585259 -119.72435527  36.77573207 -119.72442328 
111  36.77585259 -119.72435527 
112  36.77585259 -119.72435527  36.77594414 -119.72423953  51 
115  36.77589548 -119.72411824 
120 Rampline
111  36.77647905 -119.72545027  51 
115  36.77637117 -119.72554505 
120 Rampline
111  36.77666512 -119.72546600  51 
112  36.77647905 -119.72545027  36.77635853 -119.72551827 
111  36.77647905 -119.72545027 
112  36.77647905 -119.72545027  36.77657060 -119.72533452  51 
115  36.77652131 -119.72521409 
120 Rampline
111  36.77703443 -119.72642405  51 
115  36.77692655 -119.72651883 
120 Rampline
111  36.77722113 -119.72643973  51 
112  36.77703443 -119.72642405  36.77691391 -119.72649205 
111  36.77703443 -119.72642405 
112  36.77703443 -119.72642405  36.77712598 -119.72630830  51 
115  36.77707698 -119.72618727 
120 Rampline
111  36.77773967 -119.72765753  51 
115  36.77763180 -119.72775231 
120 Rampline
111  36.77792548 -119.72767360  51 
112  36.77773967 -119.72765753  36.77761915 -119.72772553 
111  36.77773967 -119.72765753 
112  36.77773967 -119.72765753  36.77783122 -119.72754178  51 
115  36.77778177 -119.72742161 
120 Rampline
111  36.77879371 -119.72950378  51 
115  36.77868584 -119.72959856 
120 Rampline
111  36.77897967 -119.72951965  51 
112  36.77879371 -119.72950378  36.77867319 -119.72957178 
111  36.77879371 -119.72950378 
112  36.77879371 -119.72950378  36.77888526 -119.72938803  51 
115  36.77883581 -119.72926774 
120 Taxiedge C
111  36.76990101 -119.70247407  53 102 
112  36.77008306 -119.70238836  36.77015002 -119.70225104 
111  36.77008306 -119.70238836  53 102 
111  36.77016083 -119.70220586  53 102 
111  36.77016880 -119.70195543  53 102 
112  36.77005409 -119.70179993  36.76994887 -119.70173824  53 102 
111  36.76986833 -119.70187676  53 102 
111  36.76974770 -119.70216308 
112  36.76974770 -119.70216308  36.76969031 -119.70232428  53 102 
111  36.76979399 -119.70240520  53 102 
115  36.76990101 -119.70247407 
120 Taxiedge C
111  36.77062555 -119.70272812  53 102 
111  36.77075356 -119.70241726 
112  36.77075356 -119.70241726  36.77080091 -119.70229686  53 102 
111  36.77070095 -119.70220492  53 102 
111  36.77058521 -119.70212611  53 102 
112  36.77039933 -119.70220929  36.77033620 -119.70234721 
111  36.77039933 -119.70220929  53 102 
111  36.77027482 -119.70252453 
112  36.77027482 -119.70252453  36.77022572 -119.70266026  53 102 
111  36.77033094 -119.70274126  53 102 
111  36.77043703 -119.70280912  53 102 
116  36.77062555 -119.70272812  36.77068692 -119.70258364 
120 Taxiedge C
111  36.77081439 -119.70287127  53 102 
112  36.77086381 -119.70310212  36.77095946 -119.70322352  53 102 
111  36.77105989 -119.70313596  53 102 
111  36.77126235 -119.70295485 
112  36.77126235 -119.70295485  36.77136598 -119.70285933  53 102 
111  36.77130221 -119.70271206  53 102 
111  36.77120018 -119.70252896  53 102 
112  36.77105989 -119.70244936  36.77098018 -119.70245931  53 102 
111  36.77093714 -119.70254887  53 102 
115  36.77081439 -119.70287127 
120 Taxiedge C
111  36.77172519 -119.70231626  53 102 
111  36.77156973 -119.70204487  53 102 
112  36.77135102 -119.70200046  36.77122322 -119.70211066  53 102 
111  36.77131150 -119.70227349  53 102 
111  36.77146960 -119.70255146  53 102 
112  36.77168764 -119.70259011  36.77179963 -119.70248978  53 102 
115  36.77172519 -119.70231626 
120 Taxiedge C
111  36.77189411 -119.70215877  53 102 
112  36.77210755 -119.70221305  36.77222349 -119.70211107  53 102 
111  36.77213653 -119.70194002  53 102 
111  36.77199688 -119.70169659  53 102 
112  36.77177422 -119.70162587  36.77165037 -119.70172456  53 102 
111  36.77174787 -119.70189890  53 102 
115  36.77189411 -119.70215877 
120 Taxiedge C
111  36.77189411 -119.70215877  53 102 
112  36.77210755 -119.70221305  36.77222349 -119.70211107  53 102 
111  36.77213653 -119.70194002  53 102 
111  36.77199688 -119.70169659  53 102 
112  36.77177422 -119.70162587  36.77165037 -119.70172456  53 102 
111  36.77174787 -119.70189890  53 102 
115  36.77189411 -119.70215877 
120 Taxiedge C
111  36.77227082 -119.70555545  53 102 
112  36.77243523 -119.70559780  36.77251692 -119.70552378 
111  36.77243523 -119.70559780  53 102 
111  36.77261166 -119.70544268 
112  36.77261166 -119.70544268  36.77270257 -119.70535880  53 102 
111  36.77263838 -119.70522871  53 106 
111  36.77143681 -119.70313491  53 102 
111  36.77121791 -119.70332967 
112  36.77121791 -119.70332967  36.77108220 -119.70346125  53 102 
111  36.77115304 -119.70359609  53 102 
115  36.77227082 -119.70555545 
120 Taxiedge C
112  36.77317870 -119.70713737  36.77323903 -119.70723859  53 102 
111  36.77334408 -119.70718389  53 102 
111  36.77353476 -119.70701732  53 102 
112  36.77354662 -119.70681616  36.77347547 -119.70669444 
111  36.77354662 -119.70681616  53 106 
111  36.77289506 -119.70569692 
112  36.77289506 -119.70569692  36.77282440 -119.70557730  53 102 
111  36.77271321 -119.70566080  53 102 
111  36.77255711 -119.70580453  53 102 
112  36.77254107 -119.70603173  36.77261173 -119.70615882 
111  36.77254107 -119.70603173  53 102 
115  36.77317870 -119.70713737 
120 Taxiedge C
111  36.77705054 -119.71391821  53 102 
115  36.77752679 -119.71475747 
120 Taxiedge B12
111  36.78316903 -119.72952976  59 
115  36.78213118 -119.73039734 
120 Taxiedge A
111  36.77393503 -119.72126913  53 102 
112  36.77408606 -119.72130445  36.77416895 -119.72123080  53 102 
111  36.77410698 -119.72111732  53 102 
111  36.77334433 -119.71979464  53 102 
112  36.77317744 -119.71955925  36.77308736 -119.71945668 
111  36.77317744 -119.71955925  53 102 
112  36.77302196 -119.71951316  36.77296357 -119.71956105  53 102 
111  36.77300885 -119.71965148  53 106 
115  36.77393503 -119.72126913 
120 Taxiedge A
111  36.77467985 -119.72257060  53 102 
112  36.77483087 -119.72260592  36.77491377 -119.72253227  53 102 
111  36.77485355 -119.72242317  53 102 
111  36.77429858 -119.72144941  53 102 
112  36.77414620 -119.72141690  36.77406337 -119.72149122  53 102 
111  36.77412275 -119.72159263  53 106 
115  36.77467985 -119.72257060 
120 Taxiedge A
111  36.77516425 -119.72342278  53 102 
112  36.77531528 -119.72345810  36.77539818 -119.72338446  53 102 
111  36.77533795 -119.72327535  53 102 
111  36.77503244 -119.72274029  53 102 
112  36.77488866 -119.72271767  36.77480583 -119.72279199  53 102 
111  36.77486491 -119.72289859  53 106 
115  36.77516425 -119.72342278 
120 Taxiedge A
111  36.77564241 -119.72426333  53 102 
112  36.77579343 -119.72429864  36.77587633 -119.72422500  53 102 
111  36.77581611 -119.72411589  53 102 
111  36.77553732 -119.72363150  53 102 
112  36.77538859 -119.72359900  36.77530279 -119.72367208  53 102 
111  36.77536583 -119.72377991  53 106 
115  36.77564241 -119.72426333 
120 Taxiedge A
111  36.77627896 -119.72536869  53 102 
112  36.77642998 -119.72540401  36.77651288 -119.72533036  53 102 
111  36.77645266 -119.72522307  53 102 
111  36.77602027 -119.72447072  53 102 
112  36.77588039 -119.72444743  36.77579881 -119.72452237  53 102 
111  36.77584907 -119.72462133  53 106 
115  36.77627896 -119.72536869 
120 Taxiedge A
111  36.77682532 -119.72633223  53 102 
112  36.77697634 -119.72636755  36.77705924 -119.72629390  53 102 
111  36.77699902 -119.72618661  53 102 
111  36.77663159 -119.72554469  53 102 
112  36.77649578 -119.72553094  36.77641433 -119.72560440  53 102 
111  36.77646415 -119.72569788  53 106 
115  36.77682532 -119.72633223 
120 Taxiedge A
111  36.77753126 -119.72756589  53 102 
112  36.77768229 -119.72760120  36.77776518 -119.72752756  53 102 
111  36.77770496 -119.72742026  53 102 
111  36.77720275 -119.72654439  53 102 
112  36.77705365 -119.72651188  36.77697075 -119.72658354  53 102 
111  36.77703299 -119.72669335  53 106 
115  36.77753126 -119.72756589 
120 Taxiedge A
111  36.77858767 -119.72941297  53 102 
112  36.77873870 -119.72944828  36.77882319 -119.72937862  53 102 
111  36.77876137 -119.72926734  53 102 
111  36.77790047 -119.72776851  53 102 
112  36.77775775 -119.72774596  36.77767485 -119.72781761  53 102 
111  36.77773390 -119.72792345  53 106 
115  36.77858767 -119.72941297 
120 Rampedge
111  36.76932126 -119.70246370  53 
111  36.76946341 -119.70226287  53 
112  36.76951633 -119.70215508  36.76953685 -119.70209565 
111  36.76951633 -119.70215508  53 
115  36.76963099 -119.70186048 
120 Rampedge
111  36.77239514 -119.70194710  53 
111  36.77214372 -119.70151193 
112  36.77214372 -119.70151193  36.77194012 -119.70118651  53 
111  36.77168007 -119.70138792  53 
111  36.77100725 -119.70198311  53 
112  36.77084591 -119.70200641  36.77076571 -119.70195827 
111  36.77084591 -119.70200641  53 
111  36.77009783 -119.70153620 
112  36.77009783 -119.70153620  36.77003768 -119.70150347  53 
115  36.76996410 -119.70152773 
14   36.77338894 -119.72194170   82 0 Tower Viewpoint
15   36.78075906 -119.71425266 307.53 Air Cargo Ramp
15   36.76585257 -119.70832225  90.00 ANG Hangar
15   36.77641459 -119.72640075 306.43 GA Parking
15   36.78496567 -119.72056736  92.12 NG Ramp
15   36.77656300 -119.72683100 125.48 Scott Air
15   36.77173300 -119.71930200 125.48 Terminal Gate 1
15   36.77202400 -119.71905100 125.28 Terminal Gate 2
15   36.77217406 -119.71835244 212.20 Terminal Gate 3
15   36.77173341 -119.71764920 289.90 Terminal Gate 4
15   36.77139358 -119.71781307 305.48 Terminal Gate 5
15   36.77107959 -119.71807700 311.34 Terminal Gate 6
15   36.77067984 -119.70204198 337.89 US Forestry
15   36.77835233 -119.71407915  34.64 USAF Ramp
18   36.77338894 -119.72194170 1 Airport Beacon
19   36.77132219 -119.70562836 1 Windsock E
19   36.78541552 -119.72710896 0 Windsock NW
19   36.77524316 -119.72253176 1 Windsock S
19   36.78040778 -119.72591042 1 Windsock W
20   36.77198272 -119.71375043 125.50  0 4 {@B}1{@@}6
20   36.77026928 -119.70691100 125.50  0 4 {@B}1{@@}8
20   36.77094253 -119.70631998 125.50  0 4 {@B}1{@@}8
20   36.77357037 -119.71653047 125.50  0 4 {@B}2{@@}5
20   36.77194667 -119.70984987 125.50  0 4 {@B}2{@@}7
20   36.77253471 -119.70910429 125.50  0 4 {@B}2{@@}7
20   36.77515744 -119.71931637 125.50  0 4 {@B}3{@@}4
20   36.77413963 -119.71190648 125.50  0 4 {@B}3{@@}6
20   36.77683122 -119.72224409 125.50  0 4 {@B}4{@@}3
20   36.77504289 -119.71526702 125.50  0 4 {@B}4{@@}5
20   36.77571184 -119.71467320 125.50  0 4 {@B}4{@@}5
20   36.77828672 -119.72479183 125.50  0 4 {@B}5{@@}2
20   36.77729469 -119.71745827 125.50  0 4 {@B}5{@@}4
20   36.77992890 -119.72767493 125.50  0 4 {@B}6{@@}1
20   36.77815502 -119.72072726 125.50  0 4 {@B}6{@@}3
20   36.77882833 -119.72012727 125.50  0 4 {@B}6{@@}3
20   36.77972180 -119.72349007 125.50  0 4 {@B}7{@@}2
20   36.78040562 -119.72289226 125.50  0 4 {@B}7{@@}2
20   36.78139967 -119.72640413 125.50  0 4 {@B}8{@@}1
20   36.78207474 -119.72581069 125.50  0 4 {@B}8{@@}1
20   36.77747709 -119.72652301 125.50  0 2 {@L}A{@Y}{^l}B10{^r}
20   36.77696783 -119.72623923 305.50  0 2 {@L}A{@Y}{^l}B10{^r}
20   36.77911646 -119.72952516 125.50  0 2 {@L}A{@Y}{^l}B11{^r}
20   36.77871125 -119.72929762 305.50  0 2 {@L}A{@Y}{^l}B11{^r}
20   36.77405796 -119.72113530 305.50  0 2 {@L}A{@Y}{^l}B7{^r}
20   36.77500060 -119.72278270 305.50  0 2 {@L}A{@Y}B8{^r}
20   36.78075951 -119.73044573 125.50  0 2 {@L}B
20   36.76848018 -119.70438709  35.50  0 2 {@L}B{@R}29R{@@}{safety}{@L}B
20   36.77829117 -119.72610215 125.50  0 2 {@L}B{@Y}{^l}B10{^r}
20   36.77746026 -119.72546866 305.50  0 2 {@L}B{@Y}{^l}B10{^r}
20   36.77977173 -119.72884634 125.50  0 2 {@L}B{@Y}{^l}B11{^r}
20   36.77934153 -119.72873451 305.50  0 2 {@L}B{@Y}{^l}B11{^r}
20   36.77271202 -119.71628146 125.50  0 2 {@L}B{@Y}{^l}B3{^r}
20   36.77186401 -119.71580364 305.50  0 2 {@L}B{@Y}{^l}B3{^r}
20   36.77364606 -119.71809810 125.50  0 2 {@L}B{@Y}{^l}B5{^r}
20   36.77606729 -119.72234388 125.50  0 2 {@L}B{@Y}{^l}B8{^r}
20   36.77561401 -119.72222189 305.50  0 2 {@L}B{@Y}{^l}B8{^r}
20   36.77395589 -119.71929803 305.50  0 2 {@L}B{@Y}{^ld}B6{^ru}{@@}{@L}B
20   36.76934126 -119.71122815 305.50  0 2 {@L}B{@Y}B2{^r}
20   36.77521722 -119.72081802 125.50  0 2 {@L}B{@Y}B6{^ru}|B7{^r}
20   36.77987541 -119.72431290  35.50  0 2 {@L}B10{@R}11L-29R{@@}{safety}{@L}B10
20   36.77835685 -119.72564496  35.50  0 2 {@L}B10{@R}11R-29L{@@}{safety}{@L}B10
20   36.77919129 -119.72417593 215.50  0 2 {@L}B10{@R}29L-11R{@@}{safety}{@L}B10
20   36.77713831 -119.72656667  35.50  0 2 {@L}B10{@Y}{^l}A{^r}
20   36.77727382 -119.72594453 215.50  0 2 {@L}B10{@Y}{^l}A{^r}
20   36.77800873 -119.72521033 215.50  0 2 {@L}B10{@Y}{^l}B{^r}
20   36.77770822 -119.72611240  35.50  0 2 {@L}B10{@Y}{^l}B{^r}
20   36.78033086 -119.72882601  35.50  0 2 {@L}B11{@R}11R-29L{@@}{safety}{@L}B11
20   36.77889338 -119.72962006  35.50  0 2 {@L}B11{@Y}{^l}A{^r}
20   36.77899904 -119.72916161 215.50  0 2 {@L}B11{@Y}{^l}A{^r}
20   36.77946502 -119.72908200  35.50  0 2 {@L}B11{@Y}{^l}B{^r}
20   36.77969845 -119.72855491 215.50  0 2 {@L}B11{@Y}{^l}B{^r}
20   36.78325251 -119.73024228  35.50  0 2 {@L}B12{@R}11L{@@}{safety}{@L}B12
20   36.78230750 -119.72965348 215.50  0 2 {@L}B12{@R}11R{@@}{safety}{@L}B12
20   36.78141635 -119.73101233  35.50  0 2 {@L}B12{@R}11R{@@}{safety}{@L}B12
20   36.77161221 -119.70986295  35.50  0 2 {@L}B2{@R}11L-29R{@@}{safety}{@L}B2
20   36.77092274 -119.70997705 215.50  0 2 {@L}B2{@R}29L{@@}{safety}{@L}B2
20   36.77020960 -119.71111323  35.50  0 2 {@L}B2{@R}29L{@@}{safety}{@L}B2
20   36.76972594 -119.71106692 215.50  0 2 {@L}B2{@Y}{^l}B{^r}
20   36.77354441 -119.71313321  95.50  0 2 {@L}B3{@R}11L-29R{@@}{safety}{@L}B3
20   36.77287787 -119.71582226  35.50  0 2 {@L}B3{@R}11R-29L{@@}{safety}{@L}B3
20   36.77322831 -119.71403070 275.50  0 2 {@L}B3{@R}29L-11R{@@}{safety}{@L}B3
20   36.77248788 -119.71553792 215.50  0 2 {@L}B3{@Y}{^l}B{^r}
20   36.77225880 -119.71657871  35.50  0 2 {@L}B3{@Y}{^l}B{^r}
20   36.77486093 -119.71604204 335.50  0 2 {@L}B4{@R}11L-29R{@@}{safety}{@L}B4
20   36.77431651 -119.71528547 155.50  0 2 {@L}B4{@R}29L-11R{@@}{safety}{@L}B4
20   36.77400190 -119.71775759  35.50  0 2 {@L}B5{@R}11R-29L{@@}{safety}{@L}B5
20   36.77369302 -119.71800113 215.50  0 2 {@L}B5{@Y}{^l}B{^r}
20   36.77339318 -119.71857842  35.50  0 2 {@L}B5{@Y}{^l}B{^r}
20   36.77303011 -119.71793799 215.50  0 2 {@L}B5{@Y}A{^ru}{@@}{@L}B5{@Y}{^l}B{^r}
20   36.77663526 -119.71856055  95.50  0 2 {@L}B6{@R}11L-29R{@@}{safety}{@L}B6
20   36.77552068 -119.72095558 340.00  0 2 {@L}B6{@R}11R-29L{@@}{safety}{@L}B6
20   36.77638238 -119.71935394 275.50  0 2 {@L}B6{@R}29L-11R{@@}{safety}{@L}B6
20   36.77383635 -119.71946189 335.50  0 2 {@L}B6{@Y}B{^rd}
20   36.77371074 -119.71993538 335.50  0 2 {@L}B6{@Y}B{^rd}{@@}{@L}B6
20   36.77434397 -119.72101208 215.50  0 2 {@L}B7{@Y}{^l}A{^r}
20   36.77422844 -119.72145175  35.50  0 2 {@L}B7{@Y}{^l}A{^r}
20   36.77478189 -119.72093077  35.50  0 2 {@L}B7{@Y}{^l}B{^r}
20   36.77660335 -119.72231847  35.50  0 2 {@L}B8{@R}11R-29L{@@}{safety}{@L}B8
20   36.77527606 -119.72264972 215.50  0 2 {@L}B8{@Y}{^l}A{^r}
20   36.77599401 -119.72202874 215.50  0 2 {@L}B8{@Y}{^l}B{^r}
20   36.77572394 -119.72258108  35.50  0 2 {@L}B8{@Y}{^l}B{^r}
20   36.77880697 -119.71664458 305.50  0 3 {@L}C
20   36.77714035 -119.71489038 125.50  0 3 {@L}C
20   36.77470569 -119.70946563 305.50  0 3 {@L}C
20   36.77387266 -119.70915347 125.50  0 3 {@L}C
20   36.76908139 -119.70244132 215.50  0 3 {@L}C{@R}29R{@@}{safety}{@L}C
20   36.77038525 -119.70254660 155.50  0 3 {@L}C{@Y}C{^ru}
20   36.78206264 -119.72232749 125.50  0 3 {@L}C{@Y}C10{^r}
20   36.77057337 -119.70340267 305.50  0 3 {@L}C{critical}{@@}{@R}ILS{@L}C
20   36.78070645 -119.72283748 215.50  0 3 {@L}C10{@R}29R-11L{@@}{safety}{@L}C10
20   36.78156193 -119.72291792  35.50  0 3 {@L}C10{@Y}{^l}C{^r}
20   36.78387306 -119.72837782 215.50  0 3 {@L}C12{@R}11L{@@}{safety}{@L}C12
20   36.78453598 -119.72865749  35.50  0 3 {@L}C12{@Y}C{^r}
20   36.77959508 -119.72382423  35.50  0 2 {@R}11L-29R{@L}B10{@@}B10{safety}
20   36.78272599 -119.72929971  35.50  0 2 {@R}11L{@L}B12{@@}B12{safety}
20   36.78001330 -119.72826686  35.50  0 2 {@R}11R-29L{@L}B11{@@}B11{safety}
20   36.77366777 -119.71715055  35.50  0 2 {@R}11R-29L{@L}B5{@@}B5{safety}
20   36.77629121 -119.72175088  35.50  0 2 {@R}11R-29L{@L}B8{@@}B8{safety}
20   36.78118496 -119.73059483  35.50  0 2 {@R}11R{@L}B12{@@}{@Y}{^l}B|{^lu}A{@L}B12{@Y}B{^r}
20   36.78285470 -119.73058440 215.50  0 2 {@R}11R{@L}B12{@@}B12{safety}
20   36.77947090 -119.72466936 215.50  0 2 {@R}29L-11R{@L}B10{@@}B10{safety}
20   36.76975555 -119.71030112  35.50  0 2 {@R}29L{@L}B2{@@}B2{safety}
20   36.76802899 -119.70357066  35.50  0 2 {@R}29R{@L}B{@@}{@L}B{safety}
20   36.76965859 -119.70348499 215.50  0 3 {@R}29R{@L}C{@@}C{safety}
20   36.77784990 -119.72779419  35.50  0 2 {@Y}{^l}A{^r}
20   36.77495500 -119.72274714  35.50  0 2 {@Y}{^l}A{^r}
20   36.77657385 -119.72556582  35.50  0 2 {@Y}{^l}A{^r}
20   36.77595194 -119.72448427  35.50  0 2 {@Y}{^l}A{^r}
20   36.77546882 -119.72363216  35.50  0 2 {@Y}{^l}A{^r}
20   36.77829736 -119.72452645 305.50  0 2 {@Y}{^l}B10
20   36.77969161 -119.72332583 305.50  0 3 {@Y}{^l}B10
20   36.78026755 -119.72790179 305.50  0 1 {@Y}{^l}B11
20   36.78132384 -119.72980004 305.50  0 2 {@Y}{^l}B12
20   36.78282672 -119.72882289 305.50  0 3 {@Y}{^l}B12
20   36.78122825 -119.73136274 125.50  0 2 {@Y}{^l}B12{@L}B{@Y}A{^ru}
20   36.77147834 -119.70895051 305.50  0 3 {@Y}{^l}B2
20   36.77003621 -119.71160982 125.50  0 2 {@Y}{^l}B2{@L}B
20   36.77295633 -119.71510798 305.50  0 1 {@Y}{^l}B3
20   36.77226311 -119.71671005 125.50  0 2 {@Y}{^l}B3
20   36.77341666 -119.71871147 125.50  0 2 {@Y}{^l}B5
20   36.77414974 -119.71718922 305.50  0 1 {@Y}{^l}B5
20   36.77468219 -119.72057199 305.50  0 2 {@Y}{^l}B7{@L}B
20   36.77659097 -119.72146646 305.50  0 1 {@Y}{^l}B8
20   36.77539528 -119.72300151 125.50  0 2 {@Y}{^l}B8{@L}A
20   36.76954016 -119.70396105 125.50  0 3 {@Y}{^l}C
20   36.78120256 -119.72200191 305.50  0 3 {@Y}{^l}C10{@L}C
20   36.78430495 -119.72742585 305.50  0 3 {@Y}{^l}C12{@L}C
20   36.77830923 -119.71580176 125.50  0 3 {@Y}{^l}CARGO
20   36.78067458 -119.73111200 305.50  0 2 {@Y}{^ld}A{@L}B{@Y}B12{^r}
20   36.77600921 -119.72045942 305.50  0 1 {@Y}{^ld}B6
20   36.77301228 -119.71782044 305.50  0 2 {@Y}{^lu}A{@L}B{@Y}B5{^r}
20   36.78085654 -119.73139256   3.58  0 2 {@Y}{^lu}B{@L}A{@Y}B12{^ru}|B{^rd}{@@}{@L}A
20   36.76962038 -119.71102283 125.50  0 2 {@Y}{^lu}B{@L}B
20   36.77458284 -119.72044548 335.50  0 2 {@Y}{^lu}B{@L}B6{@@}{@Y}TERM{^u}
20   36.77512042 -119.72023242 155.50  0 2 {@Y}{^lu}B{@L}B6{@Y}B7{^ru}
20   36.77226673 -119.71033400 305.50  0 3 {@Y}{^lu}B3
20   36.77536798 -119.71576490 305.50  0 3 {@Y}{^lu}B6
20   36.76893860 -119.70448989 125.50  0 3 {@Y}B{^r}
20   36.78019848 -119.72421074 125.50  0 3 {@Y}B10{^r}
20   36.77880934 -119.72535413 125.50  0 1 {@Y}B10{^r}
20   36.77865641 -119.72422104 305.50  0 2 {@Y}B10{^r}
20   36.78165659 -119.72953894 305.50  0 2 {@Y}B12{^r}
20   36.77208833 -119.71000956 125.50  0 3 {@Y}B2{^r}
20   36.77072288 -119.71119276 125.50  0 1 {@Y}B2{^r}
20   36.77323699 -119.71560285 125.50  0 1 {@Y}B3{^r}
20   36.77392687 -119.71323788 125.50  0 3 {@Y}B3{^rd}
20   36.77670585 -119.71811350 125.50  0 3 {@Y}B4{^ru}
20   36.77435689 -119.71755256 125.50  0 1 {@Y}B5{^r}
20   36.77293942 -119.71788974 305.50  0 2 {@Y}B5{^r}
20   36.77370959 -119.71929461 305.50  0 2 {@Y}B6{^ru}
20   36.77630242 -119.72096053 125.50  0 1 {@Y}B6{^ru}
20   36.77673797 -119.72172506 125.50  0 1 {@Y}B8{^r}
20   36.78029528 -119.72277841 305.50  0 3 {@Y}C10{^r}
20   36.78347617 -119.72836390 305.50  0 3 {@Y}C12{^r}
20   36.77792110 -119.71511031 305.50  0 3 {@Y}CARGO{^r}
20   36.77178467 -119.71614280 215.50  0 2 {@Y}TERM{^ru}
20   36.77098055 -119.70297353 305.50  0 3 {critical}{@L}C{@@}C{@R}ILS
20   36.76619947 -119.70453644  90.00  0 3 {no-entry}
50 12135 ATIS
51 12295 UNICOM
52 12435 CLNC DEL
53 12170 GND
54 11820 TWR
55 13235 APP/DEP (091-239)
55 11960 APP/DEP (240-090)
55 11850 APP/DEP (S-SE)
