1      278 0 1 KFCH FRESNO CHANDLER EXECUTIVE
100   22.86   1   0 0.25 0 2 0 12R  36.73472500 -119.82484400   73.15    0.00 2  0 0 1 30L  36.72960000 -119.81596700   91.14    0.00 2  0 0 1
100   22.86   1   0 0.25 0 0 0 12L  36.73496100 -119.82349200   60.35    0.00 2  0 0 0 30R  36.73014400 -119.81515800   60.96    0.00 2  0 0 0
21   36.73351050 -119.82215545  1 125.77   3.00 12R VASI
21   36.73088740 -119.81883879  2 305.77   3.00 30L PAPI-4L
110   1 0.30 125.77 Default taxiway for RWY 12R
111  36.73464336 -119.82491738   3 102 
111  36.73422422 -119.82529410   3 102 
111  36.72909955 -119.81641648   3 102 
111  36.72951869 -119.81603978 
112  36.72963893 -119.81624807  36.72957699 -119.81614556   3 102 
111  36.72947683 -119.81623558   3 102 
112  36.72934329 -119.81635559  36.72924313 -119.81644561   3 102 
111  36.72930325 -119.81654976   3 102 
111  36.73171529 -119.82072820   3 102 
111  36.73205097 -119.82042650 
111  36.73211108 -119.82053065   3 102 
111  36.73177540 -119.82083235   3 102 
112  36.73418744 -119.82501079  36.73424756 -119.82511493   3 102 
111  36.73434772 -119.82502491   3 102 
112  36.73448126 -119.82490489  36.73458142 -119.82481487   3 102 
113  36.73452312 -119.82470909 
110   1 0.30 125.80 Default taxiway for RWY 12L
111  36.73487939 -119.82356543   3 
111  36.73446041 -119.82394244   3 
111  36.72964370 -119.81560789   3 
111  36.73006268 -119.81523091 
112  36.73018301 -119.81543912  36.73012103 -119.81533665   3 
111  36.73002091 -119.81542673   3 
112  36.72988742 -119.81554684  36.72978730 -119.81563692   3 
111  36.72984746 -119.81574103   3 
111  36.73210540 -119.81964805   3 
111  36.73244095 -119.81934612 
111  36.73250112 -119.81945022   3 
111  36.73216557 -119.81975215   3 
112  36.73442351 -119.82365916  36.73448368 -119.82376326   3 
111  36.73458380 -119.82367317   3 
112  36.73471729 -119.82355305  36.73481741 -119.82346296   3 
113  36.73475906 -119.82335722 
120 Default hold RWY 12R (near)
111  36.73447461 -119.82506905   4 
115  36.73441449 -119.82496490 
120 Default hold RWY 12L (near)
111  36.73471071 -119.82371722   4 
115  36.73465055 -119.82361311 
120 Default hold RWY 12R (centre)
111  36.73194233 -119.82068232   4 
115  36.73188222 -119.82057817 
120 Default hold RWY 12L (centre)
111  36.73233244 -119.81960200   4 
115  36.73227227 -119.81949790 
120 Default hold RWY 12R (far)
111  36.72941006 -119.81629558   4 
115  36.72934994 -119.81619144 
120 Default hold RWY 12L (far)
111  36.72995417 -119.81548679   4 
115  36.72989400 -119.81538269 
18   36.73274625 -119.81988189 1 BCN
19   36.73533051 -119.82347599 1 WS
19   36.73509452 -119.82482824 1 WS
19   36.72923049 -119.81598280 1 WS
19   36.72977449 -119.81517405 1 WS
50 13522 AWOS 3
51 12300 CTAF/UNICOM
55 11960 APP
55 11900 APP
56 11900 DEP
