1     1189 1 1 KFSI HENRY POST AAF
100   60.96   2   0 0.25 0 3 0 17   34.65669200 -098.40215600    0.00    0.00 2  0 0 0 35   34.64295000 -098.40219400    0.00    0.00 2  7 0 0
21   34.65489114 -098.40161966  1 180.13   3.00 17  VASI
110   2 0.30 180.13 Default taxiway for RWY 17
111  34.65669262 -098.40248673  53 102 
111  34.65669574 -098.40415677  53 102 
111  34.64295374 -098.40419445  53 102 
111  34.64295062 -098.40252468 
112  34.64349921 -098.40252316  34.64322492 -098.40252666  53 102 
111  34.64322567 -098.40292675  53 102 
112  34.64322667 -098.40346020  34.64322742 -098.40386029  53 102 
111  34.64350171 -098.40385954  53 102 
111  34.64968697 -098.40384255  53 102 
111  34.64968447 -098.40250608 
111  34.64995877 -098.40250532  53 102 
111  34.64996127 -098.40384180  53 102 
112  34.65614653 -098.40382482  34.65642082 -098.40382407  53 102 
111  34.65642007 -098.40342391  53 102 
112  34.65641907 -098.40289037  34.65641832 -098.40249022  53 102 
113  34.65614403 -098.40248824 
120 Default hold RWY 17 (near)
111  34.65669387 -098.40315639  54 
115  34.65641957 -098.40315714 
120 Default hold RWY 17 (centre)
111  34.64996002 -098.40317493  54 
115  34.64968572 -098.40317568 
120 Default hold RWY 17 (far)
111  34.64322617 -098.40319347  54 
115  34.64295187 -098.40319423 
18   34.64981922 -098.39984096 4 BCN
19   34.65723872 -098.40115409 1 WS
19   34.64240328 -098.40319573 1 WS
50 13542 ATIS
52 12170 CLNC DEL
53 12170 POST GND
54 12495 POST TWR
55 11860 FORT SILL APP/DEP
55 12055 FORT SILL APP/DEP
55 12730 FORT SILL APP/DEP
