1      756 1 1 KFTK GODMAN AAF
100   22.86   1   0 0.25 0 3 0 15   37.91174700 -085.97810800   60.96    0.00 2  0 0 1 33   37.90032800 -085.96920600   60.96    0.00 2  0 0 0
100   45.72   1   0 0.25 0 3 0 18   37.91418100 -085.97030800   60.96    0.00 2  7 0 0 36   37.89996700 -085.96925000   60.96    0.00 2 11 0 0
100   45.72   1   0 0.25 0 0 0 09   37.90855800 -085.97980000    0.00    0.00 2  0 0 0 27   37.90697800 -085.96258900    0.00    0.00 2  0 0 0
100   27.43   1   0 0.25 0 0 0 05   37.90684300 -085.97086100    0.00    0.00 2  0 0 0 23   37.91038900 -085.96630400    0.00    0.00 2  0 0 0
21   37.91185868 -085.96965681  1 176.64   3.00 18  VASI
21   37.90228933 -085.96990106  1 356.64   3.00 36  VASI
110   1 0.30 176.64 Default taxiway for RWY 18
111  37.91416907 -085.97056547   3 102 
111  37.91410863 -085.97186988   3 102 
111  37.89989463 -085.97081138   3 102 
111  37.89995507 -085.96950722 
112  37.90036581 -085.96953779  37.90016031 -085.96952534   3 102 
111  37.90014583 -085.96983766   3 102 
112  37.90012653 -085.97025408  37.90011206 -085.97056640   3 102 
111  37.90031743 -085.97058169   3 102 
111  37.90691101 -085.97107269   3 102 
111  37.90695939 -085.97002869 
111  37.90716476 -085.97004398   3 102 
111  37.90711638 -085.97108798   3 102 
112  37.91370995 -085.97157898  37.91391532 -085.97159427   3 102 
111  37.91392979 -085.97128190   3 102 
112  37.91394909 -085.97086540  37.91396357 -085.97055302   3 102 
113  37.91375833 -085.97053489 
110   1 0.30 148.40 Default taxiway for RWY 15
111  37.91169428 -085.97821662   3 102 
111  37.91142363 -085.97877428   3 102 
111  37.90000497 -085.96987080   3 102 
111  37.90027562 -085.96931322 
112  37.90045084 -085.96944984  37.90036205 -085.96938396   3 102 
111  37.90029738 -085.96951720   3 102 
112  37.90021115 -085.96969484  37.90014647 -085.96982808   3 102 
111  37.90023408 -085.96989639   3 102 
111  37.90572438 -085.97417734   3 102 
111  37.90594114 -085.97373076 
111  37.90602875 -085.97379908   3 102 
111  37.90581199 -085.97424566   3 102 
112  37.91130230 -085.97852660  37.91138991 -085.97859493   3 102 
111  37.91145459 -085.97846167   3 102 
112  37.91154082 -085.97828399  37.91160549 -085.97815074   3 102 
113  37.91151906 -085.97807999 
120 Default hold RWY 15 (near)
111  37.91158531 -085.97844114   4 
115  37.91149770 -085.97837283 
120 Default hold RWY 18 (near)
111  37.91414481 -085.97108894   4 
115  37.91393944 -085.97107365 
120 Default hold RWY 15 (centre)
111  37.90591978 -085.97402359   4 
115  37.90583217 -085.97395527 
120 Default hold RWY 18 (centre)
111  37.90714050 -085.97056741   4 
115  37.90693513 -085.97055211 
120 Default hold RWY 15 (far)
111  37.90025426 -085.96960602   4 
115  37.90016665 -085.96953771 
120 Default hold RWY 18 (far)
111  37.90013618 -085.97004587   4 
115  37.89993081 -085.97003059 
18   37.90715965 -085.96795697 4 BCN
19   37.90693329 -085.97141333 1 WS
19   37.90921855 -085.98022767 1 WS
19   37.91208319 -085.97791297 1 WS
19   37.91462793 -085.96955764 1 WS
19   37.91029869 -085.96575165 1 WS
19   37.90631738 -085.96216150 1 WS
19   37.89999183 -085.96940105 1 WS
19   37.89952008 -085.97000022 1 WS
51 12680 CTAF
53 12190 GND
54 12680 TWR
55 12367 LOUISVILLE APP/DEP
