1     1048 1 1 KGMU GREENVILLE DOWNTOWN
100   30.48   1   0 0.25 0 3 0 01   34.84050000 -082.34858600    0.00    0.00 3 10 0 1 19   34.85531100 -082.34821400    0.00    0.00 2  0 0 1
100   24.38   1   0 0.25 0 2 0 10   34.84808600 -082.35881100   80.77    0.00 2  0 0 0 28   34.84782800 -082.34549200   82.30    0.00 2  0 0 1
21   34.84284375 -082.34893557  2   1.18   3.00 01  PAPI-4L
21   34.85350462 -082.34785089  2 181.18   3.00 19  PAPI-4L
21   34.84758050 -082.34859558  2 271.36   3.00 28  PAPI-4L
110   1 0.30   1.18 Default taxiway for RWY 01
111  34.84049722 -082.34842167   3 102 
111  34.84048304 -082.34758360   3 102 
111  34.85529404 -082.34721148   3 102 
111  34.85530822 -082.34804971 
112  34.85503398 -082.34805659  34.85517105 -082.34805041   3 102 
111  34.85516766 -082.34784990   3 102 
112  34.85516314 -082.34758254  34.85515975 -082.34738202   3 102 
111  34.85502263 -082.34738546   3 102 
111  34.84795993 -082.34756290   3 102 
111  34.84797128 -082.34823397 
111  34.84783416 -082.34823742   3 102 
111  34.84782281 -082.34756635   3 102 
112  34.84076011 -082.34774377  34.84062299 -082.34774722   3 102 
111  34.84062638 -082.34794770   3 102 
112  34.84063090 -082.34821501  34.84063429 -082.34841549   3 102 
113  34.84077146 -082.34841478 
110   1 0.30  91.35 Default taxiway for RWY 10
111  34.84797856 -082.35881408   3 102 
111  34.84742787 -082.35882988   3 102 
111  34.84717060 -082.34551084   3 102 
111  34.84772129 -082.34549504 
112  34.84772645 -082.34576235  34.84772162 -082.34562877   3 102 
111  34.84758999 -082.34563254   3 102 
112  34.84741449 -082.34563757  34.84728287 -082.34564135   3 102 
111  34.84728545 -082.34577500   3 102 
111  34.84740763 -082.35210038   3 102 
111  34.84784863 -082.35208773 
111  34.84785121 -082.35222139   3 102 
111  34.84741021 -082.35223404   3 102 
112  34.84753240 -082.35855941  34.84753498 -082.35869307   3 102 
111  34.84766660 -082.35868929   3 102 
112  34.84784210 -082.35868426  34.84797373 -082.35868049   3 102 
113  34.84797340 -082.35854676 
120 Default hold RWY 01 (near)
111  34.84049152 -082.34808480   4 
115  34.84062864 -082.34808136 
120 Default hold RWY 10 (near)
111  34.84775693 -082.35882044   4 
115  34.84775435 -082.35868678 
120 Default hold RWY 01 (centre)
111  34.84782846 -082.34790051   4 
115  34.84796558 -082.34789706 
120 Default hold RWY 10 (centre)
111  34.84762958 -082.35222775   4 
115  34.84762700 -082.35209409 
120 Default hold RWY 10 (far)
111  34.84750224 -082.34563506   4 
115  34.84749966 -082.34550140 
120 Default hold RWY 01 (far)
111  34.85516540 -082.34771622   4 
115  34.85530252 -082.34771278 
18   34.84872518 -082.35212949 1 BCN
19   34.84023424 -082.34909409 1 WS
19   34.84842023 -082.35906888 1 WS
19   34.85557676 -082.34770582 1 WS
19   34.84749374 -082.34523418 1 WS
50 12707 ASOS
51 11990 CTAF
51 12295 UNICOM
53 12125 GND
54 11990 TWR
55 11880 GREER APP/DEP
