1      588 1 1 KGPM GRAND PRAIRIE MUNI
100   22.86   2   0 0.25 0 2 0 17   32.70428100 -097.04687800    0.00    0.00 2  0 0 0 35   32.69328300 -097.04695600    0.00    0.00 2  0 0 1
21   32.70247955 -097.04656534  1 180.34   3.00 17  VASI
21   32.69508445 -097.04726864  1   0.34   3.00 35  VASI
110   2 0.30 180.34 Default taxiway for RWY 17
111  32.70428160 -097.04699756  53 102 
111  32.70428468 -097.04761143  53 102 
111  32.69328668 -097.04768935  53 102 
111  32.69328360 -097.04707556 
112  32.69348932 -097.04707410  32.69338647 -097.04707750  53 102 
111  32.69338721 -097.04722417  53 102 
112  32.69338819 -097.04741973  32.69338893 -097.04756640  53 102 
111  32.69349179 -097.04756567  53 102 
111  32.69873364 -097.04752852  53 102 
111  32.69873117 -097.04703693 
111  32.69883403 -097.04703620  53 102 
111  32.69883650 -097.04752779  53 102 
112  32.70407835 -097.04749065  32.70418121 -097.04748992  53 102 
111  32.70418047 -097.04734324  53 102 
112  32.70417949 -097.04714765  32.70417875 -097.04700097  53 102 
113  32.70407588 -097.04699902 
120 Default hold RWY 17 (near)
111  32.70428284 -097.04724471  54 
115  32.70417998 -097.04724544 
120 Default hold RWY 17 (centre)
111  32.69883527 -097.04728333  54 
115  32.69873241 -097.04728406 
120 Default hold RWY 17 (far)
111  32.69338770 -097.04732195  54 
115  32.69328484 -097.04732268 
18   32.69877987 -097.04606300 1 BCN
19   32.70448489 -097.04651145 1 WS
19   32.69307911 -097.04732250 1 WS
50 11847 AWOS 3
51 12855 CTAF/UNICOM
53 12115 GND
54 12855 TWR
55 13597 RGNL APP/DEP
