1      964 1 1 KGSP GREENVILLE SPARTANBURG INTL
100   45.72   1   0 0.25 1 3 0 04   34.88288600 -082.22863600    0.00    0.00 3  2 1 0 22   34.90845600 -082.20908100    0.00    0.00 3  8 0 0
21   34.90544831 -082.21083975  1 212.10   3.00 22  VASI
110   1 0.00  32.09 Default taxiway for RWY 04
111  34.88277790 -082.22842586   3 102 
111  34.88223021 -082.22736123   3 102 
111  34.90780177 -082.20781192   3 102 
111  34.90834946 -082.20887689 
112  34.90800089 -082.20914336  34.90817398 -082.20900779   3 102 
111  34.90804282 -082.20875276   3 102 
112  34.90786794 -082.20841272  34.90773679 -082.20815768   3 102 
111  34.90756250 -082.20829093   3 102 
111  34.89521244 -082.21773245   3 102 
111  34.89565083 -082.21858475 
111  34.89547654 -082.21871799   3 102 
111  34.89503815 -082.21786569   3 102 
112  34.88268808 -082.22730721  34.88251380 -082.22744045   3 102 
111  34.88264495 -082.22769540   3 102 
112  34.88281983 -082.22803534  34.88295099 -082.22829030   3 102 
113  34.88312647 -082.22815938 
130 Airport Boundary 5
111  34.87427633 -082.23459925 
111  34.87736926 -082.23208614 
111  34.87742653 -082.23013151 
111  34.87960304 -082.22552415 
111  34.88315418 -082.22287143 
111  34.88223775 -082.22091680 
111  34.90050893 -082.20681550 
111  34.89959251 -082.20507028 
111  34.90932950 -082.19787995 
111  34.91247970 -082.20423256 
111  34.91669786 -082.20136933 
111  34.91778611 -082.20367316 
111  34.91366221 -082.20716379 
111  34.91440681 -082.20849024 
111  34.88324843 -082.23341340 
111  34.87832266 -082.23334359 
113  34.87522974 -082.23564741 
120 Default hold RWY 04 (near)
111  34.88255810 -082.22799862   4 
115  34.88273239 -082.22786537 
120 Default hold RWY 04 (centre)
111  34.89525674 -082.21829068   4 
115  34.89543103 -082.21815744 
120 Default hold RWY 04 (far)
111  34.90795538 -082.20858274   4 
115  34.90812966 -082.20844951 
18   34.89643679 -082.22034907 1 BCN
19   34.88286533 -082.22953986 1 WS
19   34.90847653 -082.20817685 1 WS
50 13425 ATIS
51 12010 CTAF
51 12295 UNICOM
53 12190 GREER GND
54 12010 GREER TWR
55 12060 GREER APP/DEP
55 11880 GREER APP/DEP
55 11940 GREER APP/DEP
