1      955 1 1 KGYH DONALDSON CENTER
100   45.72   2   0 0.25 0 3 0 05   34.74989700 -082.38497200    0.00    0.00 3  8 0 0 23   34.76674200 -082.36785800    0.00    0.00 2  0 0 0
21   34.75228804 -082.38318341  2  39.85   3.00 05  PAPI-4L
21   34.76510161 -082.36888487  2 219.86   3.00 23  PAPI-4L
110   2 0.30  39.85 Default taxiway for RWY 05
112  34.75034326 -082.38484128  34.75018676 -082.38500380  53 102 
111  34.75034494 -082.38523448  53 102 
112  34.75055584 -082.38554206  34.75071402 -082.38577273  53 102 
111  34.75087196 -082.38561232  53 102 
111  34.75890019 -082.37745822  53 102 
111  34.75837149 -082.37668711 
111  34.75852944 -082.37652668  53 102 
111  34.75905814 -082.37729779  53 102 
112  34.76708637 -082.36914370  34.76724432 -082.36898328  53 102 
111  34.76708614 -082.36875255  53 102 
112  34.76687524 -082.36844492  34.76671706 -082.36821419  53 102 
111  34.76655767 -082.36837251 
111  34.76687357 -082.36805166  53 102 
111  34.76753408 -082.36901512  53 102 
111  34.75068788 -082.38612540  53 102 
113  34.75002737 -082.38516213 
120 Default hold RWY 05 (near)
111  34.75045039 -082.38538827  54 
115  34.75029244 -082.38554870 
120 Default hold RWY 05 (centre)
111  34.75879451 -082.37691329  54 
115  34.75863656 -082.37707372 
120 Default hold RWY 05 (far)
111  34.76713864 -082.36843831  54 
115  34.76698069 -082.36859873 
18   34.75739607 -082.37507234 1 BCN
19   34.74997655 -082.38586955 1 WS
19   34.76666233 -082.36696028 1 WS
50 12732 AWOS 3
51 13332 CTAF/UNICOM
52 12140 CLNC DEL
52 12595 CLNC DEL
53 12140 GND
54 13332 TWR
55 11880 GREER APP/DEP
