1       46 0 1 KHDC HAMMOND NORTHSHORE RGNL
100   30.48   1   0 0.25 0 2 0 13   30.52804400 -090.42559400    0.00    0.00 2  0 0 0 31   30.51521900 -090.41121100  207.26    0.00 2  0 0 1
100   45.72   2   0 0.25 0 2 0 18   30.52859700 -090.41922200    0.00    0.00 3  8 0 1 36   30.51484400 -090.41908900    0.00    0.00 2  0 0 1
21   30.52698250 -090.42386232  2 135.99   3.00 13  PAPI-4L
21   30.52585117 -090.41872676  2 179.52   3.00 18  PAPI-4L
21   30.51762224 -090.41444656  2 315.99   3.00 31  PAPI-4L
21   30.51664043 -090.41957500  2 359.52   3.00 36  PAPI-4L
110   1 0.00 135.99 Default taxiway for RWY 13
111  30.52795026 -090.42570663   3 102 
111  30.52747221 -090.42628102   3 102 
111  30.51464800 -090.41189603   3 102 
111  30.51512605 -090.41132171 
112  30.51532331 -090.41154298  30.51522312 -090.41143423   3 102 
111  30.51510876 -090.41157161   3 102 
112  30.51495629 -090.41175480  30.51484193 -090.41189218   3 102 
111  30.51494056 -090.41200281   3 102 
111  30.52110609 -090.41891871   3 102 
111  30.52148884 -090.41845885 
111  30.52158747 -090.41856949   3 102 
111  30.52120472 -090.41902935   3 102 
112  30.52737025 -090.42594525  30.52746888 -090.42605589   3 102 
111  30.52758324 -090.42591848   3 102 
112  30.52773571 -090.42573528  30.52785007 -090.42559787   3 102 
113  30.52775300 -090.42548535 
110   2 0.00 179.52 Default taxiway for RWY 18
111  30.52859530 -090.41945821  53 102 
111  30.52858672 -090.42065494  53 102 
111  30.51483372 -090.42052172  53 102 
111  30.51484230 -090.41932516 
112  30.51525373 -090.41932914  30.51504801 -090.41932976  53 102 
111  30.51504595 -090.41961631  53 102 
112  30.51504321 -090.41999837  30.51504115 -090.42028492  53 102 
111  30.51524686 -090.42028691  53 102 
111  30.52160907 -090.42034853  53 102 
111  30.52161594 -090.41939069 
111  30.52182166 -090.41939268  53 102 
111  30.52181479 -090.42035052  53 102 
112  30.52817700 -090.42041213  30.52838271 -090.42041412  53 102 
111  30.52838477 -090.42012754  53 102 
112  30.52838751 -090.41974542  30.52838957 -090.41945883  53 102 
113  30.52818387 -090.41945423 
130 Airport Boundary 2
111  30.53347384 -090.42941359 
111  30.53138009 -090.43195330 
111  30.52887393 -090.43165872 
111  30.52376645 -090.42418382 
111  30.51618453 -090.42407335 
111  30.51409078 -090.42374195 
111  30.51086683 -090.42361428 
111  30.51085894 -090.40618751 
111  30.52680342 -090.40598632 
111  30.52678414 -090.41679137 
111  30.53626378 -090.41671818 
111  30.53632304 -090.42196019 
111  30.52845430 -090.42189261 
113  30.52823774 -090.42294132 
120 Default hold RWY 13 (near)
111  30.52775811 -090.42593751   4 
115  30.52765948 -090.42582688 
120 Default hold RWY 18 (near)
111  30.52859186 -090.41993847  54 
115  30.52838614 -090.41993648 
120 Default hold RWY 13 (centre)
111  30.52139532 -090.41880036   4 
115  30.52129669 -090.41868972 
120 Default hold RWY 18 (centre)
111  30.52181822 -090.41987291  54 
115  30.52161250 -090.41987092 
120 Default hold RWY 13 (far)
111  30.51503253 -090.41166321   4 
115  30.51493390 -090.41155257 
120 Default hold RWY 18 (far)
111  30.51504458 -090.41980734  54 
115  30.51483886 -090.41980535 
18   30.52173259 -090.41748385 1 BCN
19   30.52852715 -090.42547176 1 WS
19   30.52901357 -090.41850951 1 WS
19   30.51473585 -090.41133330 1 WS
19   30.51442743 -090.41980138 1 WS
50 11832 AWOS 3
51 12270 CTAF/UNICOM
55 11930 NEW ORLEANS APP/DEP
55 12550 NEW ORLEANS APP/DEP
