1      573 1 1 KHOP CAMPBELL AAF
100   60.96   1   0 0.25 0 3 0 05   36.66122800 -087.50510300  272.80  304.80 2  0 0 0 23   36.68452500 -087.47697800    0.00   30.48 3  7 0 0
100   45.72   1   0 0.25 0 0 0 18   36.67716700 -087.49636900    0.00    0.00 2  0 0 0 36   36.66481400 -087.49614200    0.00    0.00 2  0 0 0
110   1 0.30  44.07 Default taxiway for RWY 05
111  36.66103879 -087.50485933   3 102 
111  36.66008333 -087.50362887   3 102 
111  36.68338364 -087.47551193   3 102 
111  36.68433910 -087.47674276 
112  36.68394492 -087.47721841  36.68414044 -087.47697858   3 102 
111  36.68391151 -087.47668366   3 102 
112  36.68360626 -087.47629044  36.68337733 -087.47599553   3 102 
111  36.68318024 -087.47623335   3 102 
111  36.67202281 -087.48969721   3 102 
111  36.67278749 -087.49068213 
111  36.67259040 -087.49091996   3 102 
111  36.67182572 -087.48993504   3 102 
112  36.66066828 -087.50339890  36.66047120 -087.50363673   3 102 
111  36.66070013 -087.50393156   3 102 
112  36.66100538 -087.50432466  36.66123431 -087.50461949   3 102 
113  36.66143296 -087.50438368 
110   1 0.30 179.16 Default taxiway for RWY 18
111  36.67716400 -087.49662268   3 
111  36.67714881 -087.49790789   3 
111  36.66479581 -087.49768060   3 
111  36.66481100 -087.49639560 
112  36.66522240 -087.49640316  36.66501667 -087.49640218   3 
111  36.66501303 -087.49670991   3 
112  36.66500818 -087.49712021  36.66500454 -087.49742794   3 
111  36.66521024 -087.49743173   3 
111  36.67087249 -087.49753589   3 
111  36.67088465 -087.49650725 
111  36.67109035 -087.49651103   3 
111  36.67107819 -087.49753967   3 
112  36.67674044 -087.49764384  36.67694614 -087.49764762   3 
111  36.67694978 -087.49733984   3 
112  36.67695463 -087.49692948  36.67695827 -087.49662170   3 
113  36.67675260 -087.49661511 
120 Default hold RWY 05 (near)
111  36.66065567 -087.50436593   4 
115  36.66085276 -087.50412811 
120 Default hold RWY 18 (near)
111  36.67715790 -087.49713844   4 
115  36.67695220 -087.49713466 
120 Default hold RWY 05 (centre)
111  36.67220728 -087.49042649   4 
115  36.67240437 -087.49018866 
120 Default hold RWY 18 (centre)
111  36.67108425 -087.49702675   4 
115  36.67087855 -087.49702297 
120 Default hold RWY 05 (far)
111  36.68375889 -087.47648705   4 
115  36.68395598 -087.47624922 
120 Default hold RWY 18 (far)
111  36.66501060 -087.49691506   4 
115  36.66480490 -087.49691128 
19   36.66140616 -087.50631571 1 WS
19   36.67758750 -087.49560711 1 WS
19   36.68434655 -087.47576498 1 WS
19   36.66439351 -087.49690376 1 WS
50 12517 ATIS
53 12180 GND
54 12090 TWR
55 13435 APP
55 11810 APP
56 11810 DEP
