1      540 0 1 KHOT MEMORIAL FLD
100   45.72   1   0 0.25 0 3 0 05   34.47302500 -093.10626100    0.00    0.00 3  8 0 0 23   34.48360300 -093.08850000    0.00    0.00 2  0 0 0
100   45.72   1   0 0.25 0 2 0 13   34.48153300 -093.09919700    0.00    0.00 2  0 0 1 31   34.47367200 -093.08946100    0.00    0.00 2  0 0 0
21   34.48222182 -093.08998325  2 234.16   3.00 23  PAPI-4L
110   1 0.00  54.15 Default taxiway for RWY 05
111  34.47286008 -093.10611644   3 102 
111  34.47202453 -093.10538404   3 102 
111  34.48260381 -093.08762518   3 102 
111  34.48343936 -093.08835767 
112  34.48319838 -093.08876220  34.48331705 -093.08855833   3 102 
111  34.48311695 -093.08838292   3 102 
112  34.48285016 -093.08814903  34.48265007 -093.08797362   3 102 
111  34.48252958 -093.08817589   3 102 
111  34.47754117 -093.09654965   3 102 
111  34.47820997 -093.09713592 
111  34.47808948 -093.09733819   3 102 
111  34.47742068 -093.09675192   3 102 
112  34.47243227 -093.10512567  34.47231177 -093.10532794   3 102 
111  34.47251186 -093.10550333   3 102 
112  34.47277865 -093.10573719  34.47297875 -093.10591258   3 102 
113  34.47310107 -093.10571191 
110   1 0.00 134.40 Default taxiway for RWY 13
111  34.48138763 -093.09936971   3 102 
111  34.48065114 -093.10024475   3 102 
111  34.47279053 -093.09050773   3 102 
111  34.47352702 -093.08963278 
112  34.47381490 -093.08998939  34.47366935 -093.08981300   3 102 
111  34.47349298 -093.09002253   3 102 
112  34.47325782 -093.09030190  34.47308145 -093.09051143   3 102 
111  34.47322539 -093.09068973   3 102 
111  34.47679584 -093.09511247   3 102 
111  34.47738535 -093.09441210 
111  34.47752930 -093.09459040   3 102 
111  34.47693979 -093.09529077   3 102 
112  34.48051023 -093.09971351  34.48065418 -093.09989182   3 102 
111  34.48083055 -093.09968227   3 102 
112  34.48106571 -093.09940287  34.48124208 -093.09919332   3 102 
113  34.48109974 -093.09901310 
130 Airport Boundary 7
112  34.47467210 -093.09411996  34.47418994 -093.08799303 
111  34.47467210 -093.09411996 
111  34.47196279 -093.09136303 
111  34.47193983 -093.09010988 
111  34.47235312 -093.08983141 
111  34.47205463 -093.08882889 
111  34.47210055 -093.08804915 
111  34.47304192 -093.08782637 
111  34.47400625 -093.08726941 
111  34.47460322 -093.08718587 
111  34.47517723 -093.08757574 
111  34.47563643 -093.08768713 
111  34.47632524 -093.08827193 
111  34.47738141 -093.08857826 
111  34.47846054 -093.08877319 
111  34.47933303 -093.08863395 
111  34.47979223 -093.08885673 
111  34.48045808 -093.08894028 
111  34.48078952 -093.08874511 
111  34.48143240 -093.08818813 
111  34.48225897 -093.08724126 
111  34.48283298 -093.08635009 
111  34.48382027 -093.08554246 
111  34.48501420 -093.08309174 
111  34.48754982 -093.08245067 
111  34.48780238 -093.08673965 
111  34.48697581 -093.08754731 
111  34.48702173 -093.08910694 
111  34.48732021 -093.08916264 
111  34.48734317 -093.09010956 
111  34.48722837 -093.09325667 
111  34.48174088 -093.10175108 
111  34.48077655 -093.10099912 
112  34.48077655 -093.10099912  34.47992086 -093.10007246 
111  34.47900861 -093.10102697 
111  34.47708008 -093.10383592 
111  34.47730968 -093.10417012 
111  34.47694232 -093.10497776 
111  34.47636831 -093.10497776 
111  34.47515142 -093.10676014 
111  34.47460037 -093.10926661 
111  34.47310796 -093.10937801 
111  34.47303908 -093.11416816 
111  34.47168442 -093.11414031 
112  34.47016905 -093.11046415  34.47007721 -093.10795768 
111  34.47016905 -093.11046415 
111  34.47053641 -093.10779058 
113  34.47276355 -093.10422582 
120 Default hold RWY 05 (near)
111  34.47252477 -093.10582252   4 
115  34.47264526 -093.10562026 
120 Default hold RWY 13 (near)
111  34.48109207 -093.09972087   4 
115  34.48094813 -093.09954257 
120 Default hold RWY 05 (centre)
111  34.47775417 -093.09704425   4 
115  34.47787466 -093.09684198 
120 Default hold RWY 13 (centre)
111  34.47723374 -093.09494154   4 
115  34.47708979 -093.09476324 
120 Default hold RWY 05 (far)
111  34.48298356 -093.08826598   4 
115  34.48310405 -093.08806372 
120 Default hold RWY 13 (far)
111  34.47337540 -093.09016221   4 
115  34.47323146 -093.08998390 
18   34.47863312 -093.09310820 1 BCN
19   34.47328424 -093.10710401 1 WS
19   34.48226182 -093.09902974 1 WS
19   34.48334363 -093.08765694 1 WS
19   34.47294319 -093.08962833 1 WS
50 11992 ASOS
51 12300 CTAF/UNICOM
55 12782 MEMPHIS CNTR
