1       34 0 1 KHPY BAYTOWN
100   15.24   1   0 0.25 0 1 0 14   29.79083100 -094.95680600   96.62    0.00 2  0 0 0 32   29.78134400 -094.94853600  100.58    0.00 2  0 0 0
21   29.78884681 -094.95472999  1 142.89   3.00 14  VASI
21   29.78335675 -094.95063646  1 322.89   3.00 32  VASI
110   1 0.30 142.89 Default taxiway for RWY 14
111  29.79079098 -094.95686695   3 102 
111  29.79058275 -094.95718408   3 102 
111  29.78109601 -094.94891326   3 102 
111  29.78130424 -094.94859616 
112  29.78141361 -094.94869151  29.78135756 -094.94864590   3 102 
111  29.78130791 -094.94872151   3 102 
112  29.78124171 -094.94882232  29.78119206 -094.94889793   3 102 
111  29.78124675 -094.94894561   3 102 
111  29.78585341 -094.95296182   3 102 
111  29.78602027 -094.95270771 
111  29.78607495 -094.95275539   3 102 
111  29.78590809 -094.95300950   3 102 
112  29.79051475 -094.95702572  29.79056943 -094.95707339   3 102 
111  29.79061908 -094.95699777   3 102 
112  29.79068528 -094.95689695  29.79073493 -094.95682133   3 102 
113  29.79068161 -094.95677160 
120 Default hold RWY 14 (near)
111  29.79070687 -094.95699504   4 
115  29.79065218 -094.95694736 
120 Default hold RWY 14 (centre)
111  29.78599084 -094.95288348   4 
115  29.78593616 -094.95283580 
120 Default hold RWY 14 (far)
111  29.78127481 -094.94877191   4 
115  29.78122013 -094.94872424 
18   29.78637829 -094.95223044 1 BCN
19   29.79106450 -094.95671231 1 WS
19   29.78111050 -094.94862970 1 WS
51 12280 CTAF/UNICOM
55 13445 HOUSTON APP/DEP
