1       23 1 1 KHSA STENNIS INTL
100   45.72   1   0 0.25 0 3 0 18   30.37949200 -089.45456900    0.00    0.00 3  8 0 1 36   30.35612500 -089.45465000    0.00    0.00 2  0 0 1
21   30.37655270 -089.45411125  2 180.17   3.00 18  PAPI-4L
21   30.35792605 -089.45511162  2   0.17   3.00 36  PAPI-4L
110   1 0.00 180.17 Default taxiway for RWY 18
111  30.37949261 -089.45480486   3 102 
111  30.37949569 -089.45599979   3 102 
111  30.35612869 -089.45608047   3 102 
111  30.35612561 -089.45488582 
112  30.35653706 -089.45488439  30.35633134 -089.45488772   3 102 
111  30.35633207 -089.45517381   3 102 
112  30.35633306 -089.45555526  30.35633380 -089.45584135   3 102 
111  30.35653953 -089.45584064   3 102 
111  30.36770872 -089.45580205   3 102 
111  30.36770625 -089.45484570 
111  30.36791197 -089.45484498   3 102 
111  30.36791444 -089.45580133   3 102 
112  30.37908363 -089.45576275  30.37928936 -089.45576203   3 102 
111  30.37928862 -089.45547588   3 102 
112  30.37928763 -089.45509433  30.37928690 -089.45480817   3 102 
113  30.37908116 -089.45480629 
130 Airport Boundary 5
111  30.38436788 -089.45289184 
111  30.38431069 -089.45719339 
111  30.34768009 -089.45708766 
111  30.34900944 -089.45217525 
111  30.36564428 -089.45192546 
111  30.36571614 -089.44971904 
111  30.38319726 -089.44968397 
113  30.38313033 -089.45286421 
120 Default hold RWY 18 (near)
111  30.37949385 -089.45528440   4 
115  30.37928813 -089.45528510 
120 Default hold RWY 18 (centre)
111  30.36791321 -089.45532446   4 
115  30.36770749 -089.45532518 
120 Default hold RWY 18 (far)
111  30.35633257 -089.45536454   4 
115  30.35612685 -089.45536524 
18   30.36780539 -089.45294045 1 BCN
19   30.37990160 -089.45385217 1 WS
19   30.35571540 -089.45536665 1 WS
50 11837 AWOS 3
51 12300 CTAF/UNICOM
52 12432 CLNC DEL
53 12172 GND
54 12715 TWR
55 12460 GULFPORT APP/DEP
55 12750 GULFPORT APP/DEP
