1     4444 0 1 KHVE HANKSVILLE
100   22.86   1   0 0.25 0 1 0 08   38.41861100 -110.71583900  182.88    0.00 2  0 0 0 26   38.41777800 -110.69638900  182.88    0.00 2  0 0 0
100   36.58   3   0 0.25 0 0 0 17   38.43172800 -110.70258100    0.00    0.00 1  0 0 0 35   38.41805600 -110.70416900    0.00    0.00 1  0 0 0
110   1 0.30  93.12 Default taxiway for RWY 08
111  38.41851054 -110.71584600   3 102 
111  38.41799475 -110.71588191   3 102 
111  38.41716336 -110.69643169   3 102 
111  38.41767915 -110.69639578 
112  38.41769035 -110.69665796  38.41768250 -110.69652702   3 102 
111  38.41755925 -110.69653560   3 102 
112  38.41739492 -110.69654705  38.41727166 -110.69655563   3 102 
111  38.41727726 -110.69668672   3 102 
111  38.41767895 -110.70608410   3 102 
111  38.41809204 -110.70605534 
111  38.41809765 -110.70618643   3 102 
111  38.41768456 -110.70621519   3 102 
112  38.41808624 -110.71561258  38.41809185 -110.71574367   3 102 
111  38.41821511 -110.71573509   3 102 
112  38.41837944 -110.71572364  38.41850269 -110.71571506   3 102 
113  38.41849933 -110.71558382 
120 Default hold RWY 08 (near)
111  38.41830287 -110.71586046   4 
115  38.41829727 -110.71572937 
120 Default hold RWY 08 (centre)
111  38.41788998 -110.70620089   4 
115  38.41788437 -110.70606980 
120 Default hold RWY 08 (far)
111  38.41747708 -110.69654133   4 
115  38.41747148 -110.69641024 
19   38.41892897 -110.71607982 1 WS
19   38.43201105 -110.70191522 1 WS
19   38.41746000 -110.69614826 1 WS
19   38.41777294 -110.70483464 1 WS
51 12280 CTAF/UNICOM
