1     4744 1 1 KIDA IDAHO FALLS RGNL
100   45.72   1   0 0.25 0 3 0 02   43.50251400 -112.08521400    0.00    0.00 2  0 0 1 20   43.52196700 -112.06432200    0.00    0.00 3  8 0 0
100   22.86   1   0 0.25 0 2 0 17   43.52259200 -112.06159400    0.00    0.00 2  0 0 0 35   43.51148900 -112.06210300    0.00    0.00 2  0 0 0
21   43.50416554 -112.08409927  1  37.91   3.00 02  VASI
21   43.52078314 -112.06126182  2 181.90   3.00 17  PAPI-4L
21   43.51978828 -112.06595711  2 217.92   3.00 20  PAPI-4L
21   43.51329785 -112.06243516  2   1.90   3.00 35  PAPI-4L
110   1 0.00 181.90 Default taxiway for RWY 17
111  43.52259534 -112.06173268   3 102 
111  43.52261251 -112.06244468   3 102 
111  43.51150951 -112.06295361   3 102 
111  43.51149234 -112.06224174 
112  43.51169795 -112.06223232  43.51159523 -112.06224013   3 102 
111  43.51159933 -112.06241024   3 102 
112  43.51160480 -112.06263705  43.51160890 -112.06280715   3 102 
111  43.51171170 -112.06280244   3 102 
111  43.51700619 -112.06255973   3 102 
111  43.51699244 -112.06198957 
111  43.51709524 -112.06198486   3 102 
111  43.51710899 -112.06255502   3 102 
112  43.52240348 -112.06231233  43.52250629 -112.06230761   3 102 
111  43.52250219 -112.06213747   3 102 
112  43.52249672 -112.06191063  43.52249262 -112.06174049   3 102 
113  43.52238973 -112.06174211 
110   1 0.00  37.91 Default taxiway for RWY 02
111  43.50238899 -112.08499267   3 102 
111  43.50175564 -112.08387132   3 102 
111  43.52121054 -112.06298561   3 102 
111  43.52184389 -112.06410733 
112  43.52151926 -112.06445584  43.52168019 -112.06427913   3 102 
111  43.52152852 -112.06401051   3 102 
112  43.52132629 -112.06365234  43.52117462 -112.06338372   3 102 
111  43.52101231 -112.06355798   3 102 
111  43.51169065 -112.07356516   3 102 
111  43.51219760 -112.07446287 
111  43.51203528 -112.07463712   3 102 
111  43.51152833 -112.07373941   3 102 
112  43.50220668 -112.08374659  43.50204436 -112.08392084   3 102 
111  43.50219603 -112.08418938   3 102 
112  43.50239826 -112.08454743  43.50254993 -112.08481597   3 102 
113  43.50271363 -112.08464417 
130 Airport Boundary 3
111  43.49652336 -112.09301452 
111  43.49654918 -112.08653732 
111  43.49895046 -112.08628820 
111  43.49884718 -112.08304960 
111  43.50111937 -112.08301401 
111  43.50383049 -112.07781802 
111  43.50391769 -112.07306636 
111  43.50883213 -112.07301900 
111  43.50885091 -112.07217060 
111  43.50933390 -112.07220975 
111  43.50933390 -112.07107434 
111  43.50927709 -112.05721455 
111  43.51203656 -112.05740882 
111  43.52033002 -112.05862269 
111  43.52584006 -112.06108957 
111  43.52584006 -112.06394803 
111  43.52584006 -112.06805950 
111  43.52041523 -112.06774625 
111  43.51973357 -112.06860770 
111  43.51959156 -112.07099627 
111  43.51851227 -112.07080048 
111  43.51257620 -112.07683065 
111  43.51183774 -112.07671318 
111  43.50867326 -112.07993347 
111  43.50802001 -112.08302659 
111  43.50645788 -112.08337897 
113  43.49758458 -112.09310729 
120 Default hold RWY 17 (near)
111  43.52260225 -112.06201934   4 
115  43.52249945 -112.06202405 
120 Default hold RWY 02 (near)
111  43.50213482 -112.08454266   4 
115  43.50229714 -112.08436841 
120 Default hold RWY 17 (centre)
111  43.51710215 -112.06227149   4 
115  43.51699935 -112.06227620 
120 Default hold RWY 02 (centre)
111  43.51178111 -112.07418704   4 
115  43.51194343 -112.07401279 
120 Default hold RWY 17 (far)
111  43.51160206 -112.06252364   4 
115  43.51149925 -112.06252835 
120 Default hold RWY 02 (far)
111  43.52142740 -112.06383142   4 
115  43.52158972 -112.06365717 
18   43.51701665 -112.06085807 1 BCN
19   43.50256854 -112.08623384 1 WS
19   43.52278740 -112.06116112 1 WS
19   43.52191227 -112.06330184 1 WS
19   43.51129360 -112.06253579 1 WS
50 13532 ASOS
50 13532 ATIS
51 11850 CTAF
51 12295 UNICOM
53 12170 GND
54 11850 TWR
