1      875 0 1 KIPJ LINCOLNTON LINCOLN CO RGNL
100   30.48   1   0 0.25 0 2 0 05   35.47819200 -081.16802800   91.44   60.96 2  0 0 1 23   35.48846700 -081.15435300  182.88   60.96 2  0 0 1
21   35.48021701 -081.16594026  2  47.30   3.00 05  PAPI-4L
21   35.48588422 -081.15718413  2 227.31   3.00 23  PAPI-4L
110   1 0.30  47.30 Default taxiway for RWY 05
111  35.47809287 -081.16791565   3 102 
111  35.47758727 -081.16734268   3 102 
111  35.48786304 -081.15366934   3 102 
111  35.48836864 -081.15424239 
112  35.48818261 -081.15448992  35.48827397 -081.15436428   3 102 
111  35.48815303 -081.15422720   3 102 
112  35.48799176 -081.15404443  35.48787082 -081.15390734   3 102 
111  35.48777780 -081.15403111   3 102 
111  35.48287245 -081.16055835   3 102 
111  35.48327726 -081.16101714 
111  35.48318425 -081.16114091   3 102 
111  35.48277944 -081.16068212   3 102 
112  35.47787409 -081.16720937  35.47778107 -081.16733313   3 102 
111  35.47790201 -081.16747019   3 102 
112  35.47806328 -081.16765294  35.47818422 -081.16779001   3 102 
113  35.47827890 -081.16766812 
120 Default hold RWY 05 (near)
111  35.47788964 -081.16768534   4 
115  35.47798265 -081.16756157 
120 Default hold RWY 05 (centre)
111  35.48298102 -081.16091058   4 
115  35.48307403 -081.16078681 
120 Default hold RWY 05 (far)
111  35.48807240 -081.15413581   4 
115  35.48816541 -081.15401204 
18   35.48403375 -081.16199317 1 BCN
19   35.47830833 -081.16861819 1 WS
19   35.48835060 -081.15376275 1 WS
50 11967 AWOS 3
51 12305 CTAF/UNICOM
52 12490 CLNC DEL
55 13475 CHARLOTTE APP/DEP
