1     1110 1 1 KLAW LAWTON FORT SILL RGNL
100   45.72   2   0 0.25 0 3 0 17   34.57855300 -098.41715300    0.00    0.00 2  0 0 1 35   34.55496100 -098.41561900    0.00    0.00 3  8 0 0
21   34.57677586 -098.41657923  1 176.94   3.00 17  VASI
110   2 0.30 176.94 Default taxiway for RWY 17
112  34.57815302 -098.41687951  34.57835857 -098.41689014  53 102 
111  34.57837177 -098.41659073  53 102 
112  34.57838937 -098.41619153  34.57840257 -098.41589212  53 102 
111  34.57819714 -098.41587876  53 102 
111  34.56691472 -098.41514511  53 102 
111  34.56687060 -098.41614572 
111  34.56666517 -098.41613236  53 102 
111  34.56670929 -098.41513176  53 102 
112  34.55542687 -098.41439812  34.55522144 -098.41438476  53 102 
111  34.55520824 -098.41468408  53 102 
112  34.55519064 -098.41508317  34.55517744 -098.41538250  53 102 
111  34.55538275 -098.41539858 
111  34.55497189 -098.41537185  53 102 
111  34.55502702 -098.41412196  53 102 
111  34.57861901 -098.41565597  53 102 
113  34.57856388 -098.41690622 
120 Default hold RWY 17 (near)
111  34.57838057 -098.41639113  54 
115  34.57858600 -098.41640449 
120 Default hold RWY 17 (centre)
111  34.56668729 -098.41563069  54 
115  34.56689272 -098.41564405 
120 Default hold RWY 17 (far)
111  34.55499401 -098.41487026  54 
115  34.55519944 -098.41488363 
18   34.56668162 -098.41813217 1 BCN
19   34.57899686 -098.41643120 1 WS
19   34.55451715 -098.41634059 1 WS
50 12075 ATIS
51 11990 CTAF
51 12295 UNICOM
53 12190 GND
54 11990 TWR
55 12055 FORT SILL APP/DEP
