1      501 0 1 KLNC LANCASTER
100   30.48   1   0 0.25 0 2 0 13   32.58448100 -096.72424200    0.00    0.00 2  0 0 0 31   32.57390600 -096.71387800    0.00    0.00 2  0 0 1
21   32.58330668 -096.72257508  2 140.45   3.00 13  PAPI-4L
21   32.57508045 -096.71554460  2 320.45   3.00 31  PAPI-4L
110   1 0.30 140.45 Default taxiway for RWY 13
111  32.58439510 -096.72436544   3 102 
111  32.58395698 -096.72499500   3 102 
111  32.57338241 -096.71462969   3 102 
111  32.57382053 -096.71400021 
112  32.57403202 -096.71420751  32.57392483 -096.71410591   3 102 
111  32.57382003 -096.71425650   3 102 
112  32.57368029 -096.71445727  32.57357549 -096.71460785   3 102 
111  32.57368124 -096.71471150   3 102 
111  32.57870416 -096.71963502   3 102 
111  32.57905494 -096.71913099 
111  32.57916069 -096.71923464   3 102 
111  32.57880991 -096.71973867   3 102 
112  32.58383283 -096.72466219  32.58393857 -096.72476585   3 102 
111  32.58404337 -096.72461525   3 102 
112  32.58418311 -096.72441445  32.58428791 -096.72426385   3 102 
113  32.58418361 -096.72415814 
120 Default hold RWY 13 (near)
111  32.58421899 -096.72461850   4 
115  32.58411324 -096.72451485 
120 Default hold RWY 13 (centre)
111  32.57898458 -096.71948769   4 
115  32.57887883 -096.71938404 
120 Default hold RWY 13 (far)
111  32.57375016 -096.71435688   4 
115  32.57364442 -096.71425323 
18   32.57980509 -096.71818096 1 BCN
19   32.58495450 -096.72407280 1 WS
19   32.57343251 -096.71404722 1 WS
50 11897 AWOS 3
51 12270 CTAF/UNICOM
55 12520 RGNL APP/DEP
