1      302 0 1 KLOM WINGS FLD
100   22.86   1   0 0.25 0 2 0 06   40.13451400 -075.27042500   51.82    0.00 2  0 0 1 24   40.14061400 -075.25984200    0.00    0.00 2  0 0 1
21   40.13611859 -075.26829523  2  52.98   3.00 06  PAPI-4L
21   40.13929031 -075.26148514  2 232.99   3.00 24  PAPI-4L
110   1 0.30  52.98 Default taxiway for RWY 06
111  40.13443367 -075.27034577   3 102 
111  40.13402122 -075.26993898   3 102 
111  40.14012170 -075.25935689   3 102 
111  40.14053415 -075.25976371 
112  40.14041029 -075.25997856  40.14047042 -075.25986936   3 102 
111  40.14037186 -075.25977215   3 102 
112  40.14024046 -075.25964253  40.14014190 -075.25954532   3 102 
111  40.14007997 -075.25965275   3 102 
111  40.13718456 -075.26467523   3 102 
111  40.13751488 -075.26500103 
111  40.13745295 -075.26510846   3 102 
111  40.13712263 -075.26478266   3 102 
112  40.13422721 -075.26980513  40.13416528 -075.26991256   3 102 
111  40.13426384 -075.27000977   3 102 
112  40.13439524 -075.27013937  40.13449380 -075.27023658   3 102 
113  40.13455753 -075.27013092 
120 Default hold RWY 06 (near)
111  40.13426761 -075.27018199   4 
115  40.13432954 -075.27007457 
120 Default hold RWY 06 (centre)
111  40.13728689 -075.26494467   4 
115  40.13734882 -075.26483724 
120 Default hold RWY 06 (far)
111  40.14030616 -075.25970734   4 
115  40.14036809 -075.25959992 
18   40.13813805 -075.26569995 1 BCN
19   40.13463543 -075.27088178 1 WS
19   40.14049252 -075.25938520 1 WS
50 11892 AWOS 3
51 12300 CTAF/UNICOM
52 11855 CLNC DEL
55 12685 PHILADELPHIA APP/DEP
