1     1013 0 0 KLQK Pickens Co
100   29.87   1   0 0.00 0 2 0 05   34.80502206 -082.70865635    0.00    0.00 2  0 0 0 23   34.81492194 -082.69710565    0.00    0.00 2  0 0 0
21   34.80644452 -082.70764718  2  41.27   3.00 I-L PAPI-4L
21   34.81348511 -082.69814999  2 221.19   3.00 I-L PAPI-4L
110   1 0.00  43.80 Taxiway 1
111  34.80549500 -082.70795198 
111  34.80495037 -082.70854680 
111  34.80492533 -082.70852550 102 
111  34.80454802 -082.70799392 102 
111  34.80743456 -082.70464346 102 
112  34.80745178 -082.70451240  34.80740158 -082.70445585 
111  34.80745178 -082.70451240 102 
111  34.80707730 -082.70400944 
111  34.80683194 -082.70361626 
111  34.80717199 -082.70320736 
112  34.80721073 -082.70298194  34.80716262 -082.70286801 
111  34.80721073 -082.70298194 
111  34.80715478 -082.70286137 
112  34.80715478 -082.70286137  34.80710667 -082.70277674 
112  34.80723656 -082.70249440  34.80733278 -082.70237722 
111  34.80723656 -082.70249440 
111  34.80762826 -082.70195969 
111  34.80767992 -082.70201735 
111  34.80726728 -082.70262546 
112  34.80726728 -082.70262546  34.80721383 -082.70273288 
111  34.80725437 -082.70283642 
111  34.80731359 -082.70295590 
112  34.80739582 -082.70295573  34.80743859 -082.70290039 
111  34.80739582 -082.70295573 
111  34.80746573 -082.70288114 
111  34.80752496 -082.70296097 
111  34.80702134 -082.70356384 
112  34.80702134 -082.70356384  34.80698927 -082.70360290 
111  34.80702564 -082.70364248 
111  34.80718119 -082.70385940 
111  34.80770144 -082.70323851 
111  34.80800275 -082.70362645 
111  34.80747761 -082.70424504 
112  34.80747761 -082.70424504  34.80742683 -082.70430363 102 
111  34.80746900 -082.70435513 102 
111  34.80751204 -082.70443377 
112  34.80751204 -082.70443377  34.80755597 -082.70449032 102 
111  34.80759383 -082.70443901 102 
111  34.80817044 -082.70377356 102 
112  34.80817905 -082.70353241  34.80809953 -082.70340866 
111  34.80817905 -082.70353241 102 
111  34.80791217 -082.70317068 
111  34.80824361 -082.70278798 
111  34.80851716 -082.70245201 
111  34.80857075 -082.70238557 
111  34.80884193 -082.70204481 
111  34.80891812 -082.70195516 
111  34.80904424 -082.70180366 
111  34.80888497 -082.70160445 
111  34.80987587 -082.70044586 102 
111  34.81034505 -082.70104875 102 
112  34.81049343 -082.70103827  34.81057277 -082.70095898 
111  34.81049343 -082.70103827 102 
111  34.81427730 -082.69661081 
112  34.81427730 -082.69661081  34.81432590 -082.69655458 102 
112  34.81459583 -082.69665800  34.81468816 -082.69679117 
111  34.81459583 -082.69665800 102 
111  34.81482008 -082.69697934 
113  34.81482490 -082.69700475 
111  34.81456486 -082.69721772 102 
112  34.81461219 -082.69697504  34.81459033 -082.69687146 
111  34.81461219 -082.69697504 102 
111  34.81450771 -082.69673533 
112  34.81450771 -082.69673533  34.81443239 -082.69666134 102 
112  34.81427932 -082.69683299  34.81426474 -082.69697208 102 
111  34.81435221 -082.69704903 102 
111  34.81445669 -082.69720884 
114  34.81445669 -082.69720884  34.81449071 -082.69725619 102 
111  34.81434625 -082.69754244 102 
112  34.81437607 -082.69733017  34.81434205 -082.69727394 
111  34.81437607 -082.69733017 102 
111  34.81424729 -082.69712005 
112  34.81424729 -082.69712005  34.81410880 -082.69696025 102 
111  34.81402619 -082.69709342 102 
112  34.80951381 -082.70240311  34.80943606 -082.70248597 102 
111  34.80948952 -082.70261618 102 
111  34.80967175 -082.70283220 
112  34.80967175 -082.70283220  34.80973006 -082.70289435 102 
113  34.80979479 -082.70285758 
111  34.81022242 -082.70136312 
112  34.81022242 -082.70136312  34.81027320 -082.70129802 102 
111  34.81022509 -082.70116781 102 
111  34.80928430 -082.70228760 102 
112  34.80942595 -082.70228760  34.80948475 -082.70222249 
113  34.80942595 -082.70228760 102 
111  34.80915046 -082.70260032 
112  34.80915046 -082.70260032  34.80921461 -082.70252545 102 
112  34.80909434 -082.70252545  34.80901950 -082.70260032 
111  34.80909434 -082.70252545 102 
111  34.80831391 -082.70342061 102 
112  34.80846091 -082.70342387  34.80853841 -082.70333598 
113  34.80846091 -082.70342387 102 
111  34.80775871 -082.70339583 
111  34.80773454 -082.70336965 
112  34.80770405 -082.70340635  34.80770660 -082.70344680 
111  34.80770405 -082.70340635 
113  34.80772567 -082.70343800 
111  34.80768387 -082.70349023 
111  34.80766164 -082.70346093 
112  34.80762313 -082.70350518  34.80762909 -082.70355393 
111  34.80762313 -082.70350518 
113  34.80764657 -082.70353254 
111  34.80759835 -082.70358137 
111  34.80757479 -082.70355372 
112  34.80754125 -082.70359721  34.80754466 -082.70364804 
111  34.80754125 -082.70359721 
113  34.80756093 -082.70362369 
111  34.80751549 -082.70368228 
111  34.80749755 -082.70365046 
112  34.80749755 -082.70365046  34.80745363 -082.70364588 
111  34.80745871 -082.70369643 
113  34.80747884 -082.70372060 
111  34.80743782 -082.70376997 
111  34.80741628 -082.70374200 
112  34.80741628 -082.70374200  34.80736608 -082.70374353 
111  34.80737602 -082.70378870 
113  34.80739740 -082.70381840 
111  34.80734569 -082.70387393 
111  34.80732933 -082.70385381 
112  34.80732933 -082.70385381  34.80729168 -082.70384769 
111  34.80730195 -082.70389114 
113  34.80731504 -082.70391339 
111  34.80728029 -082.70395245 
111  34.80726705 -082.70393518 
112  34.80726705 -082.70393518  34.80722814 -082.70393824 
111  34.80723672 -082.70397158 
113  34.80725057 -082.70399038 
111  34.80958573 -082.70310349 102 
112  34.80959174 -082.70297139  34.80956234 -082.70293111 
111  34.80959174 -082.70297139 102 
111  34.80941909 -082.70272855 
112  34.80941909 -082.70272855  34.80932538 -082.70263009 102 
111  34.80923185 -082.70273117 102 
111  34.80774283 -082.70444306 
112  34.80774283 -082.70444306  34.80764177 -082.70461313 102 
111  34.80775467 -082.70472417 102 
111  34.80789670 -082.70483589 
112  34.80789670 -082.70483589  34.80797387 -082.70490079 102 
113  34.80813639 -082.70479625 
111  34.80786763 -082.70355432 
111  34.80789262 -082.70358122 
112  34.80792956 -082.70354047  34.80793642 -082.70348722 
111  34.80792956 -082.70354047 
113  34.80790862 -082.70350910 
111  34.80783131 -082.70360326 
111  34.80779370 -082.70364343 
111  34.80781912 -082.70367207 
112  34.80785654 -082.70362894  34.80785825 -082.70358509 
113  34.80785654 -082.70362894 
111  34.80775677 -082.70368709 
111  34.80771949 -082.70373440 
111  34.80774025 -082.70376663 
112  34.80778218 -082.70371410  34.80777790 -082.70366295 
113  34.80778218 -082.70371410 
111  34.80768222 -082.70377138 
111  34.80763529 -082.70382182 
111  34.80766289 -082.70385881 
112  34.80770845 -082.70380669  34.80771359 -082.70374405 
113  34.80770845 -082.70380669 
111  34.80759473 -082.70387267 
111  34.80755369 -082.70392328 
111  34.80757992 -082.70395261 
112  34.80762062 -082.70390675  34.80762662 -082.70385769 
113  34.80762062 -082.70390675 
111  34.80751033 -082.70397100 
111  34.80746963 -082.70402189 
111  34.80749743 -082.70405280 
112  34.80753751 -082.70400549  34.80754008 -082.70395225 
113  34.80753751 -082.70400549 
111  34.80743045 -082.70406410 
111  34.80739337 -082.70410938 
111  34.80741327 -082.70413686 
112  34.80745173 -082.70409129  34.80745687 -082.70403805 
113  34.80745173 -082.70409129 
111  34.80774224 -082.70526248 102 
112  34.80773618 -082.70495232  34.80769778 -082.70483909 
111  34.80773618 -082.70495232 102 
111  34.80765736 -082.70481202 102 
112  34.80746939 -082.70478248  34.80736227 -082.70487602 
111  34.80746939 -082.70478248 102 
111  34.80508820 -082.70754145 
112  34.80508820 -082.70754145  34.80502555 -082.70763007 102 
111  34.80509831 -082.70776299 102 
111  34.80524989 -082.70797960 
112  34.80524989 -082.70797960  34.80529638 -082.70803129 102 
113  34.80539946 -082.70799683 
111  34.80491804 -082.70824406 
112  34.80491804 -082.70824406  34.80500697 -082.70830313 102 
111  34.80511207 -082.70824898 102 
112  34.80515249 -082.70808898  34.80513834 -082.70800529 
111  34.80515249 -082.70808898 102 
111  34.80498676 -082.70786253 
112  34.80498676 -082.70786253  34.80485741 -082.70777145 102 
112  34.80477252 -082.70807175  34.80481496 -082.70826375 
113  34.80477252 -082.70807175 102 
111  34.80790240 -082.70350535 
111  34.80779809 -082.70337003 
111  34.80725842 -082.70400244 
113  34.80735989 -082.70413706 
111  34.80994333 -082.70054283 
111  34.80987517 -082.70045186 
111  34.80978743 -082.70055437 
113  34.80985323 -082.70064572 
110   2 0.00  43.80 H Pad
111  34.80985323 -082.70064572 
111  34.80978743 -082.70055437 
111  34.80987517 -082.70045186 
113  34.80994333 -082.70054283 
110   2 0.00  43.80 H Pad
111  34.80857075 -082.70238557 
111  34.80837174 -082.70212966 
111  34.80861576 -082.70182975 
111  34.80874047 -082.70199076 
111  34.80876988 -082.70195504 
113  34.80884193 -082.70204481 
110   2 0.00  43.80 H Pad
111  34.80735989 -082.70413706 
111  34.80725842 -082.70400244 
111  34.80779809 -082.70337003 
113  34.80790240 -082.70350535 
110   3 0.00   0.00 WS Circle
112  34.81126344 -082.70282711  34.81111727 -082.70282711  21 
111  34.81111815 -082.70262962  21 
112  34.81126518 -082.70245178  34.81140198 -082.70246091  21 
113  34.81141159 -082.70265000  21 
130 Airport Boundary
111  34.80393299 -082.71182822 
111  34.80228025 -082.70978837 
111  34.80668012 -082.70451194 
111  34.80549640 -082.70285286 
111  34.80987394 -082.69787562 
111  34.81092365 -082.69926272 
111  34.81597123 -082.69371431 
113  34.81764631 -082.69594455 
120 TL
112  34.80845141 -082.70352294  34.80836427 -082.70361121  51 
111  34.80825998 -082.70350440  51 
112  34.80823270 -082.70378605  34.80815333 -082.70389743 
111  34.80823270 -082.70378605 
111  34.80832761 -082.70360871 
111  34.80825998 -082.70350440  51 
115  34.80812171 -082.70331487 
120 TL
111  34.81013976 -082.70267033  51 
111  34.80989228 -082.70295939 
112  34.80989228 -082.70295939  34.80978099 -082.70304975  51 
111  34.80966134 -082.70293910  51 
111  34.80943757 -082.70263967 
112  34.80943757 -082.70263967  34.80937717 -082.70252514  51 
111  34.80944145 -082.70237131 
112  34.80944145 -082.70237131  34.80937070 -082.70243961  51 
111  34.80923746 -082.70236200 
112  34.80923746 -082.70236200  34.80928060 -082.70242505  51 
111  34.80922700 -082.70263250 
112  34.80922700 -082.70263250  34.80932449 -082.70256420  51 
111  34.80943757 -082.70263967  51 
111  34.80934018 -082.70250191  51 
111  34.80923746 -082.70236200  51 
111  34.80918013 -082.70228436  51 
112  34.80906008 -082.70225253  34.80901262 -082.70229246 
111  34.80906008 -082.70225253  51 
111  34.80892938 -082.70238633 
111  34.80890288 -082.70235389 
111  34.80926906 -082.70195746 
111  34.80927830 -082.70199350  51 
111  34.80917215 -082.70212639 
112  34.80917215 -082.70212639  34.80913419 -082.70217683  51 
111  34.80918013 -082.70228436 
111  34.80966134 -082.70293910  51 
112  34.80968803 -082.70319649  34.80962677 -082.70331733 
111  34.80968803 -082.70319649  51 
115  34.80944055 -082.70348555 
120 TL
112  34.80760330 -082.70452277  34.80754820 -082.70455435  51 
111  34.80750435 -082.70450021  51 
112  34.80752383 -082.70462434  34.80750114 -082.70468039 
111  34.80752383 -082.70462434 
111  34.80766773 -082.70472437  51 
111  34.80750435 -082.70450021  51 
111  34.80693944 -082.70370878  51 
112  34.80694778 -082.70355091  34.80699769 -082.70347592 
111  34.80694778 -082.70355091  51 
115  34.80728403 -082.70316242 
120 TL
111  34.80850127 -082.70458080  51 
111  34.80825380 -082.70486986 
112  34.80825380 -082.70486986  34.80802176 -082.70508309  51 
111  34.80775873 -082.70484070  51 
111  34.80766773 -082.70472437  51 
112  34.80766977 -082.70444659  34.80775036 -082.70433490 
111  34.80766977 -082.70444659 
111  34.80744043 -082.70471866  51 
112  34.80766773 -082.70472437  34.80775249 -082.70481406 
111  34.80766773 -082.70472437 
111  34.80775873 -082.70484070  51 
112  34.80776530 -082.70544005  34.80758745 -082.70574973 
111  34.80776530 -082.70544005  51 
115  34.80751783 -082.70572910 
120 TL
112  34.81050688 -082.70112378  34.81044192 -082.70119941  51 
111  34.81028401 -082.70112293  51 
112  34.81029511 -082.70137408  34.81021773 -082.70147647 
111  34.81029511 -082.70137408 
111  34.81035712 -082.70123475 
111  34.81028401 -082.70112293  51 
111  34.81023774 -082.70105917  51 
112  34.81009132 -082.70106466  34.81001681 -082.70114494 
111  34.81009132 -082.70106466  51 
111  34.80927830 -082.70199350 
111  34.80914759 -082.70160237  51 
111  34.80985454 -082.70078276  51 
112  34.81000131 -082.70078483  34.81007678 -082.70084882 
111  34.81000131 -082.70078483  51 
115  34.81023774 -082.70105917 
120 TL
111  34.81450197 -082.69757969  51 
111  34.81474944 -082.69729064  51 
112  34.81476467 -082.69701508  34.81471161 -082.69693815 
111  34.81476467 -082.69701508  51 
111  34.81455374 -082.69669859  51 
112  34.81432357 -082.69665506  34.81419094 -082.69674275 
111  34.81432357 -082.69665506  51 
111  34.81406066 -082.69695990  51 
112  34.81423748 -082.69700057  34.81430443 -082.69709442 
111  34.81423748 -082.69700057  51 
111  34.81447810 -082.69733992 
112  34.81447810 -082.69733992  34.81455262 -082.69746301  51 
111  34.81446406 -082.69762328  51 
111  34.81421659 -082.69791234 
111  34.81406066 -082.69695990  51 
111  34.81050688 -082.70112378  51 
111  34.81029511 -082.70137408  51 
111  34.80944145 -082.70237131  51 
111  34.80934018 -082.70250191  51 
111  34.80922700 -082.70263250  51 
111  34.80845141 -082.70352294  51 
111  34.80823270 -082.70378605  51 
111  34.80766977 -082.70444659  51 
111  34.80760330 -082.70452277  51 
111  34.80752383 -082.70462434  51 
111  34.80744043 -082.70471866  51 
111  34.80503396 -082.70750274 
112  34.80503396 -082.70750274  34.80494836 -082.70759767  51 
111  34.80500339 -082.70776033  51 
111  34.80521886 -082.70807773 
112  34.80521886 -082.70807773  34.80532432 -082.70820617  51 
111  34.80547661 -082.70811092  51 
111  34.80572408 -082.70782186 
111  34.80503396 -082.70750274  51 
111  34.80468929 -082.70790518 
112  34.80468929 -082.70790518  34.80461899 -082.70800756  51 
111  34.80470732 -082.70812125  51 
111  34.80492796 -082.70841488 
112  34.80492796 -082.70841488  34.80503190 -082.70851912  51 
111  34.80515411 -082.70848608  51 
115  34.80540158 -082.70819702 
120 RH
111  34.80465441 -082.70814023  54 
115  34.80476140 -082.70802109 
120 RH
111  34.80492494 -082.70782751  54 
115  34.80506250 -082.70767115 
120 RH
111  34.80757110 -082.70474358  54 
115  34.80769796 -082.70460025 
120 RH
111  34.80936142 -082.70268647  54 
115  34.80946994 -082.70255989 
120 RH
111  34.81414909 -082.69704669  54 
115  34.81427692 -082.69689438 
120 RH
111  34.81444678 -082.69669787  54 
115  34.81451979 -082.69659580 
14   34.80889300 -082.70134900    0 0 Tower Viewpoint
15   34.80934071 -082.70170583 313.67 FBO
15   34.80978683 -082.70118204 313.77 Gen Avia Parking
15   34.81432357 -082.69665506  41.91 Hold Short Rwy23
15   34.80466562 -082.70800649 275.93 Hold Short Rwy5
15   34.80748155 -082.70358147 218.99 T-Hanger
18   34.80932454 -082.70103185 1 BCN
19   34.81126990 -082.70262799 1 WS
50 12000 AWOS 3
51 12280 CTAF/UNICOM
55 11880 GREER APP/DEP
