1      654 1 0 KLSE LA CROSSE MUNI
100   45.72   2   0 0.25 0 3 0 18   43.89324700 -091.25887200    0.00    0.00 3  8 0 0 36   43.86983100 -091.25855800  281.64    0.00 2  0 0 1
100   45.72   1   0 0.25 0 3 0 13   43.88478600 -091.26491400    0.00    0.00 2  0 0 1 31   43.87318900 -091.24850800  228.60    0.00 2  0 0 0
100   45.72   1   0 0.25 0 3 0 03   43.86996400 -091.25980600    0.00  274.32 2  0 0 0 21   43.88166700 -091.24788600    0.00  320.04 2  0 0 0
21   43.87165378 -091.25878002  2  36.28   3.00 03  PAPI-4L
21   43.88379491 -091.26276494  1 134.44   3.00 13  VASI
21   43.89037046 -091.25827320  2 179.45   3.00 18  PAPI-4L
21   43.87997732 -091.24891254  2 216.29   3.00 21  PAPI-4L
21   43.87562098 -091.25269378  1 314.45   3.00 31  VASI
21   43.87416153 -091.25913866  1 359.45   3.00 36  VASI
10   43.87712500 -091.25568400 xxx 134.00  4900 0.0 0.0   100 161161  2 0 0 0.25 0
10   43.88570800 -091.25718700 xxx 360.00  5460 0.0 0.0   100 161161  2 0 0 0.25 0
10   43.87987100 -091.24836000 xxx 128.00   500 0.0 0.0   100 161161  2 0 0 0.25 0
10   43.87023200 -091.26015500 xxx 120.00   350 0.0 0.0   100 161161  2 0 0 0.25 0
10   43.88309500 -091.25788900 xxx  90.00   400 0.0 0.0   100 161161  2 0 0 0.25 0
10   43.87308100 -091.24859600 xxx  43.00   500 0.0 0.0   100 161161  2 0 0 0.25 0
10   43.88218700 -091.26158900 xxx  43.00   500 0.0 0.0   100 161161  2 0 0 0.25 0
10   43.87123900 -091.25956000 xxx  90.00   500 0.0 0.0   100 161161  2 0 0 0.25 0
10   43.87740300 -091.25788900 xxx  33.00   600 0.0 0.0   100 161161  2 0 0 0.25 0
10   43.86993400 -091.25846900 xxx  91.00   700 0.0 0.0   100 161161  2 0 0 0.25 0
10   43.87670900 -091.26065100 xxx  90.00  1000 0.0 0.0   100 161161  2 0 0 0.25 0
10   43.87237900 -091.25375400 xxx  36.00  1800 0.0 0.0   400 161161  2 0 0 0.25 0
10   43.87471000 -091.25807200 xxx  90.00  3000 0.0 0.0   100 161161  2 0 0 0.25 0
10   43.87547700 -091.26055100 xxx 360.00  3700 0.0 0.0   100 161161  2 0 0 0.25 0
10   43.87468300 -091.25244900 xxx  36.00  4400 0.0 0.0   100 161161  2 0 0 0.25 0
10   43.89308900 -091.25788900 xxx  90.00   500 0.0 0.0   100 161161  2 0 0 0.25 0
18   43.88155443 -091.25671711 1 BCN
19   43.86999755 -091.26083384 1 WS
19   43.88551475 -091.26472212 1 WS
19   43.89366440 -091.25802113 1 WS
19   43.88163335 -091.24685796 1 WS
19   43.87246029 -091.24870004 1 WS
19   43.86941361 -091.25940854 1 WS
50 12495 ATIS
51 11845 CTAF
51 12295 UNICOM
53 12180 GND
54 11845 TWR
