1     1085 1 1 KLUF LUKE AFB
100   45.72   1   0 0.25 0 3 0 03L  33.52297500 -112.39856400    0.00  304.80 2  0 0 0 21R  33.54324200 -112.37634400    0.00  304.80 2  0 0 0
100   45.72   2   0 0.25 0 3 0 03R  33.52682200 -112.38989200    0.00  304.80 3  0 0 0 21L  33.54686100 -112.36790800    0.00  320.04 3  0 0 0
21   33.52457604 -112.39746522  2  42.42   3.00 03L PAPI-4L
21   33.52929107 -112.38784034  2  42.44   3.00 03R PAPI-4L
21   33.54470014 -112.36962294  2 222.45   3.00 21L PAPI-4L
21   33.54164115 -112.37744346  2 222.43   3.00 21R PAPI-4L
110   2 0.30  42.44 Default taxiway for RWY 03R
111  33.52668471 -112.38971186  53 102 
111  33.52598913 -112.38879918  53 102 
111  33.54603007 -112.36682003  53 102 
111  33.54672565 -112.36773291 
112  33.54642198 -112.36806594  33.54657230 -112.36789743  53 102 
111  33.54640572 -112.36767882  53 102 
112  33.54618362 -112.36738733  33.54601705 -112.36716872  53 102 
111  33.54586521 -112.36733524  53 102 
111  33.53622433 -112.37790850  53 102 
111  33.53678110 -112.37863912 
111  33.53662926 -112.37880565  53 102 
111  33.53607249 -112.37807503  53 102 
112  33.52643161 -112.38864829  33.52627977 -112.38881480  53 102 
111  33.52644634 -112.38903336  53 102 
112  33.52666844 -112.38932478  33.52683502 -112.38954334  53 102 
113  33.52698838 -112.38937883 
110   1 0.30  42.42 Default taxiway for RWY 03L
111  33.52283775 -112.39838382   3 102 
111  33.52214240 -112.39747094   3 102 
111  33.54241138 -112.37525589   3 102 
111  33.54310673 -112.37616898 
112  33.54280298 -112.37650189  33.54295334 -112.37633344   3 102 
111  33.54278682 -112.37611478   3 102 
112  33.54256480 -112.37582323  33.54239827 -112.37560456   3 102 
111  33.54224639 -112.37577102   3 102 
111  33.53249159 -112.38646239   3 102 
111  33.53304818 -112.38719317 
111  33.53289630 -112.38735962   3 102 
111  33.53233971 -112.38662884   3 102 
112  33.52258491 -112.39732020  33.52243303 -112.39748666   3 102 
111  33.52259956 -112.39770528   3 102 
112  33.52282158 -112.39799676  33.52298810 -112.39821537   3 102 
113  33.52314150 -112.39805090 
120 Default hold RWY 03R (near)
111  33.52640556 -112.38934559  54 
115  33.52655739 -112.38917907 
120 Default hold RWY 03L (near)
111  33.52255870 -112.39801747   4 
115  33.52271057 -112.39785102 
120 Default hold RWY 03R (centre)
111  33.53635011 -112.37843934  54 
115  33.53650195 -112.37827282 
120 Default hold RWY 03L (centre)
111  33.53261725 -112.38699324   4 
115  33.53276913 -112.38682678 
120 Default hold RWY 03R (far)
111  33.54629467 -112.36753308  54 
115  33.54644650 -112.36736657 
120 Default hold RWY 03L (far)
111  33.54267581 -112.37596900   4 
115  33.54282768 -112.37580255 
18   33.53781266 -112.38017928 4 BCN
19   33.52308755 -112.39944344 1 WS
19   33.52693477 -112.39077144 1 WS
19   33.54674808 -112.36702838 1 WS
19   33.54312929 -112.37546439 1 WS
50 13492 ATIS
52 12625 CLNC DEL
53 13317 GND
54 11910 TWR
55 12070 APP/DEP
