1     1717 0 1 KMDS MADISON MUNI
100   22.86   1   0 0.25 0 2 0 15   44.02291700 -097.09088900    0.00    0.00 2  0 0 1 33   44.01061700 -097.08248100    0.00    0.00 2  0 0 1
100   60.96   3   0 0.25 0 0 0 03   44.01150000 -097.08728300    0.00    0.00 1  0 0 0 21   44.01747200 -097.08172800    0.00    0.00 1  0 0 0
21   44.02143454 -097.08940918  2 153.82   3.00 15  PAPI-4L
21   44.01209957 -097.08396032  2 333.83   3.00 33  PAPI-4L
110   1 0.30 153.82 Default taxiway for RWY 15
111  44.02287261 -097.09101457   3 102 
111  44.02264470 -097.09165924   3 102 
111  44.01034501 -097.08324934   3 102 
111  44.01057292 -097.08260480 
112  44.01075754 -097.08273103  44.01066424 -097.08267072   3 102 
111  44.01060978 -097.08282473   3 102 
112  44.01053716 -097.08303009  44.01048270 -097.08318411   3 102 
111  44.01057501 -097.08324723   3 102 
111  44.01649408 -097.08729437   3 102 
111  44.01667661 -097.08677812 
111  44.01676892 -097.08684124   3 102 
111  44.01658639 -097.08735749   3 102 
112  44.02250546 -097.09140464  44.02259777 -097.09146776   3 102 
111  44.02265223 -097.09131371   3 102 
112  44.02272485 -097.09110831  44.02277931 -097.09095426   3 102 
113  44.02268799 -097.09088834 
120 Default hold RWY 15 (near)
111  44.02278085 -097.09127412   4 
115  44.02268854 -097.09121101 
120 Default hold RWY 15 (centre)
111  44.01667716 -097.08710077   4 
115  44.01658485 -097.08703765 
120 Default hold RWY 15 (far)
111  44.01057347 -097.08292741   4 
115  44.01048116 -097.08286430 
18   44.01708509 -097.08578790 1 BCN
19   44.01150153 -097.08865813 1 WS
19   44.02323717 -097.09063182 1 WS
19   44.01747041 -097.08035273 1 WS
19   44.01029685 -097.08273817 1 WS
51 12280 CTAF/UNICOM
