1     1180 0 1 KMML SOUTHWEST MINNESOTA RGNL MARSHALL
100   30.48   1   0 0.25 0 3 0 12   44.45466700 -095.83159700    0.00    0.00 2  8 0 0 30   44.44585000 -095.81688600    0.00    0.00 2  0 0 1
100   22.86   1   0 0.25 0 2 0 02   44.44603600 -095.82247800    0.00    0.00 2  0 0 1 20   44.45571900 -095.81528300    0.00    0.00 2  0 0 1
21   44.44776701 -095.82166902  2  27.94   3.00 02  PAPI-4L
21   44.45374582 -095.82938820  1 130.01   3.00 12  VASI
21   44.45398803 -095.81609235  2 207.95   3.00 20  PAPI-4L
21   44.44677147 -095.81909424  1 310.02   3.00 30  VASI
110   1 0.30  27.94 Default taxiway for RWY 02
111  44.44598886 -095.82235350   3 102 
111  44.44574682 -095.82171428   3 102 
111  44.45543005 -095.81452034   3 102 
111  44.45567209 -095.81515967 
112  44.45549034 -095.81529469  44.45558015 -095.81522439   3 102 
111  44.45552232 -095.81507162   3 102 
112  44.45544520 -095.81486793  44.45538737 -095.81471516   3 102 
111  44.45529650 -095.81478267   3 102 
111  44.45068207 -095.81821085   3 102 
111  44.45087591 -095.81872283 
111  44.45078504 -095.81879034   3 102 
111  44.45059120 -095.81827836   3 102 
112  44.44597676 -095.82170654  44.44588589 -095.82177405   3 102 
111  44.44594372 -095.82192680   3 102 
112  44.44602084 -095.82213046  44.44607867 -095.82228320   3 102 
113  44.44617060 -095.82221848 
110   1 0.30 130.01 Default taxiway for RWY 12
111  44.45456368 -095.83171851   3 102 
111  44.45403673 -095.83233820   3 102 
111  44.44522067 -095.81762487   3 102 
111  44.44574762 -095.81700527 
112  44.44592398 -095.81729959  44.44583408 -095.81715445   3 102 
111  44.44570802 -095.81730267   3 102 
112  44.44553995 -095.81750029  44.44541390 -095.81764851   3 102 
111  44.44550208 -095.81779567   3 102 
111  44.44968966 -095.82478443   3 102 
111  44.45011156 -095.82428831 
111  44.45019974 -095.82443547   3 102 
111  44.44977784 -095.82493159   3 102 
112  44.45396542 -095.83192034  44.45405360 -095.83206750   3 102 
111  44.45417965 -095.83191926   3 102 
112  44.45434772 -095.83172161  44.45447378 -095.83157337   3 102 
113  44.45438732 -095.83142419 
120 Default hold RWY 02 (near)
111  44.44589141 -095.82209614   4 
115  44.44598228 -095.82202863 
120 Default hold RWY 12 (near)
111  44.45435187 -095.83196760   4 
115  44.45426369 -095.83182044 
120 Default hold RWY 02 (centre)
111  44.45068759 -095.81853296   4 
115  44.45077846 -095.81846545 
120 Default hold RWY 12 (centre)
111  44.44998793 -095.82468454   4 
115  44.44989975 -095.82453738 
120 Default hold RWY 02 (far)
111  44.45548376 -095.81496978   4 
115  44.45557464 -095.81490226 
120 Default hold RWY 12 (far)
111  44.44562399 -095.81740148   4 
115  44.44553581 -095.81725432 
18   44.45099515 -095.82337719 1 BCN
19   44.44599821 -095.82299318 1 WS
19   44.45515849 -095.83152072 1 WS
19   44.45575677 -095.81476773 1 WS
19   44.44535852 -095.81696238 1 WS
51 12280 CTAF/UNICOM
