1       97 1 1 KMOD MODESTO CITY CO HARRY SHAM
100   45.72   1   0 0.25 0 3 0 10L  37.62975000 -120.96012500    0.00    0.00 2  0 0 1 28R  37.62064400 -120.94322800    0.00    0.00 3  8 0 0
100   30.48   1   0 0.25 0 2 0 10R  37.62954200 -120.96405600    0.00    0.00 2  0 0 0 28L  37.62421400 -120.95416900    0.00    0.00 2  0 0 0
21   37.62904909 -120.95797843  1 124.23   3.00 10L VASI
21   37.62880667 -120.96193899  2 124.23   3.00 10R PAPI-4L
21   37.62494950 -120.95628577  2 304.24   3.00 28L PAPI-4L
110   1 0.30 124.23 Default taxiway for RWY 10R
111  37.62943047 -120.96415181   3 102 
111  37.62886163 -120.96464046   3 102 
111  37.62353404 -120.95475271   3 102 
111  37.62410288 -120.95426410 
112  37.62425718 -120.95455046  37.62417817 -120.95440887   3 102 
111  37.62404209 -120.95452576   3 102 
112  37.62386066 -120.95468160  37.62372459 -120.95479849   3 102 
111  37.62380174 -120.95494167   3 102 
111  37.62627266 -120.95952759   3 102 
111  37.62672810 -120.95913637 
111  37.62680525 -120.95927955   3 102 
111  37.62634981 -120.95967077   3 102 
112  37.62882074 -120.96425669  37.62889788 -120.96439987   3 102 
111  37.62903395 -120.96428298   3 102 
112  37.62921538 -120.96412712  37.62935146 -120.96401023   3 102 
113  37.62927618 -120.96386545 
110   1 0.30 124.23 Default taxiway for RWY 10L
111  37.62958177 -120.96026951   3 102 
111  37.62872943 -120.96100166   3 102 
111  37.61962463 -120.94410248   3 102 
111  37.62047697 -120.94337042 
112  37.62070840 -120.94379997  37.62059083 -120.94358679   3 102 
111  37.62038671 -120.94376210   3 102 
112  37.62011456 -120.94399585  37.61991045 -120.94417116   3 102 
111  37.62002616 -120.94438594   3 102 
111  37.62428928 -120.95229858   3 102 
111  37.62497152 -120.95171258 
111  37.62508723 -120.95192735   3 102 
111  37.62440499 -120.95251335   3 102 
112  37.62866810 -120.96042599  37.62878382 -120.96064078   3 102 
111  37.62898793 -120.96046545   3 102 
112  37.62926008 -120.96023167  37.62946420 -120.96005634   3 102 
113  37.62935034 -120.95983996 
120 Default hold RWY 10R (near)
111  37.62920182 -120.96434823   4 
115  37.62912467 -120.96420505 
120 Default hold RWY 10L (near)
111  37.62923972 -120.96056333   4 
115  37.62912401 -120.96034856 
120 Default hold RWY 10R (centre)
111  37.62657660 -120.95947596   4 
115  37.62649945 -120.95933278 
120 Default hold RWY 10L (centre)
111  37.62474518 -120.95222115   4 
115  37.62462947 -120.95200638 
120 Default hold RWY 10R (far)
111  37.62395138 -120.95460368   4 
115  37.62387423 -120.95446050 
120 Default hold RWY 10L (far)
111  37.62025064 -120.94387898   4 
115  37.62013492 -120.94366420 
18   37.62767267 -120.95843160 1 BCN
19   37.63049171 -120.96011622 1 WS
19   37.63003647 -120.96405013 1 WS
19   37.62371952 -120.95417493 1 WS
19   37.61990229 -120.94323695 1 WS
50 12770 ASOS
50 12770 ATIS
51 12530 CTAF
51 12295 UNICOM
53 12170 GND
54 12530 TWR
55 12095 NORCAL APP/DEP
55 12385 NORCAL APP/DEP
55 12510 NORCAL APP/DEP
