1     1165 0 1 KMPV EDWARD F KNAPP STATE
100   30.48   1   0 0.25 0 2 0 17   44.20661900 -072.56778600    0.00    0.00 3  8 0 0 35   44.19454700 -072.55873900  148.44    0.00 2  0 0 1
100   30.48   1   0 0.25 0 0 0 05   44.20249700 -072.56530800  157.28    0.00 2  0 0 0 23   44.21181400 -072.55709200    0.00    0.00 2  0 0 0
21   44.20499509 -072.56603800  2 151.75   3.00 17  PAPI-4L
110   1 0.00  32.30 Default taxiway for RWY 05
111  44.20242493 -072.56514893   3 
111  44.20205735 -072.56433768   3 
111  44.21137464 -072.55612283   3 
111  44.21174222 -072.55693421 
112  44.21151036 -072.55713864  44.21162508 -072.55703377   3 
111  44.21153715 -072.55683967   3 
112  44.21141991 -072.55658088  44.21133198 -072.55638679   3 
111  44.21121605 -072.55648901   3 
111  44.20684723 -072.56034088   3 
111  44.20714154 -072.56099046 
111  44.20702561 -072.56109268   3 
111  44.20673130 -072.56044310   3 
112  44.20236249 -072.56429497  44.20224655 -072.56439719   3 
111  44.20233448 -072.56459125   3 
112  44.20245172 -072.56485001  44.20253965 -072.56504407   3 
113  44.20265680 -072.56494450 
110   1 0.00 151.75 Default taxiway for RWY 17
111  44.20655515 -072.56795177   3 102 
111  44.20622950 -072.56879722   3 102 
111  44.19415786 -072.55974817   3 102 
111  44.19448351 -072.55890289 
112  44.19472513 -072.55908401  44.19460325 -072.55899621   3 102 
111  44.19452535 -072.55919842   3 102 
112  44.19442149 -072.55946802  44.19434359 -072.55967023   3 102 
111  44.19446440 -072.55976079   3 102 
111  44.20019819 -072.56405889   3 102 
111  44.20045892 -072.56338205 
111  44.20057973 -072.56347261   3 102 
111  44.20031900 -072.56414945   3 102 
112  44.20605279 -072.56844756  44.20617361 -072.56853812   3 102 
111  44.20625151 -072.56833588   3 102 
112  44.20635537 -072.56806622  44.20643327 -072.56786398   3 102 
113  44.20631352 -072.56777065 
130 Airport Boundary 5
111  44.20226701 -072.56692398 
111  44.19906857 -072.56961972 
111  44.19861165 -072.56790425 
111  44.19998241 -072.56491442 
111  44.19548350 -072.56270882 
111  44.19432362 -072.56118940 
111  44.19351522 -072.55957195 
111  44.19256623 -072.56001307 
111  44.19179298 -072.55692522 
111  44.19267168 -072.55643509 
111  44.19284742 -072.55535679 
111  44.19650278 -072.55785648 
111  44.19843591 -072.55800352 
111  44.20096655 -072.56109137 
111  44.20307541 -072.56177756 
111  44.20497339 -072.56133644 
111  44.20992922 -072.55668015 
111  44.21144058 -072.55476863 
111  44.21336888 -072.55466960 
111  44.21554804 -072.55618918 
111  44.21151853 -072.55859094 
111  44.20682637 -072.56270040 
111  44.20807034 -072.56775350 
111  44.21038368 -072.56957993 
111  44.20988173 -072.57085842 
111  44.20763386 -072.56906244 
113  44.20713191 -072.56976257 
120 Default hold RWY 05 (near)
111  44.20227717 -072.56482284   4 
115  44.20239310 -072.56472063 
120 Default hold RWY 17 (near)
111  44.20642425 -072.56829161   4 
115  44.20630344 -072.56820105 
120 Default hold RWY 05 (centre)
111  44.20687785 -072.56076656   4 
115  44.20699378 -072.56066434 
120 Default hold RWY 17 (centre)
111  44.20044883 -072.56381241   4 
115  44.20032802 -072.56372185 
120 Default hold RWY 05 (far)
111  44.21147853 -072.55671028   4 
115  44.21159446 -072.55660806 
120 Default hold RWY 17 (far)
111  44.19447342 -072.55933322   4 
115  44.19435261 -072.55924266 
18   44.20103762 -072.56208195 1 BCN
19   44.20248496 -072.56599759 1 WS
19   44.20705538 -072.56746151 1 WS
19   44.21182599 -072.55640230 1 WS
19   44.19411065 -072.55906349 1 WS
50 13267 ASOS
51 12280 CTAF/UNICOM
