1        7 0 0 KMTH The Florida Keys Marathon
100   29.87   1   0 0.00 0 2 0 07   24.72352200 -081.05832800    0.00  124.97 2  0 0 1 25   24.72884400 -081.04440800    0.00  124.97 2  0 0 0
21   24.72436665 -081.05702711  2  67.17   3.00 07  PAPI-4L
21   24.72802410 -081.04575360  2 247.18   3.00 25  PAPI-4L
110   1 0.00  67.20 Taxiway 1
111  24.72340874 -081.05827531 
111  24.72338836 -081.05826871 102 
111  24.72312609 -081.05814877 102 
112  24.72300093 -081.05790699  24.72303842 -081.05776563 
111  24.72300093 -081.05790699 102 
111  24.72328623 -081.05716889 
111  24.72334450 -081.05701439 102 
111  24.72342528 -081.05680121 
111  24.72348712 -081.05663773 102 
111  24.72356568 -081.05642951 
111  24.72362496 -081.05627514 102 
111  24.72370833 -081.05605501 
111  24.72376447 -081.05590532 102 
111  24.72385220 -081.05567586 
111  24.72391282 -081.05551489 102 
111  24.72403514 -081.05519942 
112  24.72403514 -081.05519942  24.72402514 -081.05501640 102 
111  24.72388536 -081.05509342 
111  24.72384631 -081.05518902 
111  24.72324700 -081.05492067 
111  24.72406831 -081.05278548 
111  24.72408507 -081.05279471 
111  24.72442565 -081.05295984 
111  24.72443427 -081.05293694 
111  24.72453526 -081.05299202 
111  24.72460103 -081.05282308 
112  24.72459372 -081.05276140  24.72456497 -081.05274351 
111  24.72459372 -081.05276140 
111  24.72450847 -081.05271313 
111  24.72448167 -081.05279090 
111  24.72426732 -081.05269168 
111  24.72437206 -081.05242385 
111  24.72483243 -081.05266788 
111  24.72463513 -081.05315202 
111  24.72475448 -081.05320956 
111  24.72478971 -081.05320420 
111  24.72474705 -081.05330480 
111  24.72472993 -081.05327364 
111  24.72461058 -081.05321899 
111  24.72459372 -081.05326052 
112  24.72459372 -081.05326052  24.72461997 -081.05344078 102 
111  24.72475448 -081.05333828 102 
111  24.72513203 -081.05234072 
111  24.72470876 -081.05214216 
111  24.72476260 -081.05199698 
111  24.72469683 -081.05195944 
111  24.72472001 -081.05188574 
111  24.72475504 -081.05179725 
112  24.72490144 -081.05191922  24.72493774 -081.05200247 
111  24.72490144 -081.05191922 
111  24.72498031 -081.05198154 
111  24.72508169 -081.05202648 
112  24.72508169 -081.05202648  24.72514219 -081.05205479 
111  24.72520861 -081.05201937 
111  24.72521902 -081.05199292 
112  24.72517913 -081.05194067  24.72514131 -081.05192235 
111  24.72517913 -081.05194067 
111  24.72493798 -081.05183072 
111  24.72504547 -081.05152873 
111  24.72505977 -081.05149153 
111  24.72523271 -081.05102189 
111  24.72525994 -081.05094680 
111  24.72520592 -081.05091380 
111  24.72544706 -081.05029703 
111  24.72548910 -081.05019197 
111  24.72541508 -081.05015304 
111  24.72543732 -081.05009054 
111  24.72554937 -081.05013613 
111  24.72557373 -081.05012540 
111  24.72558728 -081.05009638 
111  24.72561026 -081.05010663 
111  24.72588064 -081.04940356 
111  24.72585628 -081.04939283 
111  24.72587333 -081.04933920 
111  24.72575260 -081.04928522 
111  24.72573936 -081.04931774 
111  24.72557946 -081.04924032 
111  24.72561514 -081.04914612 
111  24.72582705 -081.04925070 
111  24.72583192 -081.04923461 
111  24.72585141 -081.04924266 
111  24.72584516 -081.04926074 
111  24.72609864 -081.04937942 
112  24.72609864 -081.04937942  24.72619764 -081.04941878 102 
111  24.72631299 -081.04928556 102 
111  24.72691058 -081.04772003 
112  24.72691058 -081.04772003  24.72689545 -081.04748994 102 
111  24.72671328 -081.04758326 
111  24.72669124 -081.04764213 
111  24.72613599 -081.04739823 
111  24.72675712 -081.04576112 
111  24.72701300 -081.04587558 
111  24.72708994 -081.04568237 
111  24.72686430 -081.04557876 
111  24.72684199 -081.04563466 
112  24.72684199 -081.04563466  24.72687862 -081.04565430 
111  24.72690571 -081.04561363 
111  24.72697391 -081.04564849 
111  24.72691135 -081.04580697 
111  24.72683994 -081.04576916 
111  24.72684481 -081.04575307 
111  24.72676199 -081.04571821 
111  24.72710301 -081.04483279 
111  24.72740870 -081.04496955 
111  24.72751100 -081.04471479 
111  24.72756459 -081.04458676 
111  24.72749395 -081.04455190 
111  24.72755728 -081.04434273 
111  24.72750655 -081.04431906 
111  24.72751906 -081.04429400 
111  24.72769856 -081.04381782 
111  24.72752075 -081.04374273 
111  24.72756216 -081.04361133 
111  24.72784227 -081.04372932 102 
111  24.72798761 -081.04330748 102 
111  24.72836334 -081.04346973 
111  24.72834324 -081.04353274 102 
112  24.72850400 -081.04357296  24.72863028 -081.04346416 
111  24.72850400 -081.04357296 102 
111  24.72903014 -081.04217650 
111  24.72912270 -081.04192442 102 
111  24.72970976 -081.04037265 
112  24.72970976 -081.04037265  24.72973306 -081.04031587 
111  24.72968861 -081.04029220 
111  24.72930619 -081.04014203 
111  24.72928914 -081.04019834 
111  24.72920876 -081.04016884 
111  24.72918541 -081.04024720 
111  24.72912048 -081.04022016 
111  24.72924799 -081.03984500 
111  24.72930607 -081.03986509 
111  24.72928183 -081.03993821 
111  24.72936222 -081.03996771 
111  24.72934517 -081.04002135 
111  24.72971541 -081.04017689 
111  24.72977143 -081.04013666 
111  24.72983963 -081.03992212 
111  24.72981041 -081.03990067 
111  24.72989809 -081.03966736 
111  24.73018308 -081.03977731 
111  24.73022693 -081.03998380 
111  24.73019770 -081.04007498 
111  24.73012219 -081.04004548 
111  24.73007003 -081.04020920 
111  24.73018576 -081.04025453 
111  24.73011407 -081.04046651 
111  24.72987536 -081.04037534 
112  24.72980781 -081.04039803  24.72978785 -081.04044566 
111  24.72980781 -081.04039803 102 
111  24.72839542 -081.04411838 
112  24.72839542 -081.04411838  24.72837293 -081.04417067 102 
111  24.72843677 -081.04424167 102 
111  24.72856555 -081.04427826 102 
111  24.72871314 -081.04435335 
111  24.72872038 -081.04437445 
111  24.72861376 -081.04462877  53 102 
111  24.72847877 -081.04456693 102 
112  24.72823078 -081.04464308  24.72815844 -081.04482007 
111  24.72823078 -081.04464308 102 
111  24.72790600 -081.04545383 
111  24.72789667 -081.04553958 102 
111  24.72793748 -081.04585562 
112  24.72793748 -081.04585562  24.72796077 -081.04607542  53 102 
111  24.72811102 -081.04596678 
111  24.72813538 -081.04595606 
111  24.72789180 -081.04657285 
111  24.72787719 -081.04654603  53 102 
111  24.72783821 -081.04613119  53 102 
111  24.72783495 -081.04611315 102 
112  24.72769206 -081.04603651  24.72759008 -081.04615820 
111  24.72769206 -081.04603651 102 
111  24.72560577 -081.05149923 
112  24.72560577 -081.05149923  24.72557690 -081.05170056 102 
111  24.72573530 -081.05174676 
112  24.72573530 -081.05174676  24.72578892 -081.05177098  53 102 
111  24.72589606 -081.05172531 
111  24.72593260 -081.05169045 
111  24.72578317 -081.05209391 
111  24.72577184 -081.05205515  53 102 
112  24.72566356 -081.05191867  24.72559853 -081.05188703 
111  24.72566356 -081.05191867 102 
112  24.72542352 -081.05198543  24.72536604 -081.05211031 
111  24.72542352 -081.05198543 102 
111  24.72322894 -081.05770492 
112  24.72322894 -081.05770492  24.72317780 -081.05784378 102 
111  24.72335478 -081.05796200  53 102 
111  24.72348923 -081.05802543 
113  24.72350077 -081.05803279 
111  24.72465317 -081.05359728 
112  24.72465317 -081.05359728  24.72465192 -081.05339912 102 
111  24.72448818 -081.05352434 102 
111  24.72397569 -081.05486818 
112  24.72397569 -081.05486818  24.72399569 -081.05499478 102 
113  24.72413069 -081.05494111 102 
111  24.72774417 -081.04551673 
112  24.72774417 -081.04551673  24.72776833 -081.04545467 102 
112  24.72754687 -081.04547382  24.72742729 -081.04573800 
111  24.72754687 -081.04547382 
111  24.72758828 -081.04549796 
111  24.72689651 -081.04733083 
111  24.72685082 -081.04731613 
112  24.72685082 -081.04731613  24.72684628 -081.04753925 102 
113  24.72701343 -081.04742737 102 
111  24.72840930 -081.04381043 102 
112  24.72826259 -081.04373716  24.72814160 -081.04383874 
111  24.72826259 -081.04373716 
111  24.72803421 -081.04432162 
111  24.72798733 -081.04429665 102 
112  24.72804480 -081.04444484  24.72813403 -081.04448481 102 
113  24.72819453 -081.04434993 102 
110   1 0.00  67.20 Taxiway 2
111  24.72894806 -081.04448845 
111  24.72897232 -081.04450040 
111  24.72919883 -081.04457696 
112  24.72919883 -081.04457696  24.72933425 -081.04461927 
111  24.72940863 -081.04442254 
111  24.73062392 -081.04107761 
111  24.73066057 -081.04088407 
111  24.73065861 -081.04052044 
112  24.73065861 -081.04052044  24.73066044 -081.04043984 
111  24.73055947 -081.04039359 
111  24.73055679 -081.04027452 
111  24.73071219 -081.04026969 
111  24.73071114 -081.04029749 
111  24.73073436 -081.04029875 
111  24.73073363 -081.04027264 
111  24.73075239 -081.04027264 
111  24.73074971 -081.04021365 
111  24.73085843 -081.04021204 
111  24.73086687 -081.04048119 
111  24.73075993 -081.04048799 
112  24.73072827 -081.04053224  24.73072600 -081.04056852 
111  24.73072827 -081.04053224 
111  24.73073221 -081.04063700 
112  24.73073221 -081.04063700  24.73073107 -081.04067828 
111  24.73077382 -081.04067008 
111  24.73080455 -081.04067067 
111  24.73080597 -081.04062958 
111  24.73088805 -081.04063253 
111  24.73089100 -081.04114195 
111  24.73099353 -081.04120272 
111  24.73076979 -081.04176924 
111  24.73060707 -081.04212697 
111  24.73032305 -081.04296474 
111  24.73018982 -081.04291274 
111  24.73017726 -081.04295188 
111  24.73009397 -081.04291671 
111  24.73011350 -081.04286556 
111  24.73006995 -081.04284993 
112  24.73002014 -081.04287807  24.73000364 -081.04291894 
111  24.73002014 -081.04287807 
111  24.72947140 -081.04444913 
112  24.72947140 -081.04444913  24.72944029 -081.04458412 
112  24.72917666 -081.04465857  24.72906869 -081.04461424 
111  24.72917666 -081.04465857 
111  24.72897303 -081.04457597 
112  24.72897303 -081.04457597  24.72895327 -081.04456743 
111  24.72892692 -081.04458731 
113  24.72890379 -081.04461014 
111  24.73012979 -081.04282246 
111  24.73016092 -081.04273993 
114  24.73007001 -081.04274903  24.73005142 -081.04280135 
111  24.73017951 -081.04268961 
111  24.73021198 -081.04260431 
114  24.73012153 -081.04261277  24.73010109 -081.04266888 
111  24.73022775 -081.04256173 
111  24.73025977 -081.04247579 
114  24.73016870 -081.04248559  24.73015403 -081.04252591 
111  24.73027455 -081.04243789 
111  24.73030716 -081.04234918 
114  24.73021538 -081.04235931  24.73019754 -081.04240997 
111  24.73032350 -081.04230709 
111  24.73035629 -081.04221981 
114  24.73026409 -081.04223089  24.73024660 -081.04227781 
111  24.73037385 -081.04217353 
111  24.73040709 -081.04208482 
114  24.73031555 -081.04209441  24.73029638 -081.04214696 
111  24.73042227 -081.04204400 
111  24.73045726 -081.04194960 
114  24.73036497 -081.04196333  24.73034395 -081.04201916 
111  24.73047257 -081.04190851 
111  24.73050595 -081.04181995 
114  24.73041536 -081.04183117  24.73039518 -081.04188380 
111  24.73061804 -081.04177752 
111  24.73064279 -081.04178963 
111  24.73065654 -081.04176087 
112  24.73061529 -081.04169578  24.73057773 -081.04166852 
111  24.73061529 -081.04169578 
111  24.73053280 -081.04165188 
112  24.73047054 -081.04168007  24.73045176 -081.04172706 
111  24.73047054 -081.04168007 
112  24.73047054 -081.04168007  24.73044066 -081.04176090 
111  24.73052180 -081.04177450 
113  24.73053967 -081.04173816 
111  24.73081271 -081.04158328 
112  24.73079191 -081.04151707  24.73076351 -081.04149580 
111  24.73079191 -081.04151707 
111  24.73072348 -081.04149208 
111  24.73070268 -081.04154371 
111  24.73062101 -081.04151041 
111  24.73063613 -081.04146045 
112  24.73063613 -081.04146045  24.73058841 -081.04142542 
111  24.73055900 -081.04145046 
111  24.73051930 -081.04155662 
112  24.73051930 -081.04155662  24.73050566 -081.04159290 
111  24.73054539 -081.04161864 
111  24.73070571 -081.04169191 
112  24.73070571 -081.04169191  24.73075002 -081.04170942 
113  24.73077982 -081.04166860 
111  24.73073994 -081.04145229 
111  24.73080195 -081.04148060 
112  24.73087001 -081.04144896  24.73088665 -081.04140067 
111  24.73084430 -081.04137569 
113  24.73077926 -081.04134905 
111  24.73065373 -081.04141660 
111  24.73069003 -081.04132335 
111  24.73066031 -081.04130945 
112  24.73060080 -081.04133500  24.73058265 -081.04138163 
113  24.73061290 -081.04139994 
111  24.73079893 -081.04131669 
111  24.73084884 -081.04133667 
112  24.73084884 -081.04133667  24.73088060 -081.04135665 
111  24.73091085 -081.04131003 
113  24.73081859 -081.04126507 
111  24.73075355 -081.04114684 
111  24.73080399 -081.04114793 
111  24.73080346 -081.04110188 
111  24.73072784 -081.04109522 
112  24.73067944 -081.04112186  24.73067069 -081.04114113 
111  24.73067944 -081.04112186 
111  24.73065373 -081.04120179 
112  24.73065373 -081.04120179  24.73063873 -081.04124170 
111  24.73067944 -081.04126507 
113  24.73070515 -081.04127672 
111  24.73080199 -081.04097720 
111  24.73074159 -081.04097922 
112  24.73071597 -081.04101146  24.73071597 -081.04103773 
111  24.73074525 -081.04104168 
113  24.73080016 -081.04104168 
111  24.73080199 -081.04085027 
111  24.73075989 -081.04085027 
112  24.73073061 -081.04088452  24.73073061 -081.04091705 
111  24.73076355 -081.04091877 
113  24.73080199 -081.04091676 
111  24.73080382 -081.04071931 
111  24.73076721 -081.04072132 
112  24.73073793 -081.04075960  24.73073793 -081.04079213 
111  24.73077087 -081.04079184 
113  24.73080016 -081.04079184 
111  24.73017004 -081.04293772 
111  24.73060639 -081.04178100 
111  24.73054848 -081.04175481 
113  24.73010910 -081.04291487 
111  24.73069902 -081.04153337 
111  24.73080195 -081.04127840 
111  24.73072778 -081.04124507 
113  24.73063091 -081.04150671 
111  24.73088217 -081.04114278 
111  24.73088217 -081.04063952 
111  24.73081254 -081.04063618 
113  24.73081103 -081.04114445 
110   1 0.00 337.20 Taxiway 3
111  24.72903014 -081.04217650 102 
112  24.72899139 -081.04206354  24.72895052 -081.04204521 102 
111  24.72890558 -081.04205469 102 
111  24.72882514 -081.04224953 
111  24.72877198 -081.04223144 
111  24.72875144 -081.04228919 
111  24.72861144 -081.04223144 
111  24.72864280 -081.04215506 
111  24.72854090 -081.04210783 
111  24.72851141 -081.04218163 
111  24.72837664 -081.04211706 
111  24.72855967 -081.04167386 
111  24.72853286 -081.04165910 
111  24.72856806 -081.04155577 
111  24.72877687 -081.04164138 
111  24.72873933 -081.04174433 
111  24.72879331 -081.04176833 
111  24.72882946 -081.04166424 
111  24.72896540 -081.04171866 
111  24.72894278 -081.04178052 
111  24.72900211 -081.04180428 102 
111  24.72898101 -081.04186280 102 
112  24.72902625 -081.04196022  24.72907620 -081.04198022 102 
113  24.72912270 -081.04192442 
111  24.72871470 -081.04197914 
111  24.72873951 -081.04192337 
111  24.72868678 -081.04189833 
113  24.72866197 -081.04195183 
110   1 0.00 337.20 Taxiway 4
111  24.72385220 -081.05567586 
112  24.72381816 -081.05558799  24.72378681 -081.05557143 
111  24.72381816 -081.05558799 
111  24.72369987 -081.05553112 
112  24.72369987 -081.05553112  24.72363969 -081.05550352 
111  24.72362213 -081.05561426 
111  24.72366182 -081.05562937 
111  24.72359856 -081.05579063 
111  24.72350219 -081.05574875 
112  24.72351774 -081.05583433  24.72356663 -081.05585641 
111  24.72351774 -081.05583433 
111  24.72368848 -081.05591215 
112  24.72368848 -081.05591215  24.72372483 -081.05592457 
111  24.72376447 -081.05590532 
111  24.72370833 -081.05605501 
112  24.72366770 -081.05597297  24.72363134 -081.05595640 
111  24.72366770 -081.05597297 
111  24.72355105 -081.05592619 
112  24.72355105 -081.05592619  24.72348962 -081.05589859 
111  24.72347274 -081.05599497 
111  24.72351387 -081.05601497 
111  24.72345555 -081.05616093 
111  24.72337114 -081.05611936 
112  24.72338630 -081.05620112  24.72344021 -081.05623149 
111  24.72338630 -081.05620112 
111  24.72354826 -081.05628339 
112  24.72354826 -081.05628339  24.72358211 -081.05629719 
111  24.72362496 -081.05627514 
111  24.72356568 -081.05642951 
112  24.72352315 -081.05634507  24.72348804 -081.05632713 
111  24.72352315 -081.05634507 
111  24.72341112 -081.05628808 
112  24.72341112 -081.05628808  24.72334969 -081.05625772 
111  24.72333117 -081.05636144 
111  24.72337114 -081.05638100 
111  24.72331340 -081.05653261 
111  24.72322455 -081.05649104 
112  24.72323122 -081.05657417  24.72327384 -081.05659350 
111  24.72323122 -081.05657417 
111  24.72341682 -081.05665443 
112  24.72341682 -081.05665443  24.72345819 -081.05666961 
111  24.72348712 -081.05663773 
111  24.72342528 -081.05680121 
112  24.72339432 -081.05671643  24.72335671 -081.05669573 
111  24.72339432 -081.05671643 
111  24.72327370 -081.05666390 
112  24.72327370 -081.05666390  24.72321728 -081.05663629 
111  24.72319790 -081.05673800 
111  24.72323064 -081.05675204 
111  24.72317569 -081.05689939 
111  24.72308684 -081.05685782 
112  24.72310461 -081.05694829  24.72315978 -081.05697728 
111  24.72310461 -081.05694829 
111  24.72325837 -081.05701676 
112  24.72325837 -081.05701676  24.72330476 -081.05703470 
111  24.72334450 -081.05701439 
111  24.72328623 -081.05716889 
112  24.72323999 -081.05707576  24.72320238 -081.05705643 
111  24.72323999 -081.05707576 
111  24.72254490 -081.05676246 
111  24.72314015 -081.05520952 
111  24.72384019 -081.05552633 
112  24.72384019 -081.05552633  24.72387153 -081.05554014 
113  24.72391282 -081.05551489 
111  24.72337696 -081.05569704 
112  24.72338909 -081.05577553  24.72342898 -081.05579435 
113  24.72345736 -081.05573545 
111  24.72325863 -081.05563691 
112  24.72327228 -081.05571875  24.72331788 -081.05573883 
113  24.72333919 -081.05567482 
111  24.72313878 -081.05558681 
112  24.72315547 -081.05566698  24.72320106 -081.05568705 
113  24.72321767 -081.05562355 
111  24.72305838 -081.05554840 
112  24.72305231 -081.05561854  24.72308309 -081.05563234 
113  24.72310389 -081.05557178 
111  24.72358190 -081.05558999 
112  24.72357856 -081.05547976  24.72353069 -081.05545968 
113  24.72350180 -081.05554957 
111  24.72346508 -081.05553304 
112  24.72345719 -081.05542214  24.72341502 -081.05540457 
113  24.72337998 -081.05549446 
111  24.72334660 -081.05547792 
112  24.72333879 -081.05536837  24.72329206 -081.05534829 
113  24.72326650 -081.05544118 
111  24.72322478 -081.05542648 
112  24.72320977 -081.05531074  24.72314708 -081.05528314 
113  24.72312466 -081.05538423 
111  24.72359255 -081.05577192 
111  24.72364761 -081.05563781 
111  24.72312530 -081.05539899 
113  24.72306856 -081.05554045 
111  24.72343735 -081.05597830 
112  24.72343568 -081.05587175  24.72339123 -081.05585293 
113  24.72336560 -081.05594707 
111  24.72332388 -081.05593054 
112  24.72332546 -081.05581973  24.72327759 -081.05580091 
113  24.72325212 -081.05589563 
111  24.72321207 -081.05587543 
112  24.72321040 -081.05577255  24.72316823 -081.05575498 
113  24.72314198 -081.05584052 
111  24.72310527 -081.05583133 
112  24.72310027 -081.05571743  24.72305468 -081.05569359 
111  24.72310027 -081.05571743 
111  24.72304353 -081.05569539 
113  24.72301015 -081.05578357 
111  24.72325204 -081.05607127 
112  24.72326572 -081.05614280  24.72330105 -081.05615785 
113  24.72332385 -081.05610264 
111  24.72314148 -081.05601606 
112  24.72315288 -081.05609762  24.72318935 -081.05611394 
113  24.72321557 -081.05604994 
111  24.72303434 -081.05596462 
112  24.72304574 -081.05604492  24.72308335 -081.05606375 
113  24.72310045 -081.05599850 
111  24.72295456 -081.05592697 
111  24.72293062 -081.05598846 
112  24.72293062 -081.05598846  24.72297166 -081.05600853 
113  24.72299217 -081.05594705 
111  24.72345150 -081.05614531 
111  24.72350165 -081.05602234 
111  24.72301383 -081.05580024 
113  24.72296368 -081.05591819 
111  24.72329747 -081.05634408 
112  24.72329291 -081.05623617  24.72325416 -081.05621860 
113  24.72322225 -081.05630518 
111  24.72318350 -081.05629013 
112  24.72318122 -081.05618974  24.72314018 -081.05617218 
113  24.72310941 -081.05625499 
111  24.72307408 -081.05623993 
112  24.72307180 -081.05614206  24.72302621 -081.05612198 
113  24.72300911 -081.05621107 
111  24.72296466 -081.05619351 
112  24.72296466 -081.05609031  24.72292249 -081.05606522 
111  24.72296466 -081.05609031 
111  24.72290539 -081.05606050 
113  24.72287006 -081.05615084 
111  24.72311283 -081.05643443 
112  24.72312195 -081.05652101  24.72316412 -081.05653983 
113  24.72318805 -081.05647207 
111  24.72300455 -081.05638423 
112  24.72301367 -081.05646454  24.72305698 -081.05648713 
113  24.72307408 -081.05641435 
111  24.72289285 -081.05633153 
112  24.72290539 -081.05640933  24.72294300 -081.05642815 
113  24.72296580 -081.05636541 
111  24.72281877 -081.05629891 
111  24.72284128 -081.05623806 
111  24.72282219 -081.05622864 
111  24.72276520 -081.05637420 
112  24.72277204 -081.05639553  24.72278457 -081.05640180 
111  24.72277204 -081.05639553 
112  24.72277204 -081.05639553  24.72280167 -081.05640933 
113  24.72284270 -081.05631271 
111  24.72331115 -081.05651584 
111  24.72336016 -081.05638785 
111  24.72287576 -081.05617203 
113  24.72282903 -081.05629625 
111  24.72315842 -081.05672037 
112  24.72315614 -081.05661120  24.72311397 -081.05659364 
113  24.72307978 -081.05668523 
111  24.72304900 -081.05666641 
112  24.72304102 -081.05656478  24.72300341 -081.05654972 
113  24.72297264 -081.05663379 
111  24.72293844 -081.05661371 
112  24.72293047 -081.05651082  24.72288487 -081.05649074 
113  24.72286436 -081.05658234 
111  24.72282903 -081.05656478 
112  24.72282675 -081.05646314  24.72279141 -081.05644808 
111  24.72282675 -081.05646314 
111  24.72278685 -081.05644432 
112  24.72278685 -081.05644432  24.72276748 -081.05643428 
111  24.72275494 -081.05646063 
113  24.72273100 -081.05652588 
111  24.72297150 -081.05681012 
112  24.72298631 -081.05688918  24.72302051 -081.05690549 
113  24.72304672 -081.05683898 
111  24.72286094 -081.05675617 
112  24.72287462 -081.05683647  24.72291679 -081.05685655 
113  24.72293502 -081.05679130 
111  24.72275152 -081.05670723 
112  24.72276748 -081.05678252  24.72280851 -081.05680009 
113  24.72282333 -081.05673986 
111  24.72267630 -081.05667210 
112  24.72267402 -081.05673609  24.72269795 -081.05674989 
113  24.72271733 -081.05669343 
111  24.72317324 -081.05688165 
111  24.72322111 -081.05676119 
111  24.72273328 -081.05654286 
113  24.72268199 -081.05666457 
110   1 0.00  67.20 Runway Shoulder
111  24.72350181 -081.05802938 
111  24.72335582 -081.05795859 
111  24.72847980 -081.04456352 
113  24.72862749 -081.04463235 
110   2 0.00 337.20 Pad
111  24.72306856 -081.05554045 
111  24.72312530 -081.05539899 
111  24.72364761 -081.05563781 
113  24.72359255 -081.05577192 
110   2 0.00 337.20 Pad
111  24.72296368 -081.05591819 
111  24.72301383 -081.05580024 
111  24.72350165 -081.05602234 
113  24.72345150 -081.05614531 
110   2 0.00 337.20 Pad
111  24.72282903 -081.05629625 
111  24.72287576 -081.05617203 
111  24.72336016 -081.05638785 
113  24.72331115 -081.05651584 
110   2 0.00 337.20 Pad
111  24.72268199 -081.05666457 
111  24.72273328 -081.05654286 
111  24.72322111 -081.05676119 
113  24.72317324 -081.05688165 
110   2 0.00  67.20 Pad
111  24.72838570 -081.04210762 
111  24.72812564 -081.04197786 
111  24.72829519 -081.04154535 
111  24.72853286 -081.04165910 
113  24.72855967 -081.04167386 
110   2 0.00  67.20 Pad
111  24.72900211 -081.04180428 
111  24.72894278 -081.04178052 
111  24.72896540 -081.04171866 
113  24.72902461 -081.04174226 
110   2 0.00  67.20 Pad
111  24.72873933 -081.04174433 
111  24.72877687 -081.04164138 
111  24.72882946 -081.04166424 
113  24.72879331 -081.04176833 
110   2 0.00  67.20 Pad
111  24.72866197 -081.04195183 
111  24.72868678 -081.04189833 
111  24.72873951 -081.04192337 
113  24.72871470 -081.04197914 
110   2 0.00  67.20 Pad
111  24.72851141 -081.04218163 
111  24.72854090 -081.04210783 
111  24.72864280 -081.04215506 
113  24.72861144 -081.04223144 
110   2 0.00  67.20 Pad
111  24.72875144 -081.04228919 
111  24.72877198 -081.04223144 
111  24.72882514 -081.04224953 
113  24.72880142 -081.04231341 
110   2 0.00  67.20 Pad
111  24.72408507 -081.05279471 
111  24.72414503 -081.05263562 
111  24.72426732 -081.05269168 
111  24.72448167 -081.05279090 
111  24.72449008 -081.05279620 
111  24.72443427 -081.05293694 
113  24.72442565 -081.05295984 
110   2 0.00  67.20 Pad
111  24.72504547 -081.05152873 
111  24.72501137 -081.05150934 
111  24.72499660 -081.05154830 
111  24.72489008 -081.05149705 
111  24.72494337 -081.05135477 
111  24.72504974 -081.05140224 
111  24.72502500 -081.05147372 
113  24.72505977 -081.05149153 
110   2 0.00  67.20 Pad
111  24.72545685 -081.05027363 
111  24.72537291 -081.05023727 
111  24.72540456 -081.05014940 
111  24.72541281 -081.05015395 
113  24.72548910 -081.05019197 
110   2 0.00  67.20 Pad
111  24.72561026 -081.05010663 
111  24.72558728 -081.05009638 
111  24.72558123 -081.05011495 
111  24.72553460 -081.05009116 
111  24.72561875 -081.04987332 
111  24.72557554 -081.04985454 
111  24.72568244 -081.04956908 
111  24.72573475 -081.04959162 
111  24.72581435 -081.04937357 
111  24.72585628 -081.04939283 
113  24.72588064 -081.04940356 
110   2 0.00  67.20 Pad
111  24.72752347 -081.04469375 
111  24.72745095 -081.04466270 
111  24.72749395 -081.04455190 
113  24.72756459 -081.04458676 
110   2 0.00  67.20 Pad
111  24.72751906 -081.04429400 
111  24.72736835 -081.04422575 
111  24.72754362 -081.04375332 
113  24.72769856 -081.04381782 
110   2 0.00 338.00 Pad
111  24.72883128 -081.04013834 
111  24.72898112 -081.03971506 
111  24.72925509 -081.03982338 
111  24.72924799 -081.03984500 
111  24.72912048 -081.04022016 
113  24.72910978 -081.04024999 
110   2 0.00 337.00 Pad
111  24.72981041 -081.03990067 
111  24.72973134 -081.03986671 
111  24.72981913 -081.03963341 
113  24.72989809 -081.03966736 
110   2 0.00   0.00 Pad
111  24.73055679 -081.04027452 
111  24.73056109 -081.04011231 
111  24.73071396 -081.04011065 
113  24.73071219 -081.04026969 
110   2 0.00 337.00 Pad
111  24.73017004 -081.04293772 
111  24.73010910 -081.04291487 
111  24.73054848 -081.04175481 
113  24.73060639 -081.04178100 
110   2 0.00 337.00 Pad
111  24.73069902 -081.04153337 
111  24.73063091 -081.04150671 
111  24.73072778 -081.04124507 
113  24.73080195 -081.04127840 
110   2 0.00   0.00 Pad
111  24.73081103 -081.04114445 
111  24.73081254 -081.04063618 
111  24.73088217 -081.04063952 
113  24.73088217 -081.04114278 
130 Airport Boundary
111  24.73008594 -081.04301463 
111  24.72250005 -081.06259892 
111  24.72131137 -081.06201680 
111  24.72207451 -081.06004716 
111  24.72136393 -081.05972351 
111  24.72776447 -081.04289077 
111  24.72853185 -081.03951150 
111  24.72874493 -081.03944474 
111  24.72918443 -081.03962139 
111  24.72917745 -081.03929882 
111  24.73056570 -081.03924506 
111  24.73056570 -081.03979035 
111  24.73141679 -081.04022813 
113  24.73034468 -081.04312217 
120 TL
111  24.72927950 -081.04007035  51 
111  24.72970160 -081.04023970 
112  24.72970160 -081.04023970  24.72980422 -081.04027467  51 
115  24.72975650 -081.04038990 
120 TL
111  24.72338086 -081.05710974  51 
111  24.72257174 -081.05674197 
111  24.72280621 -081.05641441  51 
111  24.72352293 -081.05673920 
111  24.72366190 -081.05637400  51 
111  24.72286178 -081.05599850 
111  24.72300435 -081.05563294  51 
111  24.72380343 -081.05600204 
111  24.72395275 -081.05561060  51 
115  24.72316360 -081.05526423 
120 TL
111  24.73068827 -081.04045742  51 
111  24.73069122 -081.04088020  51 
111  24.73065096 -081.04109132  51 
111  24.73000733 -081.04283708  51 
111  24.72943970 -081.04443537 
112  24.72943970 -081.04443537  24.72939932 -081.04455056  51 
112  24.72919312 -081.04461993  24.72909033 -081.04458153 
111  24.72919312 -081.04461993  51 
115  24.72882122 -081.04447866 
120 TL
112  24.72389573 -081.05469188  24.72392001 -081.05461715  51 
111  24.72385440 -081.05456347  51 
112  24.72396264 -081.05451469  24.72399488 -081.05444481 
111  24.72396264 -081.05451469 
111  24.72385440 -081.05456347  51 
115  24.72349945 -081.05440443 
120 TL
112  24.72411779 -081.05517854  24.72414511 -081.05508209  51 
111  24.72406026 -081.05503414  51 
112  24.72419478 -081.05497468  24.72423707 -081.05489292 
111  24.72419478 -081.05497468 
111  24.72406026 -081.05503414  51 
111  24.72388442 -081.05495600  51 
111  24.72372820 -081.05488631  51 
115  24.72342503 -081.05474902 
120 TL
112  24.72588290 -081.05213052  24.72594164 -081.05195874  51 
111  24.72581842 -081.05188301  51 
112  24.72602981 -081.05174767  24.72610612 -081.05155584 
111  24.72602981 -081.05174767 
111  24.72581842 -081.05188301  51 
111  24.72556291 -081.05176672  51 
112  24.72538951 -081.05184347  24.72533260 -081.05195260 
111  24.72538951 -081.05184347 
111  24.72549803 -081.05155784 
112  24.72549803 -081.05155784  24.72546836 -081.05169700  51 
115  24.72556291 -081.05176672 
120 TL
111  24.72676323 -081.04709327  51 
111  24.72634986 -081.04690016 
111  24.72646713 -081.04655318  51 
111  24.72689537 -081.04675115 
111  24.72701436 -081.04644063  51 
111  24.72659173 -081.04624386 
111  24.72671389 -081.04591916  51 
115  24.72713338 -081.04612942 
120 TL
112  24.72670305 -081.04744156  24.72666466 -081.04742135  51 
111  24.72668806 -081.04728933  51 
112  24.72656573 -081.04738005  24.72649493 -081.04736654 
111  24.72656573 -081.04738005 
111  24.72668806 -081.04728933  51 
111  24.72676323 -081.04709327  51 
111  24.72689537 -081.04675115  51 
111  24.72701436 -081.04644063  51 
111  24.72713338 -081.04612942  51 
115  24.72745324 -081.04529774 
120 TL
111  24.72621844 -081.04722384  51 
111  24.72656573 -081.04738005  51 
111  24.72670305 -081.04744156  51 
111  24.72691303 -081.04753506  51 
112  24.72705212 -081.04747959  24.72709211 -081.04740367 
111  24.72705212 -081.04747959 
111  24.72697020 -081.04769819 
112  24.72697020 -081.04769819  24.72699365 -081.04759342  51 
115  24.72691303 -081.04753506 
120 TL
111  24.72795681 -081.04670996  51 
112  24.72797214 -081.04628260  24.72793060 -081.04614003 
111  24.72797214 -081.04628260  51 
111  24.72788176 -081.04600283  51 
111  24.72798712 -081.04610924  51 
112  24.72822108 -081.04601611  24.72830415 -081.04583589 
111  24.72822108 -081.04601611 
111  24.72788176 -081.04600283  51 
111  24.72783848 -081.04584255  51 
112  24.72764759 -081.04591976  24.72759384 -081.04601929 
111  24.72764759 -081.04591976 
111  24.72781527 -081.04548020 
112  24.72781527 -081.04548020  24.72778351 -081.04563352  51 
115  24.72783848 -081.04584255 
120 TL
111  24.72404751 -081.05316169  51 
111  24.72469978 -081.05345430  51 
112  24.72473572 -081.05355787  24.72471860 -081.05361447 
111  24.72473572 -081.05355787 
111  24.72478943 -081.05341728 
112  24.72478943 -081.05341728  24.72476882 -081.05345770  51 
115  24.72469978 -081.05345430 
120 TL
111  24.72411700 -081.05410420  51 
111  24.72396264 -081.05451469  51 
111  24.72389573 -081.05469188  51 
111  24.72385490 -081.05480244  51 
112  24.72372820 -081.05488631  24.72366038 -081.05487179 
111  24.72372820 -081.05488631 
111  24.72388442 -081.05495600 
112  24.72388442 -081.05495600  24.72383017 -081.05491102  51 
115  24.72385490 -081.05480244 
120 TL
112  24.72908525 -081.04215089  24.72910805 -081.04205966  51 
111  24.72902233 -081.04201570  51 
112  24.72915110 -081.04197631  24.72918807 -081.04190658 
111  24.72915110 -081.04197631 
111  24.72902233 -081.04201570  51 
115  24.72858789 -081.04181924 
120 TL
112  24.72845617 -081.04380004  24.72847303 -081.04370953  51 
111  24.72840174 -081.04366420  51 
112  24.72852665 -081.04361373  24.72856732 -081.04353647 
111  24.72852665 -081.04361373 
111  24.72840174 -081.04366420  51 
111  24.72821832 -081.04358463  51 
116  24.72809145 -081.04366465  24.72804690 -081.04376389 
120 TL
112  24.72871164 -081.04473036  24.72876970 -081.04455552  51 
111  24.72864146 -081.04448737  51 
111  24.72840396 -081.04437997  51 
112  24.72818413 -081.04451376  24.72813957 -081.04461301 
111  24.72818413 -081.04451376 
111  24.72832366 -081.04414637 
112  24.72832366 -081.04414637  24.72829050 -081.04425132  51 
115  24.72840396 -081.04437997 
120 TL
112  24.72809402 -081.04474908  24.72811371 -081.04462017  51 
111  24.72799699 -081.04455572  51 
112  24.72818413 -081.04451376  24.72823283 -081.04442250 
111  24.72818413 -081.04451376 
111  24.72799699 -081.04455572  51 
111  24.72787635 -081.04450297  51 
112  24.72773754 -081.04455466  24.72769298 -081.04465390 
111  24.72773754 -081.04455466 
111  24.72781983 -081.04434148 
112  24.72781983 -081.04434148  24.72778667 -081.04444643  51 
115  24.72787635 -081.04450297 
120 TL
112  24.72781527 -081.04548020  24.72783496 -081.04535129  51 
111  24.72773450 -081.04527597  51 
112  24.72792189 -081.04520004  24.72797059 -081.04510878 
111  24.72792189 -081.04520004 
111  24.72773450 -081.04527597  51 
111  24.72759127 -081.04522046  51 
112  24.72745324 -081.04529774  24.72740868 -081.04539699 
111  24.72745324 -081.04529774 
111  24.72754507 -081.04505699 
112  24.72754507 -081.04505699  24.72751192 -081.04516194  51 
115  24.72759127 -081.04522046 
120 TL
111  24.72360808 -081.05807866  51 
112  24.72343250 -081.05815690  24.72332346 -081.05810800 
111  24.72343250 -081.05815690  51 
111  24.72322673 -081.05806333 
112  24.72322673 -081.05806333  24.72306116 -081.05798108  51 
111  24.72314218 -081.05773397  51 
111  24.72338086 -081.05710974  51 
111  24.72352293 -081.05673920  51 
111  24.72366190 -081.05637400  51 
111  24.72380343 -081.05600204  51 
111  24.72395275 -081.05561060  51 
111  24.72411779 -081.05517854  51 
111  24.72419478 -081.05497468  51 
111  24.72473572 -081.05355787  51 
111  24.72478943 -081.05341728  51 
111  24.72538951 -081.05184347  51 
111  24.72549803 -081.05155784  51 
111  24.72697020 -081.04769819  51 
111  24.72705212 -081.04747959  51 
111  24.72764759 -081.04591976  51 
111  24.72781527 -081.04548020  51 
111  24.72792189 -081.04520004  51 
111  24.72809402 -081.04474908  51 
111  24.72818413 -081.04451376  51 
111  24.72832366 -081.04414637  51 
111  24.72845617 -081.04380004  51 
111  24.72852665 -081.04361373  51 
111  24.72908525 -081.04215089  51 
111  24.72915110 -081.04197631  51 
115  24.72975650 -081.04038990 
120 Ramp Boundry
111  24.72677777 -081.04729681  58 
115  24.72747462 -081.04544794 
120 Ramp Boundry
111  24.72614862 -081.04938776  58 
111  24.72550557 -081.05105771  58 
115  24.72525994 -081.05094680 
120 Taxi boundry
111  24.72523023 -081.05209626  59 
115  24.72631299 -081.04928556 
120 RH
111  24.72320542 -081.05818119  54 
111  24.72330274 -081.05792380 
111  24.72563160 -081.05190605  54 
111  24.72569847 -081.05173084 
111  24.72783495 -081.04611315  54 
111  24.72793748 -081.04585562 
111  24.72842374 -081.04454163  54 
111  24.72852872 -081.04426915 
111  24.72952154 -081.04411857  54 
115  24.72957573 -081.04414033 
120 Shoulder Marking
111  24.72342168 -081.05778306  53 
111  24.72360526 -081.05771593 
111  24.72371021 -081.05744277  53 
111  24.72352782 -081.05750658 
111  24.72362957 -081.05724114  53 
111  24.72381004 -081.05718015 
111  24.72391920 -081.05689562  53 
111  24.72373671 -081.05696004 
111  24.72384286 -081.05668223  53 
111  24.72402470 -081.05661952 
111  24.72413688 -081.05632432  53 
111  24.72395083 -081.05639809 
111  24.72405669 -081.05612303  53 
111  24.72423908 -081.05605741 
111  24.72434503 -081.05578033  53 
111  24.72416501 -081.05583990 
111  24.72426641 -081.05557441  53 
111  24.72445400 -081.05549710 
111  24.72456079 -081.05521697  53 
111  24.72437419 -081.05529145 
111  24.72447950 -081.05501840  53 
111  24.72466318 -081.05494925 
111  24.72476923 -081.05467348  53 
111  24.72458555 -081.05473991 
111  24.72469288 -081.05445944  53 
111  24.72487345 -081.05439764 
111  24.72498351 -081.05410778  53 
111  24.72480102 -081.05417622 
111  24.72490370 -081.05390991  53 
111  24.72508792 -081.05383946 
111  24.72519387 -081.05355976  53 
111  24.72501257 -081.05362347 
111  24.72511881 -081.05334569  53 
111  24.72529800 -081.05328932 
111  24.72540048 -081.05302029  53 
111  24.72522265 -081.05307394 
111  24.72532651 -081.05280213  53 
111  24.72550836 -081.05273842 
111  24.72561486 -081.05246124  53 
111  24.72543208 -081.05252526 
111  24.72554053 -081.05224525  53 
111  24.72572072 -081.05218415 
111  24.72593573 -081.05162064  53 
111  24.72575462 -081.05168364 
111  24.72585666 -081.05141602  53 
111  24.72603894 -081.05135112 
111  24.72604522 -081.05133550  53 
111  24.72596390 -081.05113702 
111  24.72607543 -081.05085898  53 
111  24.72614491 -081.05106027 
111  24.72626046 -081.05077786  53 
111  24.72617269 -081.05059669 
111  24.72628788 -081.05030334  53 
111  24.72636833 -081.05049860 
111  24.72646890 -081.05022685  53 
111  24.72639393 -081.05001348 
111  24.72649998 -081.04974342  53 
111  24.72658043 -081.04994874 
111  24.72668282 -081.04966894  53 
111  24.72660420 -081.04947167 
111  24.72671756 -081.04917228  53 
111  24.72679070 -081.04938565 
111  24.72690041 -081.04909780  53 
111  24.72682178 -081.04890657 
111  24.72693367 -081.04861839  53 
111  24.72700498 -081.04882975 
111  24.72711286 -081.04854794  53 
111  24.72703606 -081.04834261 
111  24.72714028 -081.04807891  53 
111  24.72721708 -081.04827216 
111  24.72732313 -081.04799002  53 
111  24.72724999 -081.04779476 
111  24.72735421 -081.04751697  53 
111  24.72742735 -081.04770619 
111  24.72753741 -081.04743412  53 
111  24.72745147 -081.04724773 
111  24.72756833 -081.04694211  53 
111  24.72764404 -081.04715285 
111  24.72775009 -081.04687411  53 
111  24.72767353 -081.04666712 
111  24.72777102 -081.04641203  53 
111  24.72785449 -081.04660186 
111  24.72817630 -081.04576067  53 
111  24.72809928 -081.04555664 
111  24.72820916 -081.04526593  53 
111  24.72828778 -081.04546881 
111  24.72839425 -081.04519085  53 
111  24.72831534 -081.04498892 
111  24.72841732 -081.04472476  53 
115  24.72849975 -081.04491199 
120 Shoulder Marking
111  24.72342168 -081.05778761  53 
111  24.72360526 -081.05772048 
111  24.72371021 -081.05744732  53 
111  24.72352782 -081.05751113 
111  24.72362957 -081.05724569  53 
111  24.72381004 -081.05718470 
111  24.72391920 -081.05690017  53 
111  24.72373671 -081.05696459 
111  24.72384286 -081.05668678  53 
111  24.72402470 -081.05662406 
111  24.72413688 -081.05632887  53 
111  24.72395083 -081.05640264 
111  24.72405669 -081.05612758  53 
111  24.72423908 -081.05606196 
111  24.72434503 -081.05578488  53 
111  24.72416501 -081.05584445 
111  24.72426641 -081.05557896  53 
111  24.72445400 -081.05550165 
111  24.72456079 -081.05522152  53 
111  24.72437419 -081.05529600 
111  24.72447950 -081.05502295  53 
111  24.72466318 -081.05495380 
111  24.72476923 -081.05467803  53 
111  24.72458555 -081.05474446 
111  24.72469288 -081.05446399  53 
111  24.72487345 -081.05440219 
111  24.72498351 -081.05411233  53 
111  24.72480102 -081.05418077 
111  24.72490370 -081.05391446  53 
111  24.72508792 -081.05384401 
111  24.72519387 -081.05356431  53 
111  24.72501257 -081.05362802 
111  24.72511881 -081.05335023  53 
111  24.72529800 -081.05329387 
111  24.72540048 -081.05302484  53 
111  24.72522265 -081.05307849 
111  24.72532651 -081.05280668  53 
111  24.72550836 -081.05274297 
111  24.72561486 -081.05246579  53 
111  24.72543208 -081.05252981 
111  24.72554053 -081.05224980  53 
111  24.72572072 -081.05218870 
111  24.72593573 -081.05162519  53 
111  24.72575462 -081.05168819 
111  24.72585666 -081.05142057  53 
111  24.72603894 -081.05135567 
111  24.72604522 -081.05134005  53 
111  24.72596390 -081.05114157 
111  24.72607543 -081.05086352  53 
111  24.72614491 -081.05106482 
111  24.72626046 -081.05078241  53 
111  24.72617269 -081.05060124 
111  24.72628788 -081.05030789  53 
111  24.72636833 -081.05050315 
111  24.72646890 -081.05023140  53 
111  24.72639393 -081.05001803 
111  24.72649998 -081.04974797  53 
111  24.72658043 -081.04995329 
111  24.72668282 -081.04967349  53 
111  24.72660420 -081.04947621 
111  24.72671756 -081.04917683  53 
111  24.72679070 -081.04939020 
111  24.72690041 -081.04910235  53 
111  24.72682178 -081.04891112 
111  24.72693367 -081.04862294  53 
111  24.72700498 -081.04883430 
111  24.72711286 -081.04855249  53 
111  24.72703606 -081.04834716 
111  24.72714028 -081.04808346  53 
111  24.72721708 -081.04827671 
111  24.72732313 -081.04799457  53 
111  24.72724999 -081.04779931 
111  24.72735421 -081.04752152  53 
111  24.72742735 -081.04771074 
111  24.72753741 -081.04743867  53 
111  24.72745147 -081.04725228 
111  24.72756833 -081.04694666  53 
111  24.72764404 -081.04715740 
111  24.72775009 -081.04687865  53 
111  24.72767353 -081.04667167 
111  24.72777102 -081.04641657  53 
111  24.72785449 -081.04660641 
111  24.72817630 -081.04576522  53 
111  24.72809928 -081.04556118 
111  24.72820916 -081.04527048  53 
111  24.72828778 -081.04547336 
111  24.72839425 -081.04519540  53 
111  24.72831534 -081.04499347 
111  24.72841732 -081.04472930  53 
115  24.72849975 -081.04491654 
120 WS Circle
111  24.72232596 -081.05917533  21 
112  24.72217855 -081.05895584  24.72202093 -081.05892025  21 
111  24.72196953 -081.05911367  21 
114  24.72211833 -081.05934479  24.72228807 -081.05938039  21 
14   24.72718400 -081.05136900    0 0 Tower Viewpoint
15   24.72657338 -081.04713435  67.00 Gen. Avia. Parking
15   24.72837600 -081.04435000 337.00 Hold Short Rwy25
15   24.72310983 -081.05785094 320.00 Hold Short Rwy7
15   24.72732400 -081.04506700 337.00 Marathon General Aviaiton
15   24.72426358 -081.05302881 337.00 Marathon Jet Center
15   24.72312700 -081.05611400 337.00 T-Hanger
15   24.72582600 -081.04986600  67.00 Terminal
18   24.72862100 -081.04048423 1 BCN
19   24.72675214 -081.04781298 1 WS
19   24.72214988 -081.05916378 1 WS
50 13552 ASOS
51 12280 CTAF/UNICOM
