1      732 0 1 KMVL MORRISVILLE STOWE STATE
100   22.86   1   0 0.25 0 2 0 01   44.52953100 -072.61380000    0.00    0.00 2  0 0 1 19   44.53967800 -072.61421900    0.00    0.00 2  0 0 1
21   44.53788699 -072.61376067  1 178.31   3.00 19  VASI
110   1 0.00 358.31 Default taxiway for RWY 01
111  44.52953396 -072.61365893   3 102 
111  44.52954916 -072.61293464   3 102 
111  44.53969616 -072.61335342   3 102 
111  44.53968096 -072.61407783 
112  44.53947533 -072.61406934  44.53957821 -072.61407043   3 102 
111  44.53958184 -072.61389733   3 102 
112  44.53958668 -072.61366653  44.53959031 -072.61349342   3 102 
111  44.53948750 -072.61348919   3 102 
111  44.53467104 -072.61329040   3 102 
111  44.53465887 -072.61387051 
111  44.53455605 -072.61386626   3 102 
111  44.53456822 -072.61328615   3 102 
112  44.52975176 -072.61308736  44.52964895 -072.61308311   3 102 
111  44.52964532 -072.61325618   3 102 
112  44.52964048 -072.61348694  44.52963685 -072.61366001   3 102 
113  44.52973959 -072.61366742 
130 Airport Boundary 6
111  44.53542784 -072.61620405 
111  44.53545926 -072.61565312 
111  44.52930052 -072.61474959 
111  44.52925339 -072.61419866 
111  44.52725809 -072.61406643 
111  44.52735074 -072.61338554 
111  44.53088734 -072.61333920 
111  44.53099732 -072.61236956 
111  44.53379389 -072.61219326 
111  44.53398242 -072.61303068 
111  44.54210590 -072.61386811 
111  44.54212161 -072.61488190 
111  44.53935646 -072.61483782 
113  44.53918364 -072.61699763 
120 Default hold RWY 01 (near)
111  44.52954008 -072.61336732   4 
115  44.52964290 -072.61337156 
120 Default hold RWY 01 (centre)
111  44.53456217 -072.61357462   4 
115  44.53466499 -072.61357887 
120 Default hold RWY 01 (far)
111  44.53958426 -072.61378193   4 
115  44.53968708 -072.61378618 
18   44.53458218 -072.61501716 1 BCN
19   44.52931633 -072.61422226 1 WS
19   44.53989267 -072.61379666 1 WS
50 13562 ASOS
51 12280 CTAF/UNICOM
