1       25 1 0 KMYR Myrtle Beach Intl
100   45.72   1   0 0.25 0 3 1 18   33.69252200 -078.93151400    0.00  304.80 3  5 0 0 36   33.66695800 -078.92512800    0.00  304.80 3  7 0 0
21   33.69009632 -078.93041230  2 168.26   3.00 18  PAPI-4L
21   33.66974321 -078.92631899  2 348.26   3.00 36  PAPI-4L
110   1 0.00 168.26 xxx
111  33.69261164 -078.92822885 
111  33.66843855 -078.92219189 
111  33.66849436 -078.92186915 
113  33.69266745 -078.92790611 
110   1 0.00 168.26 xxx
111  33.69138764 -078.93499580 
111  33.66721455 -078.92895893 
111  33.66727036 -078.92863620 
113  33.69144345 -078.93467307 
110   1 0.00 168.26 xxx
111  33.67550115 -078.93446842 
111  33.66838162 -078.93269057 
111  33.66898885 -078.92917958 
113  33.67610838 -078.93095743 
110   1 0.00 226.36 xxx
111  33.68520547 -078.93338951 
111  33.67975741 -078.94025510 
111  33.67960853 -078.94008449 
113  33.68505659 -078.93321890 
110   1 0.00 248.45 xxx
111  33.68022751 -078.93192806 
111  33.67783664 -078.93920323 
111  33.67753049 -078.93905794 
113  33.67992136 -078.93178277 
110   1 0.00 320.29 xxx
111  33.67362933 -078.92403218 
111  33.67704354 -078.92743948 
111  33.67678067 -078.92781982 
113  33.67336646 -078.92441252 
110   1 0.00 168.26 xxx
111  33.68407277 -078.92588437 
111  33.68091719 -078.92509628 
111  33.68119123 -078.92351163 
113  33.68434681 -078.92429972 
110   1 0.00 193.80 xxx
111  33.68667722 -078.92815157 
111  33.68322493 -078.92917063 
111  33.68312678 -078.92869043 
113  33.68657907 -078.92767137 
110   1 0.00 291.90 xxx
111  33.67488536 -078.93393412 
111  33.67626552 -078.93805968 
111  33.67607464 -078.93815188 
113  33.67469448 -078.93402632 
110   1 0.00 338.54 xxx
111  33.67650866 -078.93839998 
111  33.67976861 -078.93993994 
111  33.67969334 -078.94017002 
113  33.67643339 -078.93863006 
110   1 0.00 249.26 xxx
111  33.68226836 -078.92552587 
111  33.68129603 -078.92861168 
111  33.68110364 -078.92852413 
113  33.68207597 -078.92543832 
110   1 0.00 258.26 xxx
111  33.68696405 -078.92660976 
111  33.68640537 -078.92984055 
111  33.68620395 -078.92979024 
113  33.68676263 -078.92655945 
110   1 0.00 258.26 xxx
111  33.67372405 -078.92330600 
111  33.67316537 -078.92653629 
111  33.67296395 -078.92648600 
113  33.67352263 -078.92325571 
110   1 0.00 249.26 xxx
111  33.68118136 -078.92880589 
111  33.68020903 -078.93189166 
111  33.68001664 -078.93180411 
113  33.68098897 -078.92871834 
110   1 0.00 258.26 xxx
111  33.69312554 -078.92840957 
111  33.69259588 -078.93147274 
111  33.69239446 -078.93142243 
113  33.69292412 -078.92835926 
110   1 0.00 258.26 xxx
111  33.69257254 -078.93153058 
111  33.69204288 -078.93459373 
111  33.69184146 -078.93454342 
113  33.69237112 -078.93148027 
110   1 0.00 256.68 xxx
111  33.66811015 -078.92227233 
111  33.66755214 -078.92510423 
111  33.66724785 -078.92501767 
113  33.66780586 -078.92218577 
110   1 0.00 306.92 xxx
111  33.67978809 -078.93991214 
111  33.68112438 -078.94204936 
111  33.68095991 -078.94219786 
113  33.67962362 -078.94006064 
110   1 0.00 258.26 xxx
111  33.66724119 -078.92530489 
111  33.66681423 -078.92777341 
111  33.66661281 -078.92772311 
113  33.66703977 -078.92525459 
110   1 0.00 258.47 xxx
111  33.68636733 -078.93011353 
111  33.68598025 -078.93239389 
111  33.68577867 -078.93234447 
113  33.68616575 -078.93006411 
110   1 0.00  77.29 xxx
111  33.67081441 -078.93453086 
111  33.67112159 -078.93289433 
111  33.67170759 -078.93305314 
113  33.67140041 -078.93468967 
110   1 0.00  77.29 xxx
111  33.67189741 -078.93485186 
111  33.67220459 -078.93321532 
111  33.67279059 -078.93337414 
113  33.67248341 -078.93501068 
110   1 0.00  77.29 xxx
111  33.66977641 -078.93422585 
111  33.67008359 -078.93258935 
111  33.67066959 -078.93274815 
113  33.67036241 -078.93438465 
110   1 0.00  77.29 xxx
111  33.66809098 -078.93418368 
111  33.66839816 -078.93254722 
111  33.66884502 -078.93266832 
113  33.66853784 -078.93430478 
110   1 0.00  16.21 xxx
111  33.68464929 -078.93376830 
111  33.68593728 -078.93331830 
111  33.68599471 -078.93355570 
113  33.68470672 -078.93400570 
110   1 0.00 346.57 xxx
111  33.68898600 -078.93427814 
111  33.68994113 -078.93455225 
111  33.68982200 -078.93515186 
113  33.68886687 -078.93487775 
110   1 0.00  79.57 xxx
111  33.69219388 -078.93361456 
111  33.69237166 -078.93245383 
111  33.69287612 -078.93256544 
113  33.69269834 -078.93372617 
110   1 0.00 256.57 xxx
111  33.66695849 -078.92605676 
111  33.66673042 -078.92720438 
111  33.66623151 -078.92706124 
113  33.66645958 -078.92591362 
110   1 0.00 346.57 xxx
111  33.66733700 -078.92890725 
111  33.66829213 -078.92918129 
111  33.66817300 -078.92978075 
113  33.66721787 -078.92950671 
110   1 0.00 219.26 xxx
111  33.68488096 -078.92456834 
111  33.68392523 -078.92550709 
111  33.68379504 -078.92531566 
113  33.68475077 -078.92437691 
110   1 0.00 227.62 xxx
111  33.68597993 -078.93239092 
111  33.68522004 -078.93339173 
111  33.68506807 -078.93322508 
113  33.68582796 -078.93222427 
110   1 0.00 219.26 xxx
111  33.68580373 -078.92534449 
111  33.68529401 -078.92584517 
111  33.68492427 -078.92530151 
113  33.68543399 -078.92480083 
110   1 0.00 219.26 xxx
111  33.68545316 -078.92524331 
111  33.68494344 -078.92574398 
111  33.68461884 -078.92526669 
113  33.68512856 -078.92476602 
110   1 0.00 327.15 xxx
111  33.68119993 -078.93658321 
111  33.68207098 -078.93725910 
111  33.68199807 -078.93739479 
113  33.68112702 -078.93671890 
110   1 0.00 313.88 xxx
111  33.68119617 -078.93827846 
111  33.68185212 -078.93909817 
111  33.68170383 -078.93926954 
113  33.68104788 -078.93844983 
110   1 0.00 257.18 xxx
111  33.68262503 -078.93783283 
111  33.68249113 -078.93853995 
111  33.68199097 -078.93840317 
113  33.68212487 -078.93769605 
110   1 0.00  79.26 xxx
111  33.66828018 -078.93124606 
111  33.66839263 -078.93053367 
111  33.66882382 -078.93063194 
113  33.66871137 -078.93134433 
110   1 0.00 313.88 xxx
111  33.68333311 -078.93415119 
111  33.68393963 -078.93490914 
111  33.68383089 -078.93503481 
113  33.68322437 -078.93427686 
110   1 0.00 193.80 xxx
111  33.68330159 -078.92906134 
111  33.68273154 -078.92922961 
111  33.68265041 -078.92883266 
113  33.68322046 -078.92866439 
110   1 0.00 250.10 xxx
111  33.67930324 -078.93414055 
111  33.67916506 -078.93459926 
111  33.67868276 -078.93438945 
113  33.67882094 -078.93393074 
110   1 0.00 250.10 xxx
111  33.67947924 -078.93355355 
111  33.67934106 -078.93401226 
111  33.67885876 -078.93380245 
113  33.67899694 -078.93334374 
110   1 0.00 250.10 xxx
111  33.67966224 -078.93295855 
111  33.67952406 -078.93341726 
111  33.67904176 -078.93320745 
113  33.67917994 -078.93274874 
110   1 0.00 226.43 xxx
111  33.69023057 -078.93464294 
111  33.68982599 -078.93515409 
111  33.68959943 -078.93489506 
113  33.69000401 -078.93438391 
110   1 0.00 136.43 xxx
111  33.66665789 -078.92754917 
111  33.66623259 -078.92706305 
111  33.66644811 -078.92679083 
113  33.66687341 -078.92727695 
110   1 0.00 319.43 xxx
111  33.69242574 -078.93209984 
111  33.69287163 -078.93255868 
111  33.69266826 -078.93284416 
113  33.69222237 -078.93238532 
110   1 0.00 226.43 xxx
111  33.66857757 -078.92927197 
111  33.66817299 -078.92978299 
111  33.66794643 -078.92952403 
113  33.66835101 -078.92901301 
110   1 0.00 185.28 xxx
111  33.66707544 -078.92615552 
111  33.66647454 -078.92622225 
111  33.66645056 -078.92591048 
113  33.66705146 -078.92584375 
110   1 0.00 275.28 xxx
111  33.68907097 -078.93412650 
111  33.68912650 -078.93484868 
111  33.68886703 -078.93487750 
113  33.68881150 -078.93415532 
110   1 0.00   8.28 xxx
111  33.69206165 -078.93351426 
111  33.69265882 -078.93340981 
111  33.69269635 -078.93371974 
113  33.69209918 -078.93382419 
110   1 0.00 275.28 xxx
111  33.66741497 -078.92876260 
111  33.66747050 -078.92948459 
111  33.66721103 -078.92951340 
113  33.66715550 -078.92879141 
110   1 0.00 304.99 xxx
111  33.67970925 -078.93913107 
111  33.68005529 -078.93972517 
111  33.67988675 -078.93986693 
113  33.67954071 -078.93927283 
110   1 0.00 313.88 xxx
111  33.68022400 -078.93954897 
111  33.68064228 -078.94007167 
111  33.68049400 -078.94024303 
113  33.68007572 -078.93972033 
110   1 0.00 345.78 xxx
111  33.68504140 -078.92525129 
111  33.68540036 -078.92536061 
111  33.68529660 -078.92585271 
113  33.68493764 -078.92574339 
110   1 0.00 313.88 xxx
111  33.68302587 -078.93583236 
111  33.68346887 -078.93638597 
111  33.68336013 -078.93651164 
113  33.68291713 -078.93595803 
110   1 0.00 313.88 xxx
111  33.68054987 -078.93786237 
111  33.68099287 -078.93841596 
111  33.68088413 -078.93854163 
113  33.68044113 -078.93798804 
110   1 0.00 250.10 xxx
111  33.68002059 -078.93348225 
111  33.67989455 -078.93390068 
111  33.67951541 -078.93373575 
113  33.67964145 -078.93331732 
110   1 0.00 250.10 xxx
111  33.68019559 -078.93294825 
111  33.68006955 -078.93336668 
111  33.67969041 -078.93320175 
113  33.67981645 -078.93278332 
110   1 0.00 250.10 xxx
111  33.67929959 -078.93566425 
111  33.67917355 -078.93608267 
111  33.67879441 -078.93591775 
113  33.67892045 -078.93549933 
110   1 0.00 250.10 xxx
111  33.67980259 -078.93405425 
111  33.67967655 -078.93447268 
111  33.67929741 -078.93430775 
113  33.67942345 -078.93388932 
110   1 0.00 353.97 xxx
111  33.68512533 -078.92476514 
111  33.68543903 -078.92480496 
111  33.68539667 -078.92528686 
113  33.68508297 -078.92524704 
110   1 0.00 317.44 xxx
111  33.68525540 -078.93208144 
111  33.68566150 -078.93252959 
111  33.68557060 -078.93264856 
113  33.68516450 -078.93220041 
110   1 0.00  17.61 xxx
111  33.68451762 -078.92525413 
111  33.68490456 -078.92510653 
111  33.68498838 -078.92542387 
113  33.68460144 -078.92557147 
110   1 0.00 226.43 xxx
111  33.68371730 -078.93639318 
111  33.68343750 -078.93674666 
111  33.68324870 -078.93653082 
113  33.68352850 -078.93617734 
110   1 0.00 347.29 xxx
111  33.68402462 -078.92498174 
111  33.68442064 -078.92508908 
111  33.68437538 -078.92533026 
113  33.68397936 -078.92522292 
110   1 0.00 313.88 xxx
111  33.68211166 -078.93714558 
111  33.68243108 -078.93754475 
111  33.68232234 -078.93767042 
113  33.68200292 -078.93727125 
110   1 0.00 271.67 xxx
111  33.68243069 -078.93752558 
111  33.68244411 -078.93807913 
111  33.68229331 -078.93808442 
113  33.68227989 -078.93753087 
110   1 0.00 281.15 xxx
111  33.68466267 -078.92525876 
111  33.68474117 -078.92573743 
111  33.68453933 -078.92578524 
113  33.68446083 -078.92530657 
110   1 0.00 317.72 xxx
111  33.68436002 -078.92499143 
111  33.68466038 -078.92531965 
111  33.68452198 -078.92550257 
113  33.68422162 -078.92517435 
110   1 0.00 336.44 xxx
111  33.69264630 -078.92790306 
111  33.69297819 -078.92807701 
111  33.69288170 -078.92834294 
113  33.69254981 -078.92816899 
110   1 0.00  34.23 xxx
111  33.67276397 -078.92635976 
111  33.67305425 -078.92612244 
111  33.67319003 -078.92636224 
113  33.67289975 -078.92659956 
110   1 0.00 118.23 xxx
111  33.69230570 -078.93197151 
111  33.69213963 -078.93159972 
111  33.69235230 -078.93146249 
113  33.69251837 -078.93183428 
110   1 0.00 123.13 xxx
111  33.67348687 -078.92370991 
111  33.67329498 -078.92335661 
111  33.67349713 -078.92319809 
113  33.67368902 -078.92355139 
110   1 0.00 304.23 xxx
111  33.66757304 -078.92477803 
111  33.66777054 -078.92512682 
111  33.66757096 -078.92528997 
113  33.66737346 -078.92494118 
110   1 0.00 213.13 xxx
111  33.66838797 -078.92214816 
111  33.66809395 -078.92237872 
111  33.66796203 -078.92213584 
113  33.66825605 -078.92190528 
110   1 0.00 219.05 xxx
111  33.66822737 -078.92215273 
111  33.66795470 -078.92241851 
111  33.66780263 -078.92219327 
113  33.66807530 -078.92192749 
110   1 0.00 189.31 xxx
111  33.66846276 -078.92215198 
111  33.66811629 -078.92222023 
111  33.66807724 -078.92193402 
113  33.66842371 -078.92186577 
110   1 0.00 213.13 xxx
111  33.67393397 -078.92351416 
111  33.67363995 -078.92374474 
111  33.67350803 -078.92350184 
113  33.67380205 -078.92327126 
110   1 0.00  34.23 xxx
111  33.68600097 -078.92966376 
111  33.68629125 -078.92942640 
111  33.68642703 -078.92966624 
113  33.68613675 -078.92990360 
110   1 0.00 295.23 xxx
111  33.68026735 -078.93157834 
111  33.68041701 -078.93196001 
111  33.68019865 -078.93208366 
113  33.68004899 -078.93170199 
110   1 0.00  25.23 xxx
111  33.67974775 -078.93182072 
111  33.68006536 -078.93164088 
111  33.68016825 -078.93190328 
113  33.67985064 -078.93208312 
110   1 0.00 114.13 xxx
111  33.68089662 -078.92914582 
111  33.68075309 -078.92876076 
111  33.68097338 -078.92864218 
113  33.68111691 -078.92902724 
110   1 0.00 204.13 xxx
111  33.68137755 -078.92891712 
111  33.68105713 -078.92908961 
111  33.68095845 -078.92882488 
113  33.68127887 -078.92865239 
110   1 0.00 123.13 xxx
111  33.68672387 -078.92700595 
111  33.68653198 -078.92665259 
111  33.68673413 -078.92649405 
113  33.68692602 -078.92684741 
110   1 0.00 213.13 xxx
111  33.68716397 -078.92681016 
111  33.68686995 -078.92704078 
111  33.68673803 -078.92679784 
113  33.68703205 -078.92656722 
110   1 0.00 304.23 xxx
111  33.68644104 -078.92945398 
111  33.68663854 -078.92980284 
111  33.68643896 -078.92996602 
113  33.68624146 -078.92961716 
110   1 0.00 295.23 xxx
111  33.68141135 -078.92817634 
111  33.68156101 -078.92855802 
111  33.68134265 -078.92868166 
113  33.68119299 -078.92829998 
110   1 0.00 123.13 xxx
111  33.66894387 -078.92966890 
111  33.66875198 -078.92931561 
111  33.66895413 -078.92915710 
113  33.66914602 -078.92951039 
110   1 0.00  25.23 xxx
111  33.68089675 -078.92841072 
111  33.68121436 -078.92823087 
111  33.68131725 -078.92849328 
113  33.68099964 -078.92867313 
110   1 0.00 114.13 xxx
111  33.68199562 -078.92586483 
111  33.68185209 -078.92547976 
111  33.68207238 -078.92536117 
113  33.68221591 -078.92574624 
110   1 0.00 204.13 xxx
111  33.68246855 -078.92562912 
111  33.68214813 -078.92580161 
111  33.68204945 -078.92553688 
113  33.68236987 -078.92536439 
110   1 0.00  34.23 xxx
111  33.69220397 -078.93119676 
111  33.69249425 -078.93095938 
111  33.69263003 -078.93119924 
113  33.69233975 -078.93143662 
110   1 0.00 304.23 xxx
111  33.67319204 -078.92615102 
111  33.67338954 -078.92649983 
111  33.67318996 -078.92666298 
113  33.67299246 -078.92631417 
110   1 0.00 213.13 xxx
111  33.66746797 -078.92549716 
111  33.66717395 -078.92572772 
111  33.66704203 -078.92548484 
113  33.66733605 -078.92525428 
110   1 0.00 164.53 xxx
111  33.66733275 -078.92891638 
111  33.66699437 -078.92880385 
111  33.66704925 -078.92856562 
113  33.66738763 -078.92867815 
110   1 0.00 264.80 xxx
111  33.68062452 -078.93750229 
111  33.68058772 -078.93798814 
111  33.68043748 -078.93797171 
113  33.68047428 -078.93748586 
110   1 0.00  92.67 xxx
111  33.66662643 -078.92814146 
111  33.66661007 -078.92772006 
111  33.66681557 -078.92770854 
113  33.66683193 -078.92812994 
110   1 0.00 108.36 xxx
111  33.66672867 -078.92853812 
111  33.66661808 -078.92813774 
111  33.66681333 -078.92805988 
113  33.66692392 -078.92846026 
110   1 0.00 139.11 xxx
111  33.66699638 -078.92881251 
111  33.66673096 -078.92853635 
111  33.66686562 -078.92834949 
113  33.66713104 -078.92862565 
110   1 0.00   5.64 xxx
111  33.69134729 -078.93478865 
111  33.69172399 -078.93474394 
111  33.69174071 -078.93494735 
113  33.69136401 -078.93499206 
110   1 0.00 320.29 xxx
111  33.67352616 -078.92394621 
111  33.67379626 -078.92421576 
111  33.67367184 -078.92439579 
113  33.67340174 -078.92412624 
110   1 0.00 315.94 xxx
111  33.68405887 -078.93458633 
111  33.68435060 -078.93492560 
111  33.68425713 -078.93504167 
113  33.68396540 -078.93470240 
110   1 0.00  46.62 xxx
111  33.69168562 -078.93475216 
111  33.69192677 -078.93444546 
111  33.69205038 -078.93458584 
113  33.69180923 -078.93489254 
110   1 0.00 334.72 xxx
111  33.68421306 -078.92510323 
111  33.68458014 -078.92531158 
111  33.68453094 -078.92543677 
113  33.68416386 -078.92522842 
110   1 0.00  32.06 xxx
111  33.69158209 -078.93466438 
111  33.69187964 -078.93444039 
111  33.69196991 -078.93461362 
113  33.69167236 -078.93483761 
110   1 0.00   6.33 xxx
111  33.69136314 -078.93465969 
111  33.69171211 -078.93461316 
111  33.69173086 -078.93481631 
113  33.69138189 -078.93486284 
110   1 0.00  21.83 xxx
111  33.69149442 -078.93466859 
111  33.69182034 -078.93451167 
111  33.69188358 -078.93470141 
113  33.69155766 -078.93485833 
110   1 0.00 207.54 xxx
111  33.69312734 -078.92841984 
111  33.69297412 -078.92851587 
111  33.69282066 -078.92816216 
113  33.69297388 -078.92806613 
110   1 0.00 316.63 xxx
111  33.67636496 -078.93821779 
111  33.67658231 -078.93846451 
111  33.67644104 -078.93864421 
113  33.67622369 -078.93839749 
110   1 0.00 226.43 xxx
111  33.68445756 -078.93491403 
111  33.68425149 -078.93517437 
111  33.68410244 -078.93500397 
113  33.68430851 -078.93474363 
110   1 0.00 304.99 xxx
111  33.67623355 -078.93798395 
111  33.67640499 -078.93827829 
111  33.67623645 -078.93842005 
113  33.67606501 -078.93812571 
110   1 0.00  58.38 xxx
111  33.69174574 -078.93461632 
111  33.69192981 -078.93425699 
111  33.69204426 -078.93434168 
113  33.69186019 -078.93470101 
110   1 0.00  79.64 xxx
111  33.68080077 -078.92937908 
111  33.68086391 -078.92896403 
111  33.68097723 -078.92898892 
113  33.68091409 -078.92940397 
110   1 0.00 126.74 xxx
111  33.68090185 -078.92906646 
111  33.68069183 -078.92872835 
111  33.68078415 -078.92864554 
113  33.68099417 -078.92898365 
110   1 0.00  97.57 xxx
111  33.67345803 -078.92386322 
111  33.67341177 -078.92344501 
111  33.67352597 -078.92342678 
113  33.67357223 -078.92384499 
110   1 0.00 185.64 xxx
111  33.68153836 -078.92895715 
111  33.68118896 -078.92899862 
111  33.68117764 -078.92886085 
113  33.68152704 -078.92881938 
110   1 0.00 231.42 xxx
111  33.68123450 -078.92892525 
111  33.68101556 -078.92925509 
111  33.68092550 -078.92916875 
113  33.68114444 -078.92883891 
110   1 0.00 312.92 xxx
111  33.68026664 -078.93170637 
111  33.68050573 -078.93201535 
111  33.68042136 -078.93210963 
113  33.68018227 -078.93180065 
110   1 0.00 216.74 xxx
111  33.68132414 -078.92890728 
111  33.68104278 -078.92915967 
111  33.68097386 -078.92904872 
113  33.68125522 -078.92879633 
110   1 0.00 150.42 xxx
111  33.67341024 -078.92352733 
111  33.67310489 -078.92331906 
111  33.67316176 -078.92319867 
113  33.67346711 -078.92340694 
110   1 0.00  88.64 xxx
111  33.67341925 -078.92395324 
111  33.67342758 -078.92353147 
111  33.67354275 -078.92353476 
113  33.67353442 -078.92395653 
110   1 0.00 135.74 xxx
111  33.67347152 -078.92362079 
111  33.67322007 -078.92332635 
111  33.67330048 -078.92322721 
113  33.67355193 -078.92352165 
110   1 0.00 359.74 xxx
111  33.68579871 -078.92960182 
111  33.68614981 -078.92960373 
111  33.68614929 -078.92974218 
113  33.68579819 -078.92974027 
110   1 0.00 187.57 xxx
111  33.67404361 -078.92354882 
111  33.67369557 -078.92360440 
111  33.67368039 -078.92346718 
113  33.67402843 -078.92341160 
110   1 0.00 240.42 xxx
111  33.67374775 -078.92359472 
111  33.67357444 -078.92396162 
111  33.67347425 -078.92389328 
113  33.67364756 -078.92352638 
110   1 0.00 178.64 xxx
111  33.67412413 -078.92358220 
111  33.67377313 -078.92357219 
111  33.67377587 -078.92343380 
113  33.67412687 -078.92344381 
110   1 0.00 225.74 xxx
111  33.67383577 -078.92355023 
111  33.67359073 -078.92385238 
111  33.67350823 -078.92375577 
113  33.67375327 -078.92345362 
110   1 0.00  46.84 xxx
111  33.68607190 -078.92964154 
111  33.68631207 -078.92933375 
111  33.68639610 -078.92942846 
113  33.68615593 -078.92973625 
110   1 0.00 331.52 xxx
111  33.68651516 -078.92964855 
111  33.68682377 -078.92984976 
111  33.68676884 -078.92997145 
113  33.68646023 -078.92977024 
110   1 0.00  97.57 xxx
111  33.68669503 -078.92716726 
111  33.68664877 -078.92674898 
111  33.68676297 -078.92673074 
113  33.68680923 -078.92714902 
110   1 0.00 150.42 xxx
111  33.68664424 -078.92681535 
111  33.68633889 -078.92660706 
111  33.68639576 -078.92648665 
113  33.68670111 -078.92669494 
110   1 0.00  88.64 xxx
111  33.68666025 -078.92724928 
111  33.68666858 -078.92682744 
111  33.68678375 -078.92683072 
113  33.68677542 -078.92725256 
110   1 0.00 135.74 xxx
111  33.68670852 -078.92692382 
111  33.68645707 -078.92662933 
111  33.68653748 -078.92653018 
113  33.68678893 -078.92682467 
110   1 0.00 269.67 xxx
111  33.68145461 -078.92798144 
111  33.68145259 -078.92840336 
111  33.68133739 -078.92840256 
113  33.68133941 -078.92798064 
110   1 0.00 262.24 xxx
111  33.68148078 -078.92790131 
111  33.68143337 -078.92831938 
111  33.68131922 -078.92830069 
113  33.68136663 -078.92788262 
110   1 0.00 331.26 xxx
111  33.68147277 -078.92840387 
111  33.68178062 -078.92860674 
111  33.68172523 -078.92872813 
113  33.68141738 -078.92852526 
110   1 0.00 284.44 xxx
111  33.68142001 -078.92810044 
111  33.68150756 -078.92850904 
111  33.68139599 -078.92854356 
113  33.68130844 -078.92813496 
110   1 0.00 269.74 xxx
111  33.68649040 -078.92920934 
111  33.68648881 -078.92963129 
111  33.68637360 -078.92963066 
113  33.68637519 -078.92920871 
110   1 0.00 359.67 xxx
111  33.68076378 -078.92833556 
111  33.68111488 -078.92833799 
111  33.68111422 -078.92847644 
113  33.68076312 -078.92847401 
110   1 0.00  52.52 xxx
111  33.68110247 -078.92833229 
111  33.68131611 -078.92799747 
111  33.68140753 -078.92808171 
113  33.68119389 -078.92841653 
110   1 0.00  15.32 xxx
111  33.68086847 -078.92837998 
111  33.68120709 -078.92826850 
111  33.68123753 -078.92840202 
113  33.68089891 -078.92851350 
110   1 0.00  37.84 xxx
111  33.68097103 -078.92841175 
111  33.68124830 -078.92815292 
111  33.68131897 -078.92826225 
113  33.68104170 -078.92852108 
110   1 0.00 187.57 xxx
111  33.68729661 -078.92684483 
111  33.68694857 -078.92690042 
111  33.68693339 -078.92676317 
113  33.68728143 -078.92670758 
110   1 0.00  95.12 xxx
111  33.68195329 -078.92600530 
111  33.68192196 -078.92558505 
111  33.68203671 -078.92557270 
113  33.68206804 -078.92599295 
110   1 0.00 141.42 xxx
111  33.68196731 -078.92567667 
111  33.68169284 -078.92541355 
111  33.68176469 -078.92530533 
113  33.68203916 -078.92556845 
110   1 0.00  79.64 xxx
111  33.68189577 -078.92609108 
111  33.68195891 -078.92567602 
111  33.68207223 -078.92570092 
113  33.68200909 -078.92611598 
110   1 0.00 126.74 xxx
111  33.68199285 -078.92578547 
111  33.68178283 -078.92544735 
111  33.68187515 -078.92536453 
113  33.68208517 -078.92570265 
110   1 0.00 240.42 xxx
111  33.68699575 -078.92689069 
111  33.68682244 -078.92725765 
111  33.68672225 -078.92718931 
113  33.68689556 -078.92682235 
110   1 0.00 185.64 xxx
111  33.68262936 -078.92566116 
111  33.68227996 -078.92570262 
111  33.68226864 -078.92556484 
113  33.68261804 -078.92552338 
110   1 0.00 231.42 xxx
111  33.68232950 -078.92563625 
111  33.68211056 -078.92596609 
111  33.68202050 -078.92587975 
113  33.68223944 -078.92554991 
110   1 0.00 312.92 xxx
111  33.68141464 -078.92828837 
111  33.68165373 -078.92859735 
111  33.68156936 -078.92869163 
113  33.68133027 -078.92838265 
110   1 0.00 216.74 xxx
111  33.68241114 -078.92562628 
111  33.68212978 -078.92587867 
111  33.68206086 -078.92576772 
113  33.68234222 -078.92551533 
110   1 0.00 178.64 xxx
111  33.68736913 -078.92687822 
111  33.68701813 -078.92686820 
111  33.68702087 -078.92672978 
113  33.68737187 -078.92673980 
110   1 0.00   8.67 xxx
111  33.69207077 -078.93116137 
111  33.69241786 -078.93109775 
111  33.69243523 -078.93123463 
113  33.69208814 -078.93129825 
110   1 0.00  61.52 xxx
111  33.69237866 -078.93112145 
111  33.69254608 -078.93075053 
111  33.69264734 -078.93081655 
113  33.69247992 -078.93118747 
110   1 0.00 359.74 xxx
111  33.69200171 -078.93114281 
111  33.69235281 -078.93114473 
111  33.69235229 -078.93128319 
113  33.69200119 -078.93128127 
110   1 0.00  46.84 xxx
111  33.69227390 -078.93119755 
111  33.69251407 -078.93088974 
111  33.69259810 -078.93098445 
113  33.69235793 -078.93129226 
110   1 0.00 109.05 xxx
111  33.69289685 -078.92867403 
111  33.69278225 -078.92827516 
111  33.69289115 -078.92822997 
113  33.69300575 -078.92862884 
110   1 0.00 150.42 xxx
111  33.69284324 -078.92840236 
111  33.69253789 -078.92819405 
111  33.69259476 -078.92807364 
113  33.69290011 -078.92828195 
110   1 0.00 187.57 xxx
111  33.66758561 -078.92553182 
111  33.66723757 -078.92558740 
111  33.66722239 -078.92545018 
113  33.66757043 -078.92539460 
110   1 0.00 240.42 xxx
111  33.66728575 -078.92557873 
111  33.66711244 -078.92594560 
111  33.66701225 -078.92587727 
113  33.66718556 -078.92551040 
110   1 0.00 178.64 xxx
111  33.66766213 -078.92556520 
111  33.66731113 -078.92555519 
111  33.66731387 -078.92541680 
113  33.66766487 -078.92542681 
110   1 0.00 225.74 xxx
111  33.66737677 -078.92552624 
111  33.66713173 -078.92582837 
111  33.66704923 -078.92573176 
113  33.66729427 -078.92542963 
110   1 0.00  92.51 xxx
111  33.69287114 -078.92887182 
111  33.69285576 -078.92845024 
111  33.69297086 -078.92844418 
113  33.69298624 -078.92886576 
110   1 0.00 135.74 xxx
111  33.69291052 -078.92848784 
111  33.69265907 -078.92819333 
111  33.69273948 -078.92809416 
113  33.69299093 -078.92838867 
110   1 0.00  92.67 xxx
111  33.69226064 -078.93217499 
111  33.69224428 -078.93175346 
111  33.69235936 -078.93174701 
113  33.69237572 -078.93216854 
110   1 0.00 145.52 xxx
111  33.69225410 -078.93180951 
111  33.69196468 -078.93157062 
111  33.69202990 -078.93145649 
113  33.69231932 -078.93169538 
110   1 0.00  83.74 xxx
111  33.69225260 -078.93225518 
111  33.69229088 -078.93183572 
111  33.69240540 -078.93185082 
113  33.69236712 -078.93227028 
110   1 0.00 130.84 xxx
111  33.69230122 -078.93192990 
111  33.69207162 -078.93161065 
111  33.69215878 -078.93152010 
113  33.69238838 -078.93183935 
110   1 0.00 225.74 xxx
111  33.68709877 -078.92682322 
111  33.68685373 -078.92712541 
111  33.68677123 -078.92702878 
113  33.68701627 -078.92672659 
110   1 0.00 316.84 xxx
111  33.68645435 -078.92953119 
111  33.68671046 -078.92981982 
111  33.68663165 -078.92992081 
113  33.68637554 -078.92963218 
110   1 0.00 278.67 xxx
111  33.68647048 -078.92929300 
111  33.68652341 -078.92971013 
111  33.68640952 -078.92973100 
113  33.68635659 -078.92931387 
110   1 0.00 278.67 xxx
111  33.67322148 -078.92599703 
111  33.67327441 -078.92641410 
111  33.67316052 -078.92643497 
113  33.67310759 -078.92601790 
110   1 0.00 278.67 xxx
111  33.66760248 -078.92461605 
111  33.66765541 -078.92503309 
111  33.66754152 -078.92505395 
113  33.66748859 -078.92463691 
110   1 0.00 331.52 xxx
111  33.66764716 -078.92496358 
111  33.66795577 -078.92516475 
111  33.66790084 -078.92528642 
113  33.66759223 -078.92508525 
110   1 0.00 269.74 xxx
111  33.66763040 -078.92453339 
111  33.66762881 -078.92495524 
111  33.66751360 -078.92495461 
113  33.66751519 -078.92453276 
110   1 0.00 316.84 xxx
111  33.66759035 -078.92486923 
111  33.66784646 -078.92515780 
111  33.66776765 -078.92525877 
113  33.66751154 -078.92497020 
110   1 0.00 331.52 xxx
111  33.67327016 -078.92634457 
111  33.67357877 -078.92654575 
111  33.67352384 -078.92666743 
113  33.67321523 -078.92646625 
110   1 0.00  24.91 xxx
111  33.66806352 -078.92225207 
111  33.66838196 -078.92207438 
111  33.66843048 -078.92219993 
113  33.66811204 -078.92237762 
110   1 0.00 225.15 xxx
111  33.66830165 -078.92220127 
111  33.66805403 -078.92250035 
111  33.66797235 -078.92240273 
113  33.66821997 -078.92210365 
110   1 0.00 189.92 xxx
111  33.66857885 -078.92219684 
111  33.66823300 -078.92226952 
111  33.66821315 -078.92213316 
113  33.66855900 -078.92206048 
110   1 0.00  62.78 xxx
111  33.66790248 -078.92259591 
111  33.66806307 -078.92222077 
111  33.66816552 -078.92228409 
113  33.66800493 -078.92265923 
110   1 0.00 177.64 xxx
111  33.66872203 -078.92222784 
111  33.66837123 -078.92221047 
111  33.66837597 -078.92207216 
113  33.66872677 -078.92208953 
110   1 0.00 269.74 xxx
111  33.67324940 -078.92589837 
111  33.67324781 -078.92632026 
111  33.67313260 -078.92631963 
113  33.67313419 -078.92589774 
110   1 0.00 316.84 xxx
111  33.67321735 -078.92624222 
111  33.67347346 -078.92653080 
111  33.67339465 -078.92663178 
113  33.67313854 -078.92634320 
110   1 0.00   8.67 xxx
111  33.68586477 -078.92962837 
111  33.68621186 -078.92956476 
111  33.68622923 -078.92970163 
113  33.68588214 -078.92976524 
110   1 0.00   8.67 xxx
111  33.67262777 -078.92632437 
111  33.67297486 -078.92626078 
111  33.67299223 -078.92639763 
113  33.67264514 -078.92646122 
110   1 0.00  61.52 xxx
111  33.67293866 -078.92627741 
111  33.67310608 -078.92590658 
111  33.67320734 -078.92597259 
113  33.67303992 -078.92634342 
110   1 0.00 359.74 xxx
111  33.67256171 -078.92630583 
111  33.67291281 -078.92630774 
111  33.67291229 -078.92644617 
113  33.67256119 -078.92644426 
110   1 0.00 269.67 xxx
111  33.68031061 -078.93139944 
111  33.68030859 -078.93182136 
111  33.68019339 -078.93182056 
113  33.68019541 -078.93139864 
110   1 0.00 262.24 xxx
111  33.68033278 -078.93131132 
111  33.68028537 -078.93172938 
111  33.68017122 -078.93171068 
113  33.68021863 -078.93129262 
110   1 0.00 331.26 xxx
111  33.68032077 -078.93180687 
111  33.68062862 -078.93200974 
111  33.68057323 -078.93213113 
113  33.68026538 -078.93192826 
110   1 0.00  97.57 xxx
111  33.66890403 -078.92979121 
111  33.66885777 -078.92937302 
111  33.66897197 -078.92935479 
113  33.66901823 -078.92977298 
110   1 0.00 150.42 xxx
111  33.66886724 -078.92948532 
111  33.66856189 -078.92927707 
111  33.66861876 -078.92915668 
113  33.66892411 -078.92936493 
110   1 0.00  88.64 xxx
111  33.66887625 -078.92991223 
111  33.66888458 -078.92949048 
111  33.66899975 -078.92949377 
113  33.66899142 -078.92991552 
110   1 0.00 135.74 xxx
111  33.66891652 -078.92958678 
111  33.66866507 -078.92929235 
111  33.66874548 -078.92919322 
113  33.66899693 -078.92948765 
110   1 0.00 284.44 xxx
111  33.68027601 -078.93150344 
111  33.68036356 -078.93191204 
111  33.68025199 -078.93194656 
113  33.68016444 -078.93153796 
110   1 0.00  46.84 xxx
111  33.67283090 -078.92635353 
111  33.67307107 -078.92604578 
111  33.67315510 -078.92614047 
113  33.67291493 -078.92644822 
110   1 0.00 359.67 xxx
111  33.67962278 -078.93174556 
111  33.67997388 -078.93174799 
111  33.67997322 -078.93188644 
113  33.67962212 -078.93188401 
110   1 0.00  52.52 xxx
111  33.67995047 -078.93175029 
111  33.68016411 -078.93141547 
111  33.68025553 -078.93149971 
113  33.68004189 -078.93183453 
110   1 0.00  15.32 xxx
111  33.67972047 -078.93178198 
111  33.68005909 -078.93167050 
111  33.68008953 -078.93180402 
113  33.67975091 -078.93191550 
110   1 0.00  37.84 xxx
111  33.67982603 -078.93182175 
111  33.68010330 -078.93156292 
111  33.68017397 -078.93167225 
113  33.67989670 -078.93193108 
110   1 0.00  61.52 xxx
111  33.68617966 -078.92959543 
111  33.68634708 -078.92922454 
111  33.68644834 -078.92929057 
113  33.68628092 -078.92966146 
110   1 0.00  95.12 xxx
111  33.68085929 -078.92930130 
111  33.68082796 -078.92888106 
111  33.68094271 -078.92886870 
113  33.68097404 -078.92928894 
110   1 0.00 141.42 xxx
111  33.68087631 -078.92897267 
111  33.68060184 -078.92870956 
111  33.68067369 -078.92860133 
113  33.68094816 -078.92886444 
110   1 0.00 175.22 xxx
111  33.66852345 -078.92217069 
111  33.66840044 -078.92215833 
111  33.66842055 -078.92186931 
113  33.66854356 -078.92188167 
110   1 0.00 126.29 xxx
111  33.69174366 -078.93494653 
111  33.69165275 -078.93479772 
111  33.69173234 -078.93472747 
113  33.69182325 -078.93487628 
130 Airport Boundary 7
111  33.65381159 -078.92670353 
111  33.65965182 -078.91869843 
111  33.67359120 -078.92181656 
111  33.67508546 -078.91759282 
111  33.68660006 -078.91949350 
111  33.68764289 -078.92519556 
111  33.70266242 -078.92884483 
112  33.70266242 -078.92884483  33.70370121 -078.93138943 
111  33.70242844 -078.93418579 
111  33.69917254 -078.93936255 
111  33.68501372 -078.93601871 
111  33.67851799 -078.94267711 
111  33.65961119 -078.93823296 
113  33.66135833 -078.92864449 
14   33.68316700 -078.93378400  100 0 ATC Tower
15   33.68528400 -078.92524700 300.00 Cargo Ramp
15   33.67457200 -078.93383800 260.00 FBO
15   33.67078000 -078.93178600  80.00 General Aviation Ramp
15   33.68274700 -078.92412600  81.00 Terminal
18   33.66906700 -078.93876600 1 BCN
19   33.69219200 -078.93076300 1 WS
19   33.66797300 -078.92473600 1 WS
50 12392 ATIS
50 12450 AWOS 3
51 12845 CTAF
51 12295 UNICOM
52 11970 CLNC DEL
53 12030 GND
54 12845 TWR
55 11920 APP/DEP
55 12740 APP/DEP
