1      149 0 0 KNFD SUMMERDALE NOLF
100   45.72   1   0 0.25 0 0 0 04   30.50616700 -087.65116700    0.00    0.00 1  0 0 0 22   30.51150000 -087.64466700    0.00    0.00 1  0 0 0
100   45.72   1   0 0.25 0 0 0 10   30.50650000 -087.65133300    0.00    0.00 1  0 0 0 28   30.50383300 -087.64233300    0.00    0.00 1  0 0 0
100   45.72   1   0 0.25 0 0 0 16   30.51138900 -087.64527800    0.00    0.00 1  0 0 0 34   30.50388900 -087.64305600    0.00    0.00 1  0 0 0
10   30.51134490 -087.64506530 xxx 256.00   270 0.0 0.0   150 101101  2 0 0 0.25 0
19   30.50633017 -087.65200683 1 WS
19   30.50721742 -087.65155165 1 WS
19   30.51194031 -087.64470201 1 WS
19   30.51133679 -087.64382714 1 WS
19   30.50311556 -087.64211443 1 WS
19   30.50333770 -087.64363196 1 WS
