1      375 0 1 KNJP Warminster Nawc
100   60.96   1   0 0.25 0 3 0 09   40.19699408 -075.08005482    0.00    0.00 2 12 0 0 27   40.20155646 -075.05195296    0.00    0.00 2 12 0 0
110   1 0.30  77.99 Default taxiway for RWY 09
111  40.19672799 -075.07998071   3 102 
111  40.19538431 -075.07960651   3 102 
111  40.19995009 -075.05150651   3 102 
111  40.20129377 -075.05188074 
112  40.20117962 -075.05258324  40.20123450 -075.05223138   3 102 
111  40.20091254 -075.05214171   3 102 
112  40.20048327 -075.05202215  40.20016132 -075.05193248   3 102 
111  40.20010424 -075.05228373   3 102 
111  40.19796403 -075.06545560   3 102 
111  40.19903941 -075.06575510 
111  40.19898234 -075.06610635   3 102 
111  40.19790696 -075.06580686   3 102 
112  40.19576675 -075.07897873  40.19570968 -075.07932998   3 102 
111  40.19603163 -075.07941964   3 102 
112  40.19646090 -075.07953919  40.19678286 -075.07962885   3 102 
113  40.19684213 -075.07927821 
120 Default hold RWY 09 (near)
111  40.19618920 -075.07983066   4 
115  40.19624627 -075.07947941 
120 Default hold RWY 09 (centre)
111  40.19844355 -075.06595630   4 
115  40.19850062 -075.06560505 
120 Default hold RWY 09 (far)
111  40.20069791 -075.05208193   4 
115  40.20075498 -075.05173068 
18   40.20115340 -075.06652702 1 BCN
19   40.19768482 -075.08098148 1 WS
19   40.20086549 -075.05102653 1 WS
