1      358 1 1 KNXX WILLOW GROVE NAS JRB
100   60.96   1   0 0.25 0 3 0 15   40.20854200 -075.15707200    0.00   45.72 2  1 0 0 33   40.19130600 -075.13931700    0.00   45.72 2 10 0 0
21   40.20740298 -075.15515633  1 141.80   3.00 15  VASI
21   40.19242862 -075.14125968  2 321.81   3.00 33  PAPI-4L
110   1 0.30 141.80 Default taxiway for RWY 15
111  40.20837376 -075.15735194   3 102 
111  40.20752420 -075.15876551   3 102 
111  40.19028956 -075.14100557   3 102 
111  40.19113912 -075.13959236 
112  40.19157023 -075.14003660  40.19135328 -075.13981679   3 102 
111  40.19114972 -075.14015541   3 102 
112  40.19087830 -075.14060690  40.19067475 -075.14094551   3 102 
111  40.19089031 -075.14116764   3 102 
111  40.19896874 -075.14949226   3 102 
111  40.19964866 -075.14836108 
111  40.19986422 -075.14858320   3 102 
111  40.19918430 -075.14971438   3 102 
112  40.20726273 -075.15803901  40.20747828 -075.15826113   3 102 
111  40.20768183 -075.15792243   3 102 
112  40.20795325 -075.15747083  40.20815681 -075.15713213   3 102 
113  40.20794265 -075.15690769 
120 Default hold RWY 15 (near)
111  40.20803310 -075.15791875   4 
115  40.20781754 -075.15769663 
120 Default hold RWY 15 (centre)
111  40.19952356 -075.14914995   4 
115  40.19930800 -075.14892783 
120 Default hold RWY 15 (far)
111  40.19101401 -075.14038115   4 
115  40.19079846 -075.14015903 
18   40.20111368 -075.14621836 4 BCN
19   40.20948201 -075.15666948 1 WS
19   40.19036605 -075.13971966 1 WS
53 11845 GND/CLNC DEL
54 11960 TWR
55 12380 PHILADELPHIA APP
