1       38 0 1 KOCW WARREN FLD
100   30.48   1   0 0.25 0 2 0 05   35.56672200 -077.05640800    0.00    0.00 2  0 0 1 23   35.57771900 -077.04633900   60.66    0.00 2  0 0 0
100   45.72   1   0 0.25 0 2 0 17   35.57790000 -077.05169200  152.71    0.00 2  0 0 0 35   35.56543100 -077.04464200    0.00    0.00 2  0 0 0
100   45.72   1   0 0.25 0 0 0 11   35.56705300 -077.05660300    0.00    0.00 2  0 0 0 29   35.56658900 -077.04316700    0.00    0.00 2  0 0 0
21   35.56834961 -077.05539031  1  36.67   3.00 05  VASI
21   35.57565371 -077.04775795  1 216.68   3.00 23  VASI
110   1 0.30 155.30 Default taxiway for RWY 17
111  35.57781498 -077.05191929   3 102 
111  35.57738422 -077.05307080   3 102 
111  35.56491543 -077.04601949   3 102 
111  35.56534619 -077.04486815 
112  35.56571999 -077.04507954  35.56553215 -077.04497637   3 102 
111  35.56542899 -077.04525208   3 102 
112  35.56529145 -077.04561971  35.56518830 -077.04589543   3 102 
111  35.56537520 -077.04600112   3 102 
111  35.57114234 -077.04926251   3 102 
111  35.57148713 -077.04834087 
111  35.57167403 -077.04844657   3 102 
111  35.57132924 -077.04936821   3 102 
112  35.57709639 -077.05262961  35.57728329 -077.05273531   3 102 
111  35.57738644 -077.05245955   3 102 
112  35.57752398 -077.05209187  35.57762714 -077.05181611   3 102 
113  35.57744118 -077.05170790 
110   1 0.30  36.67 Default taxiway for RWY 05
111  35.56664143 -077.05627499   3 102 
111  35.56623052 -077.05559663   3 102 
111  35.57722794 -077.04552890   3 102 
111  35.57763885 -077.04620735 
112  35.57741885 -077.04640875  35.57752751 -077.04630583   3 102 
111  35.57742921 -077.04614354   3 102 
112  35.57729815 -077.04592714  35.57719985 -077.04576484   3 102 
111  35.57708985 -077.04586555   3 102 
111  35.57186614 -077.05064765   3 102 
111  35.57219514 -077.05119082 
111  35.57208514 -077.05129152   3 102 
111  35.57175614 -077.05074835   3 102 
112  35.56653243 -077.05553045  35.56642243 -077.05563116   3 102 
111  35.56652073 -077.05579343   3 102 
112  35.56665179 -077.05600980  35.56675009 -077.05617207   3 102 
113  35.56686143 -077.05607359 
120 Default hold RWY 05 (near)
111  35.56647626 -077.05600231   4 
115  35.56658626 -077.05590161 
120 Default hold RWY 17 (near)
111  35.57764211 -077.05238140   4 
115  35.57745521 -077.05227571 
120 Default hold RWY 05 (centre)
111  35.57191997 -077.05101883   4 
115  35.57202997 -077.05091813 
120 Default hold RWY 17 (centre)
111  35.57150116 -077.04890865   4 
115  35.57131426 -077.04880295 
120 Default hold RWY 17 (far)
111  35.56536022 -077.04543590   4 
115  35.56517332 -077.04533019 
120 Default hold RWY 05 (far)
111  35.57736368 -077.04603534   4 
115  35.57747368 -077.04593464 
18   35.57226917 -077.04655900 1 BCN
19   35.56674774 -077.05701509 1 WS
19   35.56768704 -077.05707623 1 WS
19   35.57853169 -077.05121399 1 WS
19   35.57769321 -077.04573183 1 WS
19   35.56595491 -077.04269388 1 WS
19   35.56479933 -077.04511999 1 WS
50 12017 AWOS 3
51 12270 CTAF/UNICOM
