1       13 0 1 KORG ORANGE CO
100   22.86   1   0 0.25 0 2 0 04   30.06469700 -093.80557800    0.00    0.00 2  0 0 0 22   30.07365600 -093.79624700    0.00    0.00 2  0 0 0
100   15.24   3   0 0.25 0 0 0 13   30.07221100 -093.81080800    0.00    0.00 1  0 0 0 31   30.06616100 -093.80433900    0.00    0.00 1  0 0 0
21   30.06623538 -093.80444392  2  42.03   3.00 04  PAPI-4L
21   30.07211770 -093.79738134  2 222.03   3.00 22  PAPI-4L
110   1 0.30  42.03 Default taxiway for RWY 04
111  30.06462964 -093.80549165   3 102 
111  30.06428381 -093.80504829   3 102 
111  30.07324314 -093.79571808   3 102 
111  30.07358897 -093.79616148 
112  30.07343615 -093.79632063  30.07351106 -093.79623913   3 102 
111  30.07342842 -093.79613317   3 102 
112  30.07331823 -093.79599190  30.07323560 -093.79588595   3 102 
111  30.07315919 -093.79596552   3 102 
111  30.06887055 -093.80043169   3 102 
111  30.06914751 -093.80078678 
111  30.06907110 -093.80086635   3 102 
111  30.06879414 -093.80051126   3 102 
112  30.06450550 -093.80497743  30.06442909 -093.80505700   3 102 
111  30.06451172 -093.80516294   3 102 
112  30.06462191 -093.80530420  30.06470455 -093.80541014   3 102 
113  30.06478246 -093.80533251 
120 Default hold RWY 04 (near)
111  30.06449041 -093.80531314   4 
115  30.06456682 -093.80523357 
120 Default hold RWY 04 (centre)
111  30.06893187 -093.80068784   4 
115  30.06900828 -093.80060827 
120 Default hold RWY 04 (far)
111  30.07337333 -093.79606254   4 
115  30.07344974 -093.79598296 
19   30.06474986 -093.80600082 1 WS
19   30.07245139 -093.81074116 1 WS
19   30.07360310 -093.79582414 1 WS
19   30.06592061 -093.80440584 1 WS
50 11897 AWOS 3
51 12280 CTAF/UNICOM
55 12130 BEAUMONT APP/DEP
