1      270 0 1 KOWK CENTRAL MAINE OF NORRIDGEWOCK
100   30.48   1   0 0.25 0 0 0 03   44.70890300 -069.86875300    0.00    0.00 2  0 0 0 21   44.71971700 -069.86619200    0.00    0.00 2  0 0 0
100   30.48   1   0 0.25 0 2 0 15   44.72016700 -069.87137500    0.00    0.00 2  0 0 0 33   44.71317500 -069.85953600    0.00    0.00 2  0 0 1
110   1 0.30   9.55 Default taxiway for RWY 03
111  44.70888061 -069.86856582   3 
111  44.70876645 -069.86761117   3 
111  44.71958048 -069.86505044   3 
111  44.71969464 -069.86600526 
112  44.71942414 -069.86606931  44.71955902 -069.86603416   3 
111  44.71953171 -069.86580575   3 
112  44.71949530 -069.86550121  44.71946799 -069.86527280   3 
111  44.71933274 -069.86530483   3 
111  44.71426385 -069.86650512   3 
111  44.71435525 -069.86726953 
111  44.71422000 -069.86730155   3 
111  44.71412860 -069.86653714   3 
112  44.70905971 -069.86773742  44.70892446 -069.86776946   3 
111  44.70895177 -069.86799782   3 
112  44.70898818 -069.86830231  44.70901549 -069.86853068   3 
113  44.70915111 -069.86850177 
110   1 0.30 129.73 Default taxiway for RWY 15
111  44.72006325 -069.87149634   3 102 
111  44.71953411 -069.87211517   3 102 
111  44.71254272 -069.86027465   3 102 
111  44.71307186 -069.85965589 
112  44.71324717 -069.85995279  44.71315779 -069.85980637   3 102 
111  44.71303121 -069.85995438   3 102 
112  44.71286244 -069.86015174  44.71273586 -069.86029976   3 102 
111  44.71282351 -069.86044821   3 102 
111  44.71610007 -069.86599733   3 102 
111  44.71652373 -069.86550189 
111  44.71661138 -069.86565034   3 102 
111  44.71618772 -069.86614578   3 102 
112  44.71946428 -069.87169491  44.71955193 -069.87184336   3 102 
111  44.71967851 -069.87169533   3 102 
112  44.71984728 -069.87149795  44.71997386 -069.87134991   3 102 
113  44.71988794 -069.87119944 
120 Default hold RWY 03 (near)
111  44.70883472 -069.86818209   4 
115  44.70896997 -069.86815007 
120 Default hold RWY 15 (near)
111  44.71985055 -069.87174509   4 
115  44.71976289 -069.87159664 
120 Default hold RWY 03 (centre)
111  44.71417411 -069.86691778   4 
115  44.71430936 -069.86688576 
120 Default hold RWY 15 (centre)
111  44.71639868 -069.86589907   4 
115  44.71631103 -069.86575062 
120 Default hold RWY 03 (far)
111  44.71951350 -069.86565348   4 
115  44.71964875 -069.86562146 
120 Default hold RWY 15 (far)
111  44.71294682 -069.86005306   4 
115  44.71285916 -069.85990461 
18   44.71740968 -069.86459131 1 BCN
19   44.70870078 -069.86938796 1 WS
19   44.72065876 -069.87130181 1 WS
19   44.71991920 -069.86555691 1 WS
19   44.71268325 -069.85960928 1 WS
51 12280 CTAF/UNICOM
55 12835 PORTLAND APP/DEP
