1     2613 0 1 KPEQ PECOS MUNI
100   24.38   1   0 0.25 0 2 0 14   31.39153600 -103.51704700    0.00    0.00 2  0 0 0 32   31.37728900 -103.50593300    0.00    0.00 2  0 0 0
100   24.38   1   0 0.25 0 2 0 09   31.38183100 -103.51925300    0.00    0.00 2  0 0 0 27   31.37865000 -103.50053900    0.00    0.00 2  0 0 0
21   31.39020856 -103.51557819  2 146.34   3.00 14  PAPI-4L
21   31.37861657 -103.50740144  2 326.34   3.00 32  PAPI-4L
110   1 0.30 101.26 Default taxiway for RWY 09
111  31.38172560 -103.51927757   3 102 
111  31.38118535 -103.51940351   3 102 
111  31.37800571 -103.50068888   3 102 
111  31.37854596 -103.50056294 
112  31.37858879 -103.50081503  31.37856516 -103.50068949   3 102 
111  31.37843603 -103.50071960   3 102 
112  31.37826386 -103.50075973  31.37813473 -103.50078983   3 102 
111  31.37815615 -103.50091588   3 102 
111  31.37969243 -103.50995808   3 102 
111  31.38012507 -103.50985723 
111  31.38014649 -103.50998328   3 102 
111  31.37971385 -103.51008413   3 102 
112  31.38125013 -103.51912633  31.38127154 -103.51925238   3 102 
111  31.38140067 -103.51922227   3 102 
112  31.38157284 -103.51918214  31.38170197 -103.51915204   3 102 
113  31.38168277 -103.51902547 
110   1 0.30 146.34 Default taxiway for RWY 14
111  31.39147643 -103.51715178   3 102 
111  31.39117107 -103.51768886   3 102 
111  31.37692455 -103.50657308   3 102 
111  31.37722991 -103.50603608 
112  31.37741255 -103.50617858  31.37731998 -103.50610952   3 102 
111  31.37724699 -103.50623787   3 102 
112  31.37714968 -103.50640901  31.37707669 -103.50653736   3 102 
111  31.37716801 -103.50660862   3 102 
111  31.38406297 -103.51198837   3 102 
111  31.38430751 -103.51155831 
111  31.38439883 -103.51162956   3 102 
111  31.38415429 -103.51205963   3 102 
112  31.39104925 -103.51743938  31.39114057 -103.51751063   3 102 
111  31.39121356 -103.51738226   3 102 
112  31.39131087 -103.51721110  31.39138386 -103.51708273   3 102 
113  31.39129379 -103.51700928 
120 Default hold RWY 09 (near)
111  31.38150817 -103.51932826   4 
115  31.38148675 -103.51920221 
120 Default hold RWY 14 (near)
111  31.39135354 -103.51736793   4 
115  31.39126222 -103.51729668 
120 Default hold RWY 09 (centre)
111  31.37992906 -103.51003396   4 
115  31.37990764 -103.50990791 
120 Default hold RWY 14 (centre)
111  31.38427594 -103.51184569   4 
115  31.38418462 -103.51177444 
120 Default hold RWY 09 (far)
111  31.37834994 -103.50073966   4 
115  31.37832853 -103.50061362 
120 Default hold RWY 14 (far)
111  31.37719834 -103.50632344   4 
115  31.37710702 -103.50625219 
18   31.38483890 -103.51074070 1 BCN
19   31.38219666 -103.51942984 1 WS
19   31.39190110 -103.51686857 1 WS
19   31.37828431 -103.50036224 1 WS
19   31.37692391 -103.50611144 1 WS
50 11817 AWOS 3
51 12280 CTAF/UNICOM
