1      298 0 1 KPIB HATTIESBURG LAUREL RGNL
100   45.72   1   0 0.25 0 3 0 18   31.47608300 -089.33706900    0.00    0.00 3  8 0 0 36   31.45820800 -089.33704700    0.00    0.00 2  0 0 0
21   31.47290757 -089.33659175  2 179.94   3.00 18  PAPI-4L
21   31.46000743 -089.33752249  2 359.94   3.00 36  PAPI-4L
110   1 0.00 179.94 Default taxiway for RWY 18
111  31.47608279 -089.33730758   3 102 
111  31.47608170 -089.33851630   3 102 
111  31.45820670 -089.33849402   3 102 
111  31.45820779 -089.33728553 
112  31.45861924 -089.33728603  31.45841350 -089.33728842   3 102 
111  31.45841324 -089.33757783   3 102 
112  31.45841290 -089.33796370  31.45841264 -089.33825310   3 102 
111  31.45861837 -089.33825336   3 102 
111  31.46704156 -089.33826384   3 102 
111  31.46704243 -089.33729643 
111  31.46724815 -089.33729668   3 102 
111  31.46724728 -089.33826409   3 102 
112  31.47567047 -089.33827457  31.47587620 -089.33827483   3 102 
111  31.47587646 -089.33798537   3 102 
112  31.47587680 -089.33759943  31.47587706 -089.33730997   3 102 
113  31.47567134 -089.33730707 
130 Airport Boundary 2
111  31.48329560 -089.33774213 
111  31.48182895 -089.33777795 
111  31.48182895 -089.33992720 
111  31.45441305 -089.33966695 
111  31.45436832 -089.33762219 
111  31.44886580 -089.33762219 
111  31.44967104 -089.33599687 
111  31.45736563 -089.33583958 
111  31.45741036 -089.33348025 
111  31.46550757 -089.33274623 
111  31.46550757 -089.33101605 
111  31.47334786 -089.33127193 
111  31.47334786 -089.33403003 
111  31.47906169 -089.33388675 
111  31.47909224 -089.33514043 
113  31.48327831 -089.33510461 
120 Default hold RWY 18 (near)
111  31.47608235 -089.33779265   4 
115  31.47587663 -089.33779240 
120 Default hold RWY 18 (centre)
111  31.46724771 -089.33778170   4 
115  31.46704199 -089.33778145 
120 Default hold RWY 18 (far)
111  31.45841307 -089.33777076   4 
115  31.45820735 -089.33777051 
18   31.46714788 -089.33536965 1 BCN
19   31.47649510 -089.33634586 1 WS
19   31.45779590 -089.33777000 1 WS
50 12832 AWOS 3
51 12300 CTAF/UNICOM
