1      330 1 1 KPOE POLK AAF
100   38.10   1   0 0.25 0 3 0 15   31.05010600 -093.19383300   60.05    0.00 2 11 0 1 33   31.03946400 -093.18943900    0.00  243.84 2  1 0 1
21   31.04802298 -093.19251546  2 160.52   3.00 15  PAPI-4L
21   31.04103763 -093.19054600  2 340.52   3.00 33  PAPI-4L
110   1 0.30 160.52 Default taxiway for RWY 15
111  31.05004957 -093.19401918   3 102 
111  31.04976294 -093.19496491   3 102 
111  31.03912101 -093.19057029   3 102 
111  31.03940764 -093.18962466 
112  31.03973089 -093.18975815  31.03956851 -093.18969388   3 102 
111  31.03949990 -093.18992024   3 102 
112  31.03940842 -093.19022205  31.03933980 -093.19044840   3 102 
111  31.03950143 -093.19051514   3 102 
111  31.04441834 -093.19254558   3 102 
111  31.04464780 -093.19178854 
111  31.04480942 -093.19185529   3 102 
111  31.04457996 -093.19261232   3 102 
112  31.04949687 -093.19464277  31.04965849 -093.19470951   3 102 
111  31.04972711 -093.19448313   3 102 
112  31.04981859 -093.19418129  31.04988720 -093.19395491   3 102 
113  31.04972633 -093.19388569 
120 Default hold RWY 15 (near)
111  31.04993447 -093.19439895   4 
115  31.04977285 -093.19433221 
120 Default hold RWY 15 (centre)
111  31.04469432 -093.19223504   4 
115  31.04453270 -093.19216830 
120 Default hold RWY 15 (far)
111  31.03945416 -093.19007114   4 
115  31.03929254 -093.19000440 
18   31.04518653 -093.19031749 4 BCN
19   31.05060031 -093.19340203 1 WS
19   31.03896970 -093.18986994 1 WS
50 13485 ATIS
53 12180 GND
54 11900 TWR
55 12370 APP/DEP
