1      309 0 1 KPTW POTTSTOWN LIMERICK
100   22.86   1   0 0.25 0 2 0 10   40.23908900 -075.56270300    0.00  156.97 2  0 0 1 28   40.24003900 -075.55069200   60.96    0.00 2  0 0 1
21   40.23957386 -075.56039840  2  84.08   3.00 10  PAPI-4L
21   40.23949787 -075.55371157  2 264.09   3.00 28  PAPI-4L
110   1 0.30  84.08 Default taxiway for RWY 10
111  40.23898892 -075.56268941   3 102 
111  40.23847512 -075.56261962   3 102 
111  40.23942574 -075.55060879   3 102 
111  40.23993954 -075.55067858 
112  40.23991832 -075.55094664  40.23992670 -075.55081230   3 102 
111  40.23980392 -075.55079563   3 102 
112  40.23964022 -075.55077339  40.23951744 -075.55075672   3 102 
111  40.23950683 -075.55089075   3 102 
111  40.23905804 -075.55656109   3 102 
111  40.23946953 -075.55661698 
111  40.23945893 -075.55675101   3 102 
111  40.23904744 -075.55669512   3 102 
112  40.23859865 -075.56236546  40.23858804 -075.56249949   3 102 
111  40.23871082 -075.56251616   3 102 
112  40.23887452 -075.56253840  40.23899730 -075.56255507   3 102 
113  40.23901014 -075.56242135 
120 Default hold RWY 10 (near)
111  40.23878206 -075.56266131   4 
115  40.23879267 -075.56252728 
120 Default hold RWY 10 (centre)
111  40.23925207 -075.55672291   4 
115  40.23926267 -075.55658888 
120 Default hold RWY 10 (far)
111  40.23972207 -075.55078451   4 
115  40.23973268 -075.55065048 
18   40.24027907 -075.55679550 1 BCN
19   40.23937336 -075.56301256 1 WS
19   40.23975461 -075.55038248 1 WS
50 11942 ASOS
51 12270 CTAF/UNICOM
52 11855 CLNC DEL
55 12685 PHILADELPHIA APP/DEP
