1        8 0 1 KPVC Provincetown Muni
100   30.48   1   0 0.25 0 3 1 07   42.06983100 -070.22628100    0.00    0.00 3 10 0 0 25   42.07473100 -070.21519400    0.00    0.00 2  0 0 1
21   42.07118526 -070.22409976  2  59.23   3.00 07  PAPI-4L
21   42.07352236 -070.21704659  2 239.24   3.00 25  PAPI-4L
10   42.07342500 -070.22187800 xxx  59.23  3720 0.0 0.0   100 161161  1 0 0 0.25 0
10   42.07515700 -070.21864300 xxx  59.23  1400 0.0 0.0   120 101101  2 0 0 0.25 0
10   42.07566800 -070.21682000 xxx 151.00  1000 0.0 0.0   100 161161  1 0 0 0.25 0
10   42.07157500 -070.22341200 xxx 100.00   450 0.0 0.0   100 161161  1 0 0 0.25 0
10   42.07043800 -070.22767600 xxx   0.00   360 0.0 0.0   100 161161  1 0 0 0.25 0
10   42.06983600 -070.22720300 xxx 117.00   360 0.0 0.0   100 161161  1 0 0 0.25 0
10   42.07202100 -070.22407500 xxx   0.00   341 0.0 0.0   100 161161  1 0 0 0.25 0
14   42.07595800 -070.21797200    0 0 ATC Tower
15   42.07537100 -070.21823100 330.00 Ramp
18   42.07275400 -070.22112300 1 BCN
19   42.07030500 -070.22665400 1 WS
19   42.07426100 -070.21481300 1 WS
50 11902 AWOS 3
51 12280 CTAF/UNICOM
52 12065 OTIS CLNC DEL
55 11820 CAPE APP/DEP
