1      660 1 1 KRBD DALLAS EXECUTIVE
100   45.72   1   0 0.25 1 2 0 13   32.68731900 -096.87643100    0.00    0.00 2  0 0 1 31   32.67476700 -096.86162800    0.00    0.00 3  0 0 0
100   45.72   1   0 0.25 0 2 0 17   32.68580000 -096.86679200    0.00    0.00 2  0 0 1 35   32.67535800 -096.86681900    0.00    0.00 2  0 0 1
21   32.68630711 -096.87460669  1 135.21   3.00 13  VASI
21   32.68399927 -096.86631700  2 180.13   3.00 17  PAPI-4L
21   32.67622956 -096.86398303  1 315.22   3.00 31  VASI
110   1 0.30 135.21 Default taxiway for RWY 13
111  32.68717565 -096.87660257   3 102 
111  32.68644936 -096.87747180   3 102 
111  32.67389823 -096.86266658   3 102 
111  32.67462452 -096.86179747 
112  32.67491651 -096.86214190  32.67476892 -096.86197157   3 102 
111  32.67459499 -096.86217970   3 102 
112  32.67436309 -096.86245721  32.67418916 -096.86266535   3 102 
111  32.67433516 -096.86283757   3 102 
111  32.68024574 -096.86980962   3 102 
111  32.68082709 -096.86911391 
111  32.68097308 -096.86928613   3 102 
111  32.68039173 -096.86998185   3 102 
112  32.68630231 -096.87695390  32.68644830 -096.87712612   3 102 
111  32.68662223 -096.87691796   3 102 
112  32.68685413 -096.87664042  32.68702806 -096.87643226   3 102 
113  32.68688366 -096.87625814 
110   1 0.30 180.13 Default taxiway for RWY 17
111  32.68580044 -096.86703376   3 102 
111  32.68580269 -096.86825858   3 102 
111  32.67536069 -096.86828541   3 102 
111  32.67535844 -096.86706073 
112  32.67576989 -096.86705967  32.67556417 -096.86706287   3 102 
111  32.67556471 -096.86735615   3 102 
112  32.67556542 -096.86774720  32.67556596 -096.86804048   3 102 
111  32.67577169 -096.86803995   3 102 
111  32.68047838 -096.86802785   3 102 
111  32.68047658 -096.86704751 
111  32.68068230 -096.86704698   3 102 
111  32.68068410 -096.86802732   3 102 
112  32.68539079 -096.86801520  32.68559652 -096.86801468   3 102 
111  32.68559598 -096.86772136   3 102 
112  32.68559527 -096.86733027  32.68559473 -096.86703696   3 102 
113  32.68538899 -096.86703482 
120 Default hold RWY 13 (near)
111  32.68688418 -096.87695140   4 
115  32.68673818 -096.87677919 
120 Default hold RWY 17 (near)
111  32.68580134 -096.86752529   4 
115  32.68559562 -096.86752582 
120 Default hold RWY 13 (centre)
111  32.68068161 -096.86963494   4 
115  32.68053562 -096.86946271 
120 Default hold RWY 17 (centre)
111  32.68068320 -096.86753849   4 
115  32.68047748 -096.86753902 
120 Default hold RWY 13 (far)
111  32.67447904 -096.86231846   4 
115  32.67433305 -096.86214625 
120 Default hold RWY 17 (far)
111  32.67556506 -096.86755168   4 
115  32.67535934 -096.86755220 
18   32.68057699 -096.86509459 1 BCN
19   32.68804581 -096.87625503 1 WS
19   32.68621011 -096.86605765 1 WS
19   32.67404021 -096.86180407 1 WS
19   32.67494789 -096.86755326 1 WS
50 12635 ATIS
51 12030 CTAF
51 12295 UNICOM
52 11862 CLNC DEL
53 12170 GND
54 12030 EXECUTIVE TWR
55 12520 RGNL APP/DEP
