1      435 1 1 KRDU Raleigh Durham Intl
100   45.72   2   0 0.25 1 3 1 05L  35.87445000 -078.80196400    0.00   60.96 3  8 1 0 23R  35.89382200 -078.77803300    0.00   60.96 3  2 1 0
100   45.72   1   0 0.25 1 3 1 05R  35.86463100 -078.79733900    0.00   60.96 3  8 0 0 23L  35.87916700 -078.77939400    0.00   60.96 3  8 1 0
100   30.48   1   0 0.25 0 2 1 14   35.87503100 -078.78267800    0.00    0.00 2  0 0 0 32   35.86807800 -078.77418100    0.00    0.00 2  0 0 0
21   35.87667619 -078.79991972  2  45.02   3.00 05L PAPI-4L
21   35.86689928 -078.79524410  2  45.01   3.00 05R PAPI-4L
21   35.87695879 -078.78146316  1 225.02   3.00 23L VASI
21   35.89129295 -078.78045324  2 225.03   3.00 23R PAPI-4L
21   35.86914013 -078.77601395  1 315.28   3.00 32  VASI
10   35.88539900 -078.78553800 xxx  44.92  3523 0.0 0.0    75 161161  2 0 0 0.25 0
10   35.87714800 -078.79503600 xxx  44.93  2810 0.0 0.0   357 161161  2 0 0 0.25 0
10   35.88428100 -078.78566700 xxx  44.93  2524 0.0 0.0   225 161161  1 0 0 0.25 0
10   35.87783100 -078.78311900 xxx  46.66  2555 0.0 0.0   107 161161  1 0 0 0.25 0
10   35.88896900 -078.77854200 xxx  45.47  2210 0.0 0.0   374 161161  2 0 0 0.25 0
10   35.87999000 -078.78715500 xxx 134.93  2431 0.0 0.0    75 161161  2 0 0 0.25 0
10   35.87085300 -078.79176300 xxx  43.26  2181 0.0 0.0   107 161161  1 0 0 0.25 0
10   35.87282900 -078.79046600 xxx  45.09  1643 0.0 0.0   540 161161  1 0 0 0.25 0
10   35.88729100 -078.78424800 xxx  45.18  2021 0.0 0.0    75 161161  2 0 0 0.25 0
10   35.87976100 -078.78261600 xxx  45.33  1472 0.0 0.0   395 161161  1 0 0 0.25 0
10   35.86963300 -078.79723400 xxx 134.93  1722 0.0 0.0    75 161161  2 0 0 0.25 0
10   35.88089000 -078.79216800 xxx  45.18  1719 0.0 0.0    75 161161  2 0 0 0.25 0
10   35.87502700 -078.79558600 xxx  44.93  1494 0.0 0.0   276 161161  2 0 0 0.25 0
10   35.86708800 -078.79623400 xxx  45.09  1663 0.0 0.0   107 161161  1 0 0 0.25 0
10   35.86718000 -078.77697800 xxx  45.09   797 0.0 0.0   848 161161  1 0 0 0.25 0
10   35.87945200 -078.78936800 xxx 134.93  1532 0.0 0.0    75 161161  2 0 0 0.25 0
10   35.88393800 -078.78839900 xxx  45.18  1529 0.0 0.0    75 161161  2 0 0 0.25 0
10   35.87595400 -078.79823300 xxx  45.22  1505 0.0 0.0    88 161161  2 0 0 0.25 0
10   35.87524400 -078.78712500 xxx  45.09  1184 0.0 0.0   389 161161  1 0 0 0.25 0
10   35.89050300 -078.77733600 xxx  44.34  1368 0.0 0.0   107 161161  2 0 0 0.25 0
10   35.87781900 -078.79215200 xxx  44.93  1172 0.0 0.0   276 161161  2 0 0 0.25 0
10   35.87458400 -078.79776000 xxx 134.93   961 0.0 0.0   439 161161  2 0 0 0.25 0
10   35.89178800 -078.77774000 xxx 134.93   481 0.0 0.0   866 161161  2 0 0 0.25 0
10   35.87599900 -078.78232600 xxx 134.97  1263 0.0 0.0    75 161161  1 0 0 0.25 0
10   35.89245200 -078.77667200 xxx 134.93  1192 0.0 0.0   133 161161  2 0 0 0.25 0
10   35.87725400 -078.78490400 xxx  46.59  1138 0.0 0.0    50 161161  1 0 0 0.25 0
10   35.88105000 -078.79088600 xxx  45.51  1085 0.0 0.0    95 161161  2 0 0 0.25 0
10   35.88541400 -078.78327900 xxx  44.93   941 0.0 0.0   225 161161  1 0 0 0.25 0
10   35.89030100 -078.78054000 xxx  45.18  1089 0.0 0.0    75 161161  2 0 0 0.25 0
10   35.88821400 -078.78053300 xxx  46.06   987 0.0 0.0   152 161161  2 0 0 0.25 0
10   35.87369900 -078.79961400 xxx  44.93   490 0.0 0.0   598 161161  2 0 0 0.25 0
10   35.88809200 -078.78115100 xxx  46.06   987 0.0 0.0   100 161161  2 0 0 0.25 0
10   35.87825800 -078.79539500 xxx  44.57  1000 0.0 0.0    75 161161  2 0 0 0.25 0
10   35.87954300 -078.78521000 xxx 135.79   711 0.0 0.0   257 161161  1 0 0 0.25 0
10   35.88115300 -078.77999900 xxx  44.89   885 0.0 0.0    82 161161  2 0 0 0.25 0
10   35.88343400 -078.78006700 xxx 134.70   784 0.0 0.0   166 161161  1 0 0 0.25 0
10   35.87722800 -078.78590400 xxx 134.97   823 0.0 0.0    68 161161  1 0 0 0.25 0
10   35.88236600 -078.78131100 xxx 134.70   810 0.0 0.0    81 161161  1 0 0 0.25 0
10   35.87076200 -078.79095500 xxx  10.17   790 0.0 0.0   100 161161  1 0 0 0.25 0
10   35.88174400 -078.78010600 xxx  45.09   784 0.0 0.0    74 161161  1 0 0 0.25 0
10   35.87945200 -078.79122900 xxx 143.48   731 0.0 0.0   107 161161  2 0 0 0.25 0
10   35.87872700 -078.78704100 xxx  45.42   570 0.0 0.0   239 161161  2 0 0 0.25 0
10   35.87683900 -078.78481300 xxx  46.24   672 0.0 0.0    83 161161  1 0 0 0.25 0
10   35.87478600 -078.79681400 xxx  44.93   477 0.0 0.0   276 161161  2 0 0 0.25 0
10   35.87891400 -078.79177900 xxx 134.93   206 0.0 0.0   540 161161  2 0 0 0.25 0
10   35.87847100 -078.78662100 xxx  44.89   583 0.0 0.0   127 161161  2 0 0 0.25 0
10   35.87646900 -078.78636900 xxx 314.03   443 0.0 0.0   265 161161  1 0 0 0.25 0
10   35.87484700 -078.78833000 xxx  73.12   449 0.0 0.0   212 161161  1 0 0 0.25 0
10   35.87359600 -078.80079700 xxx 134.86   444 0.0 0.0   217 161161  2 0 0 0.25 0
10   35.86803100 -078.79414400 xxx  90.72   560 0.0 0.0   100 161161  1 0 0 0.25 0
10   35.87295200 -078.80041500 xxx 155.19   580 0.0 0.0    75 161161  2 0 0 0.25 0
10   35.87464900 -078.79928600 xxx  44.93   300 0.0 0.0   276 161161  2 0 0 0.25 0
10   35.87679300 -078.79661600 xxx 179.76   443 0.0 0.0   120 161161  2 0 0 0.25 0
10   35.88925600 -078.78081500 xxx  44.92   488 0.0 0.0    75 161161  2 0 0 0.25 0
10   35.87922300 -078.79370900 xxx 134.93   239 0.0 0.0   317 161161  2 0 0 0.25 0
10   35.88352600 -078.78156300 xxx  45.09   449 0.0 0.0   107 161161  1 0 0 0.25 0
10   35.86832800 -078.77562700 xxx  46.20   449 0.0 0.0   107 161161  1 0 0 0.25 0
10   35.88233600 -078.78008300 xxx  45.09   449 0.0 0.0   107 161161  1 0 0 0.25 0
10   35.88018400 -078.79250300 xxx 134.93   233 0.0 0.0   317 161161  2 0 0 0.25 0
10   35.87633500 -078.78411900 xxx 134.97   403 0.0 0.0   141 161161  1 0 0 0.25 0
10   35.88715000 -078.78231000 xxx 134.93   443 0.0 0.0   100 161161  2 0 0 0.25 0
10   35.88264500 -078.78046400 xxx  45.09   449 0.0 0.0    74 161161  1 0 0 0.25 0
10   35.88316300 -078.78115100 xxx  45.09   449 0.0 0.0    74 161161  1 0 0 0.25 0
10   35.88291200 -078.78079200 xxx  45.09   449 0.0 0.0    74 161161  1 0 0 0.25 0
10   35.87398900 -078.78069300 xxx 356.41   443 0.0 0.0    75 161161  1 0 0 0.25 0
10   35.87663300 -078.78704100 xxx 314.03   436 0.0 0.0    75 161161  1 0 0 0.25 0
10   35.87202100 -078.78939100 xxx 134.97   403 0.0 0.0   100 161161  1 0 0 0.25 0
10   35.87448900 -078.78636200 xxx 134.97   403 0.0 0.0   100 161161  1 0 0 0.25 0
10   35.87175400 -078.79963700 xxx 148.23   423 0.0 0.0    75 161161  2 0 0 0.25 0
10   35.87815100 -078.78166200 xxx 314.03   403 0.0 0.0    75 161161  1 0 0 0.25 0
10   35.86838200 -078.79315200 xxx  60.48   416 0.0 0.0    62 161161  1 0 0 0.25 0
10   35.87946300 -078.77994500 xxx 134.97   403 0.0 0.0    75 161161  1 0 0 0.25 0
10   35.86525700 -078.79757700 xxx 135.14   370 0.0 0.0   100 161161  1 0 0 0.25 0
10   35.88568900 -078.78703300 xxx 134.93   364 0.0 0.0   100 161161  2 0 0 0.25 0
10   35.88952600 -078.78230300 xxx 134.93   364 0.0 0.0   100 161161  2 0 0 0.25 0
10   35.88763000 -078.78465300 xxx 134.93   364 0.0 0.0   100 161161  2 0 0 0.25 0
10   35.87762800 -078.79704300 xxx 134.93   364 0.0 0.0   100 161161  2 0 0 0.25 0
10   35.87956200 -078.79467000 xxx 134.93   364 0.0 0.0   100 161161  2 0 0 0.25 0
10   35.87419900 -078.80048400 xxx 225.45   377 0.0 0.0    87 161161  2 0 0 0.25 0
10   35.88281600 -078.79065700 xxx 134.93   364 0.0 0.0   100 161161  2 0 0 0.25 0
10   35.86548200 -078.79815700 xxx 135.14   291 0.0 0.0   172 161161  1 0 0 0.25 0
10   35.86823300 -078.79345700 xxx  71.59   390 0.0 0.0    62 161161  1 0 0 0.25 0
10   35.87480900 -078.80046800 xxx 134.85   377 0.0 0.0    75 161161  2 0 0 0.25 0
10   35.87421400 -078.80127700 xxx 316.70   305 0.0 0.0   146 161161  2 0 0 0.25 0
10   35.88914500 -078.77918200 xxx  73.33   292 0.0 0.0   152 161161  2 0 0 0.25 0
10   35.88032500 -078.78060200 xxx  45.09   213 0.0 0.0   212 161161  2 0 0 0.25 0
10   35.87528600 -078.78215000 xxx 226.33   325 0.0 0.0    75 161161  1 0 0 0.25 0
10   35.89273800 -078.77838900 xxx 134.23   324 0.0 0.0    75 161161  2 0 0 0.25 0
10   35.87987100 -078.77998400 xxx 314.03   187 0.0 0.0   193 161161  1 0 0 0.25 0
10   35.88241200 -078.77910600 xxx 135.04   294 0.0 0.0    82 161161  2 0 0 0.25 0
10   35.87417600 -078.80152900 xxx 163.14   241 0.0 0.0   119 161161  2 0 0 0.25 0
10   35.87982200 -078.78117400 xxx 314.03   279 0.0 0.0    75 161161  1 0 0 0.25 0
10   35.87880700 -078.78246300 xxx 314.03   279 0.0 0.0    75 161161  1 0 0 0.25 0
10   35.87813600 -078.78334000 xxx 314.03   266 0.0 0.0    75 161161  1 0 0 0.25 0
10   35.87703700 -078.78702500 xxx 266.70   266 0.0 0.0    75 161161  1 0 0 0.25 0
10   35.87931400 -078.78183000 xxx 314.03   259 0.0 0.0    75 161161  1 0 0 0.25 0
10   35.89035000 -078.77858700 xxx  50.45   259 0.0 0.0    75 161161  2 0 0 0.25 0
10   35.87767400 -078.78671300 xxx 112.32   278 0.0 0.0    55 161161  1 0 0 0.25 0
10   35.88317500 -078.79077900 xxx   1.53   206 0.0 0.0   120 161161  2 0 0 0.25 0
10   35.88568900 -078.78756000 xxx 263.52   285 0.0 0.0    41 161161  2 0 0 0.25 0
10   35.88707700 -078.78398900 xxx 134.93   206 0.0 0.0   120 161161  2 0 0 0.25 0
10   35.88899600 -078.78160900 xxx 133.53   206 0.0 0.0   120 161161  2 0 0 0.25 0
10   35.88518900 -078.78633100 xxx 134.93   206 0.0 0.0   120 161161  2 0 0 0.25 0
10   35.88226300 -078.78992500 xxx 134.93   206 0.0 0.0   120 161161  2 0 0 0.25 0
10   35.88109200 -078.79137400 xxx 134.93   206 0.0 0.0   120 161161  2 0 0 0.25 0
10   35.88321300 -078.79058800 xxx 184.13   285 0.0 0.0    41 161161  2 0 0 0.25 0
10   35.88762300 -078.78519400 xxx 263.52   285 0.0 0.0    41 161161  2 0 0 0.25 0
10   35.88952300 -078.78282900 xxx 263.52   285 0.0 0.0    41 161161  2 0 0 0.25 0
10   35.87222300 -078.78993200 xxx  86.46   200 0.0 0.0   114 161161  1 0 0 0.25 0
10   35.87245600 -078.78963500 xxx   2.46   200 0.0 0.0   114 161161  1 0 0 0.25 0
10   35.87163900 -078.78913900 xxx 173.46   200 0.0 0.0   114 161161  1 0 0 0.25 0
10   35.87180700 -078.78883400 xxx 266.46   200 0.0 0.0   114 161161  1 0 0 0.25 0
10   35.87666300 -078.78427900 xxx 350.46   200 0.0 0.0   114 161161  1 0 0 0.25 0
10   35.87596100 -078.78389000 xxx 167.46   200 0.0 0.0   114 161161  1 0 0 0.25 0
10   35.87613700 -078.78349300 xxx 266.46   200 0.0 0.0   114 161161  1 0 0 0.25 0
10   35.86563500 -078.79776000 xxx   2.46   200 0.0 0.0   114 161161  1 0 0 0.25 0
10   35.86509700 -078.79707300 xxx 266.46   200 0.0 0.0   114 161161  1 0 0 0.25 0
10   35.87468700 -078.78689600 xxx  86.46   200 0.0 0.0   114 161161  1 0 0 0.25 0
10   35.87492400 -078.78659800 xxx   2.46   200 0.0 0.0   114 161161  1 0 0 0.25 0
10   35.87410400 -078.78610200 xxx 173.46   200 0.0 0.0   114 161161  1 0 0 0.25 0
10   35.87427100 -078.78578900 xxx 266.46   200 0.0 0.0   114 161161  1 0 0 0.25 0
10   35.87646100 -078.78460700 xxx  92.46   200 0.0 0.0   114 161161  1 0 0 0.25 0
10   35.87638500 -078.79680600 xxx  22.20   226 0.0 0.0    80 161161  2 0 0 0.25 0
10   35.86806500 -078.79529600 xxx 181.64   154 0.0 0.0   146 161161  2 0 0 0.25 0
10   35.88292300 -078.79108400 xxx  80.77   200 0.0 0.0   100 161161  2 0 0 0.25 0
10   35.88778300 -078.78517200 xxx  83.69   173 0.0 0.0   126 161161  2 0 0 0.25 0
10   35.88968300 -078.78281400 xxx  83.69   173 0.0 0.0   126 161161  2 0 0 0.25 0
10   35.88584900 -078.78754400 xxx  83.69   173 0.0 0.0   126 161161  2 0 0 0.25 0
10   35.87123100 -078.79105400 xxx   8.35   154 0.0 0.0   141 161161  1 0 0 0.25 0
10   35.87015200 -078.79088600 xxx  21.80   180 0.0 0.0   114 161161  1 0 0 0.25 0
10   35.87961600 -078.77973200 xxx 188.77   206 0.0 0.0    88 161161  1 0 0 0.25 0
10   35.87688400 -078.78702500 xxx 267.06   174 0.0 0.0   114 161161  1 0 0 0.25 0
10   35.86512400 -078.79769900 xxx 279.09   186 0.0 0.0    95 161161  1 0 0 0.25 0
10   35.88279300 -078.79112200 xxx 263.84   239 0.0 0.0    41 161161  2 0 0 0.25 0
10   35.88267900 -078.79148100 xxx 235.29   239 0.0 0.0    41 161161  2 0 0 0.25 0
10   35.86590600 -078.79797400 xxx 242.44   167 0.0 0.0   108 161161  1 0 0 0.25 0
10   35.88060800 -078.78743700 xxx  45.27   200 0.0 0.0    74 161161  2 0 0 0.25 0
10   35.87672400 -078.79641700 xxx 111.05   154 0.0 0.0   113 161161  2 0 0 0.25 0
10   35.87749900 -078.78409600 xxx 134.97   187 0.0 0.0    75 161161  1 0 0 0.25 0
10   35.87785700 -078.78685800 xxx 126.30   167 0.0 0.0    94 161161  1 0 0 0.25 0
10   35.88982000 -078.77996800 xxx  66.93   186 0.0 0.0    75 161161  2 0 0 0.25 0
10   35.87693800 -078.79682900 xxx 104.94   154 0.0 0.0   100 161161  2 0 0 0.25 0
10   35.88243900 -078.79048200 xxx 179.76   160 0.0 0.0    93 161161  2 0 0 0.25 0
10   35.87919200 -078.79449500 xxx 179.76   160 0.0 0.0    93 161161  2 0 0 0.25 0
10   35.87725400 -078.79686700 xxx 179.76   160 0.0 0.0    93 161161  2 0 0 0.25 0
10   35.87988700 -078.79474600 xxx   1.53   154 0.0 0.0    93 161161  2 0 0 0.25 0
10   35.87795600 -078.79711900 xxx   1.53   154 0.0 0.0    93 161161  2 0 0 0.25 0
10   35.87877700 -078.78592700 xxx  93.34   154 0.0 0.0    93 161161  2 0 0 0.25 0
10   35.88927100 -078.77932000 xxx  73.33   154 0.0 0.0    87 161161  2 0 0 0.25 0
10   35.88943100 -078.77883900 xxx  63.15   154 0.0 0.0    87 161161  2 0 0 0.25 0
10   35.88964100 -078.77843500 xxx  51.93   154 0.0 0.0    87 161161  2 0 0 0.25 0
10   35.88731800 -078.78448500 xxx 178.18   154 0.0 0.0    87 161161  2 0 0 0.25 0
10   35.88922100 -078.78213500 xxx 178.18   154 0.0 0.0    87 161161  2 0 0 0.25 0
10   35.88538400 -078.78686500 xxx 178.18   154 0.0 0.0    87 161161  2 0 0 0.25 0
10   35.88911800 -078.77977800 xxx  62.46   154 0.0 0.0    87 161161  2 0 0 0.25 0
10   35.87790700 -078.78733100 xxx 111.46   164 0.0 0.0    75 161161  2 0 0 0.25 0
10   35.88217500 -078.77879300 xxx  35.55   157 0.0 0.0    82 161161  2 0 0 0.25 0
10   35.87812800 -078.78687300 xxx   5.59   115 0.0 0.0   122 161161  1 0 0 0.25 0
10   35.86779800 -078.79385400 xxx 350.05   154 0.0 0.0    82 161161  1 0 0 0.25 0
10   35.87971100 -078.79512800 xxx  87.21   154 0.0 0.0    80 161161  2 0 0 0.25 0
10   35.87777300 -078.79749300 xxx  87.21   154 0.0 0.0    80 161161  2 0 0 0.25 0
10   35.87454200 -078.79874400 xxx 269.70   154 0.0 0.0    80 161161  2 0 0 0.25 0
10   35.87421000 -078.79914100 xxx 170.70   154 0.0 0.0    80 161161  2 0 0 0.25 0
10   35.88021500 -078.79168700 xxx 183.60   154 0.0 0.0    80 161161  2 0 0 0.25 0
10   35.88695500 -078.78259300 xxx 225.73   180 0.0 0.0    50 161161  1 0 0 0.25 0
10   35.88654700 -078.78210400 xxx 223.12   180 0.0 0.0    50 161161  1 0 0 0.25 0
10   35.86821400 -078.79531100 xxx 280.64   154 0.0 0.0    74 161161  2 0 0 0.25 0
10   35.87850600 -078.78798700 xxx 273.34   154 0.0 0.0    74 161161  2 0 0 0.25 0
10   35.87952000 -078.78676600 xxx 168.34   154 0.0 0.0    74 161161  2 0 0 0.25 0
10   35.89242900 -078.77818300 xxx 174.34   154 0.0 0.0    74 161161  2 0 0 0.25 0
10   35.89289500 -078.77881600 xxx  90.34   154 0.0 0.0    74 161161  2 0 0 0.25 0
10   35.89305500 -078.77859500 xxx 357.34   154 0.0 0.0    74 161161  2 0 0 0.25 0
10   35.89342500 -078.77819800 xxx  87.34   154 0.0 0.0    74 161161  2 0 0 0.25 0
10   35.89292100 -078.77758000 xxx 174.34   154 0.0 0.0    74 161161  2 0 0 0.25 0
10   35.89254400 -078.77798500 xxx 273.34   154 0.0 0.0    74 161161  2 0 0 0.25 0
10   35.89069000 -078.77848800 xxx 174.34   154 0.0 0.0    74 161161  2 0 0 0.25 0
10   35.89119300 -078.77916000 xxx  93.34   154 0.0 0.0    74 161161  2 0 0 0.25 0
10   35.86798500 -078.79547100 xxx 181.64   154 0.0 0.0    74 161161  2 0 0 0.25 0
10   35.87412600 -078.80078100 xxx 267.34   154 0.0 0.0    74 161161  2 0 0 0.25 0
10   35.87453100 -078.80033100 xxx 180.34   154 0.0 0.0    74 161161  2 0 0 0.25 0
10   35.87467200 -078.80004100 xxx 267.34   154 0.0 0.0    74 161161  2 0 0 0.25 0
10   35.87456900 -078.80136100 xxx 357.34   154 0.0 0.0    74 161161  2 0 0 0.25 0
10   35.87517200 -078.80067400 xxx   0.34   154 0.0 0.0    74 161161  2 0 0 0.25 0
10   35.87498500 -078.80085000 xxx  87.34   154 0.0 0.0    74 161161  2 0 0 0.25 0
10   35.88090500 -078.79084000 xxx   0.34   154 0.0 0.0    74 161161  2 0 0 0.25 0
10   35.88205300 -078.78942900 xxx   0.34   154 0.0 0.0    74 161161  2 0 0 0.25 0
10   35.88070300 -078.79108400 xxx  90.34   154 0.0 0.0    74 161161  2 0 0 0.25 0
10   35.88180200 -078.78956600 xxx  90.34   154 0.0 0.0    74 161161  2 0 0 0.25 0
10   35.87304300 -078.80039200 xxx 168.89   173 0.0 0.0    54 161161  2 0 0 0.25 0
10   35.89004900 -078.77911400 xxx  64.57   147 0.0 0.0    75 161161  2 0 0 0.25 0
10   35.87749500 -078.79650900 xxx  79.82   154 0.0 0.0    67 161161  2 0 0 0.25 0
10   35.88267900 -078.79013100 xxx  79.82   154 0.0 0.0    67 161161  2 0 0 0.25 0
10   35.87943300 -078.79413600 xxx  79.82   154 0.0 0.0    67 161161  2 0 0 0.25 0
10   35.86786300 -078.79367800 xxx   8.35   121 0.0 0.0    95 161161  1 0 0 0.25 0
10   35.88757700 -078.78424100 xxx 270.32   173 0.0 0.0    41 161161  2 0 0 0.25 0
10   35.88764600 -078.78396600 xxx 240.43   173 0.0 0.0    41 161161  2 0 0 0.25 0
10   35.88761100 -078.78442400 xxx 284.78   173 0.0 0.0    41 161161  2 0 0 0.25 0
10   35.88759200 -078.78411900 xxx 261.12   173 0.0 0.0    41 161161  2 0 0 0.25 0
10   35.88802000 -078.78480500 xxx 359.75   173 0.0 0.0    41 161161  2 0 0 0.25 0
10   35.88789700 -078.78478200 xxx 337.69   173 0.0 0.0    41 161161  2 0 0 0.25 0
10   35.88764600 -078.78453100 xxx 294.31   173 0.0 0.0    41 161161  2 0 0 0.25 0
10   35.88814200 -078.78476700 xxx 196.33   173 0.0 0.0    41 161161  2 0 0 0.25 0
10   35.88818400 -078.78472100 xxx 214.99   173 0.0 0.0    41 161161  2 0 0 0.25 0
10   35.89008300 -078.78235600 xxx 214.99   173 0.0 0.0    41 161161  2 0 0 0.25 0
10   35.88608900 -078.78719300 xxx 359.75   173 0.0 0.0    41 161161  2 0 0 0.25 0
10   35.88596000 -078.78716300 xxx 337.69   173 0.0 0.0    41 161161  2 0 0 0.25 0
10   35.88571200 -078.78690300 xxx 294.31   173 0.0 0.0    41 161161  2 0 0 0.25 0
10   35.88620800 -078.78714800 xxx 196.33   173 0.0 0.0    41 161161  2 0 0 0.25 0
10   35.88625000 -078.78708600 xxx 214.99   173 0.0 0.0    41 161161  2 0 0 0.25 0
10   35.88563900 -078.78661300 xxx 270.32   173 0.0 0.0    41 161161  2 0 0 0.25 0
10   35.88571200 -078.78635400 xxx 240.43   173 0.0 0.0    41 161161  2 0 0 0.25 0
10   35.88567700 -078.78679700 xxx 284.78   173 0.0 0.0    41 161161  2 0 0 0.25 0
10   35.88565800 -078.78649900 xxx 261.12   173 0.0 0.0    41 161161  2 0 0 0.25 0
10   35.88947700 -078.78189100 xxx 270.32   173 0.0 0.0    41 161161  2 0 0 0.25 0
10   35.88954500 -078.78162400 xxx 240.43   173 0.0 0.0    41 161161  2 0 0 0.25 0
10   35.88951100 -078.78207400 xxx 284.78   173 0.0 0.0    41 161161  2 0 0 0.25 0
10   35.88949600 -078.78176900 xxx 261.12   173 0.0 0.0    41 161161  2 0 0 0.25 0
10   35.88992300 -078.78246300 xxx 359.75   173 0.0 0.0    41 161161  2 0 0 0.25 0
10   35.88980100 -078.78243300 xxx 337.69   173 0.0 0.0    41 161161  2 0 0 0.25 0
10   35.88954500 -078.78217300 xxx 294.31   173 0.0 0.0    41 161161  2 0 0 0.25 0
10   35.89004500 -078.78241700 xxx 196.33   173 0.0 0.0    41 161161  2 0 0 0.25 0
10   35.87347400 -078.78057900 xxx 159.68   154 0.0 0.0    57 161161  1 0 0 0.25 0
10   35.87382900 -078.78089900 xxx 258.73   154 0.0 0.0    57 161161  1 0 0 0.25 0
10   35.88995400 -078.77948800 xxx  80.12   134 0.0 0.0    75 161161  2 0 0 0.25 0
10   35.87797500 -078.79721800 xxx 134.93   108 0.0 0.0   100 161161  2 0 0 0.25 0
10   35.87991300 -078.79483800 xxx 134.93   108 0.0 0.0   100 161161  2 0 0 0.25 0
10   35.88248100 -078.77859500 xxx 197.81   124 0.0 0.0    82 161161  2 0 0 0.25 0
10   35.88538400 -078.78509500 xxx 314.03   154 0.0 0.0    50 161161  1 0 0 0.25 0
10   35.88604700 -078.78428600 xxx 314.03   154 0.0 0.0    50 161161  1 0 0 0.25 0
10   35.88670000 -078.78350100 xxx 314.03   154 0.0 0.0    50 161161  1 0 0 0.25 0
10   35.88276700 -078.78831500 xxx 314.03   154 0.0 0.0    50 161161  1 0 0 0.25 0
10   35.88401400 -078.78678100 xxx 314.03   154 0.0 0.0    50 161161  1 0 0 0.25 0
10   35.88554400 -078.78665900 xxx 270.32   101 0.0 0.0   100 161161  2 0 0 0.25 0
10   35.88938100 -078.78193700 xxx 270.32   101 0.0 0.0   100 161161  2 0 0 0.25 0
10   35.88748200 -078.78427900 xxx 270.32   101 0.0 0.0   100 161161  2 0 0 0.25 0
10   35.88798500 -078.78496600 xxx 270.32   101 0.0 0.0   100 161161  2 0 0 0.25 0
10   35.88988500 -078.78260800 xxx 270.32   101 0.0 0.0   100 161161  2 0 0 0.25 0
10   35.88604700 -078.78733800 xxx 270.32   101 0.0 0.0   100 161161  2 0 0 0.25 0
10   35.88112600 -078.79119900 xxx 281.22   154 0.0 0.0    41 161161  2 0 0 0.25 0
10   35.88153800 -078.79122900 xxx 215.88   154 0.0 0.0    41 161161  2 0 0 0.25 0
10   35.88118400 -078.79086300 xxx 238.48   154 0.0 0.0    41 161161  2 0 0 0.25 0
10   35.88230100 -078.79060400 xxx  22.20   154 0.0 0.0    41 161161  2 0 0 0.25 0
10   35.88263300 -078.79061100 xxx 161.25   154 0.0 0.0    41 161161  2 0 0 0.25 0
10   35.88756200 -078.78543100 xxx  67.77   154 0.0 0.0    41 161161  2 0 0 0.25 0
10   35.88761100 -078.78484300 xxx 284.81   154 0.0 0.0    41 161161  2 0 0 0.25 0
10   35.88763000 -078.78498800 xxx 272.63   154 0.0 0.0    41 161161  2 0 0 0.25 0
10   35.88747000 -078.78559900 xxx  55.17   154 0.0 0.0    41 161161  2 0 0 0.25 0
10   35.88726000 -078.78459200 xxx   3.94   154 0.0 0.0    41 161161  2 0 0 0.25 0
10   35.88744000 -078.78462200 xxx 344.46   154 0.0 0.0    41 161161  2 0 0 0.25 0
10   35.88749300 -078.78465300 xxx 332.19   154 0.0 0.0    41 161161  2 0 0 0.25 0
10   35.88716100 -078.78462200 xxx 196.75   154 0.0 0.0    41 161161  2 0 0 0.25 0
10   35.88238900 -078.79057300 xxx 189.81   154 0.0 0.0    41 161161  2 0 0 0.25 0
10   35.88266400 -078.79064200 xxx 151.31   154 0.0 0.0    41 161161  2 0 0 0.25 0
10   35.88219100 -078.79067200 xxx  37.11   154 0.0 0.0    41 161161  2 0 0 0.25 0
10   35.88275500 -078.79130600 xxx  70.46   154 0.0 0.0    41 161161  2 0 0 0.25 0
10   35.88270600 -078.79067200 xxx 129.65   154 0.0 0.0    41 161161  2 0 0 0.25 0
10   35.88277100 -078.79123700 xxx  77.05   154 0.0 0.0    41 161161  2 0 0 0.25 0
10   35.88300300 -078.79058800 xxx 348.13   154 0.0 0.0    41 161161  2 0 0 0.25 0
10   35.87776900 -078.79698900 xxx 155.41   154 0.0 0.0    41 161161  2 0 0 0.25 0
10   35.87769700 -078.79731000 xxx 105.79   154 0.0 0.0    41 161161  2 0 0 0.25 0
10   35.87767000 -078.79724900 xxx 123.68   154 0.0 0.0    41 161161  2 0 0 0.25 0
10   35.88562400 -078.78781100 xxx  67.77   154 0.0 0.0    41 161161  2 0 0 0.25 0
10   35.88567700 -078.78721600 xxx 284.81   154 0.0 0.0    41 161161  2 0 0 0.25 0
10   35.88570000 -078.78737600 xxx 272.63   154 0.0 0.0    41 161161  2 0 0 0.25 0
10   35.88703900 -078.78469100 xxx 212.58   154 0.0 0.0    41 161161  2 0 0 0.25 0
10   35.88062300 -078.79225200 xxx 181.64   154 0.0 0.0    41 161161  2 0 0 0.25 0
10   35.88039800 -078.79193100 xxx 264.36   154 0.0 0.0    41 161161  2 0 0 0.25 0
10   35.88073000 -078.79220600 xxx 205.54   154 0.0 0.0    41 161161  2 0 0 0.25 0
10   35.88043200 -078.79182400 xxx 246.87   154 0.0 0.0    41 161161  2 0 0 0.25 0
10   35.88047000 -078.79222100 xxx 165.34   154 0.0 0.0    41 161161  2 0 0 0.25 0
10   35.88040200 -078.79212200 xxx 281.22   154 0.0 0.0    41 161161  2 0 0 0.25 0
10   35.88081700 -078.79214500 xxx 215.88   154 0.0 0.0    41 161161  2 0 0 0.25 0
10   35.88045500 -078.79177900 xxx 238.48   154 0.0 0.0    41 161161  2 0 0 0.25 0
10   35.88554000 -078.78798700 xxx  55.17   154 0.0 0.0    41 161161  2 0 0 0.25 0
10   35.88091300 -078.79203800 xxx  45.74   154 0.0 0.0    41 161161  2 0 0 0.25 0
10   35.87973800 -078.79279300 xxx   3.94   154 0.0 0.0    41 161161  2 0 0 0.25 0
10   35.87996700 -078.79309100 xxx  86.66   154 0.0 0.0    41 161161  2 0 0 0.25 0
10   35.87962000 -078.79283100 xxx  27.84   154 0.0 0.0    41 161161  2 0 0 0.25 0
10   35.87993600 -078.79320500 xxx  69.17   154 0.0 0.0    41 161161  2 0 0 0.25 0
10   35.87988300 -078.79280900 xxx 347.64   154 0.0 0.0    41 161161  2 0 0 0.25 0
10   35.87995500 -078.79291500 xxx 103.52   154 0.0 0.0    41 161161  2 0 0 0.25 0
10   35.87991300 -078.79327400 xxx  60.78   154 0.0 0.0    41 161161  2 0 0 0.25 0
10   35.87964600 -078.79342700 xxx 181.64   154 0.0 0.0    41 161161  2 0 0 0.25 0
10   35.87942100 -078.79310600 xxx 264.36   154 0.0 0.0    41 161161  2 0 0 0.25 0
10   35.87975300 -078.79338100 xxx 205.54   154 0.0 0.0    41 161161  2 0 0 0.25 0
10   35.87945600 -078.79299900 xxx 246.87   154 0.0 0.0    41 161161  2 0 0 0.25 0
10   35.87949800 -078.79340400 xxx 165.34   154 0.0 0.0    41 161161  2 0 0 0.25 0
10   35.87942500 -078.79328900 xxx 281.22   154 0.0 0.0    41 161161  2 0 0 0.25 0
10   35.87989000 -078.79328200 xxx  47.00   154 0.0 0.0    41 161161  2 0 0 0.25 0
10   35.87950900 -078.79291500 xxx  47.02   154 0.0 0.0    41 161161  2 0 0 0.25 0
10   35.88532600 -078.78696400 xxx   3.94   154 0.0 0.0    41 161161  2 0 0 0.25 0
10   35.87876500 -078.79398300 xxx   6.14   154 0.0 0.0    41 161161  2 0 0 0.25 0
10   35.87900500 -078.79427300 xxx  88.86   154 0.0 0.0    41 161161  2 0 0 0.25 0
10   35.87865100 -078.79402200 xxx  30.04   154 0.0 0.0    41 161161  2 0 0 0.25 0
10   35.87897900 -078.79439500 xxx  71.37   154 0.0 0.0    41 161161  2 0 0 0.25 0
10   35.87891800 -078.79399900 xxx 349.84   154 0.0 0.0    41 161161  2 0 0 0.25 0
10   35.87899000 -078.79409000 xxx 105.72   154 0.0 0.0    41 161161  2 0 0 0.25 0
10   35.87894800 -078.79445600 xxx  56.77   154 0.0 0.0    41 161161  2 0 0 0.25 0
10   35.88550600 -078.78700300 xxx 344.46   154 0.0 0.0    41 161161  2 0 0 0.25 0
10   35.88555500 -078.78702500 xxx 332.19   154 0.0 0.0    41 161161  2 0 0 0.25 0
10   35.88513600 -078.78706400 xxx  31.54   154 0.0 0.0    41 161161  2 0 0 0.25 0
10   35.88006200 -078.79160300 xxx 161.99   154 0.0 0.0    41 161161  2 0 0 0.25 0
10   35.88040900 -078.79155000 xxx  29.72   154 0.0 0.0    41 161161  2 0 0 0.25 0
10   35.87580500 -078.79814900 xxx 181.64   154 0.0 0.0    41 161161  2 0 0 0.25 0
10   35.87557600 -078.79782900 xxx 264.36   154 0.0 0.0    41 161161  2 0 0 0.25 0
10   35.87590800 -078.79811100 xxx 205.54   154 0.0 0.0    41 161161  2 0 0 0.25 0
10   35.87560700 -078.79772900 xxx 246.87   154 0.0 0.0    41 161161  2 0 0 0.25 0
10   35.87565200 -078.79811900 xxx 165.34   154 0.0 0.0    41 161161  2 0 0 0.25 0
10   35.87558000 -078.79801900 xxx 281.22   154 0.0 0.0    41 161161  2 0 0 0.25 0
10   35.87599200 -078.79805000 xxx 215.88   154 0.0 0.0    41 161161  2 0 0 0.25 0
10   35.87563700 -078.79768400 xxx 238.48   154 0.0 0.0    41 161161  2 0 0 0.25 0
10   35.88526500 -078.78699500 xxx 196.75   154 0.0 0.0    41 161161  2 0 0 0.25 0
10   35.87725100 -078.79641000 xxx  20.39   154 0.0 0.0    41 161161  2 0 0 0.25 0
10   35.87767000 -078.79764600 xxx  62.28   154 0.0 0.0    41 161161  2 0 0 0.25 0
10   35.87621700 -078.79698900 xxx  32.69   154 0.0 0.0    41 161161  2 0 0 0.25 0
10   35.87741100 -078.79630300 xxx  32.45   154 0.0 0.0    41 161161  2 0 0 0.25 0
10   35.87704500 -078.79646300 xxx   6.49   154 0.0 0.0    41 161161  2 0 0 0.25 0
10   35.87665600 -078.79676800 xxx  11.69   154 0.0 0.0    41 161161  2 0 0 0.25 0
10   35.87770500 -078.79754600 xxx  78.26   154 0.0 0.0    41 161161  2 0 0 0.25 0
10   35.87684600 -078.79698900 xxx  60.39   154 0.0 0.0    41 161161  2 0 0 0.25 0
10   35.87678100 -078.79676800 xxx 149.54   154 0.0 0.0    41 161161  2 0 0 0.25 0
10   35.87771200 -078.79743200 xxx  89.86   154 0.0 0.0    41 161161  2 0 0 0.25 0
10   35.87682300 -078.79624900 xxx  79.52   154 0.0 0.0    41 161161  2 0 0 0.25 0
10   35.87689600 -078.79646300 xxx 158.15   154 0.0 0.0    41 161161  2 0 0 0.25 0
10   35.87686500 -078.79615800 xxx  62.67   154 0.0 0.0    41 161161  2 0 0 0.25 0
10   35.87807500 -078.79700500 xxx 190.16   154 0.0 0.0    41 161161  2 0 0 0.25 0
10   35.87785700 -078.79702800 xxx 349.94   154 0.0 0.0    41 161161  2 0 0 0.25 0
10   35.87765500 -078.79691300 xxx 143.18   154 0.0 0.0    41 161161  2 0 0 0.25 0
10   35.88015400 -078.79457100 xxx  22.20   154 0.0 0.0    41 161161  2 0 0 0.25 0
10   35.87753700 -078.79673000 xxx 106.68   154 0.0 0.0    41 161161  2 0 0 0.25 0
10   35.87970400 -078.79462400 xxx 155.41   154 0.0 0.0    41 161161  2 0 0 0.25 0
10   35.88001600 -078.79463200 xxx 190.16   154 0.0 0.0    41 161161  2 0 0 0.25 0
10   35.87979100 -078.79465500 xxx 349.94   154 0.0 0.0    41 161161  2 0 0 0.25 0
10   35.87959300 -078.79455600 xxx 143.18   154 0.0 0.0    41 161161  2 0 0 0.25 0
10   35.86821400 -078.79559300 xxx 156.89   154 0.0 0.0    41 161161  2 0 0 0.25 0
10   35.86812200 -078.79554700 xxx 172.04   154 0.0 0.0    41 161161  2 0 0 0.25 0
10   35.86779800 -078.79559300 xxx 206.99   154 0.0 0.0    41 161161  2 0 0 0.25 0
10   35.86789700 -078.79554700 xxx  16.17   154 0.0 0.0    41 161161  2 0 0 0.25 0
10   35.86823700 -078.79561600 xxx 147.74   154 0.0 0.0    41 161161  2 0 0 0.25 0
10   35.87947100 -078.79435000 xxx 106.68   154 0.0 0.0    41 161161  2 0 0 0.25 0
10   35.86827100 -078.79501300 xxx 255.89   154 0.0 0.0    41 161161  2 0 0 0.25 0
10   35.86824800 -078.79512800 xxx 271.04   154 0.0 0.0    41 161161  2 0 0 0.25 0
10   35.86833600 -078.79551700 xxx 305.99   154 0.0 0.0    41 161161  2 0 0 0.25 0
10   35.86828600 -078.79540300 xxx 115.17   154 0.0 0.0    41 161161  2 0 0 0.25 0
10   35.86828600 -078.79497500 xxx 246.74   154 0.0 0.0    41 161161  2 0 0 0.25 0
10   35.87950500 -078.79443400 xxx 122.98   154 0.0 0.0    41 161161  2 0 0 0.25 0
10   35.87945900 -078.79423500 xxx  90.55   154 0.0 0.0    41 161161  2 0 0 0.25 0
10   35.88946200 -078.78308900 xxx  67.77   154 0.0 0.0    41 161161  2 0 0 0.25 0
10   35.88951100 -078.78248600 xxx 284.81   154 0.0 0.0    41 161161  2 0 0 0.25 0
10   35.88953800 -078.78264600 xxx 272.63   154 0.0 0.0    41 161161  2 0 0 0.25 0
10   35.88937800 -078.78325700 xxx  55.17   154 0.0 0.0    41 161161  2 0 0 0.25 0
10   35.87447400 -078.79863700 xxx 284.35   154 0.0 0.0    41 161161  2 0 0 0.25 0
10   35.87447400 -078.79892000 xxx 243.70   154 0.0 0.0    41 161161  2 0 0 0.25 0
10   35.87448900 -078.79875900 xxx 264.36   154 0.0 0.0    41 161161  2 0 0 0.25 0
10   35.87443900 -078.79856100 xxx 297.27   154 0.0 0.0    41 161161  2 0 0 0.25 0
10   35.88916000 -078.78224200 xxx   3.94   154 0.0 0.0    41 161161  2 0 0 0.25 0
10   35.87430600 -078.79907200 xxx 185.35   154 0.0 0.0    41 161161  2 0 0 0.25 0
10   35.87410400 -078.79901100 xxx 151.77   154 0.0 0.0    41 161161  2 0 0 0.25 0
10   35.87420700 -078.79906500 xxx 165.36   154 0.0 0.0    41 161161  2 0 0 0.25 0
10   35.87437100 -078.79904900 xxx 198.27   154 0.0 0.0    41 161161  2 0 0 0.25 0
10   35.88933900 -078.78227200 xxx 344.46   154 0.0 0.0    41 161161  2 0 0 0.25 0
10   35.88939300 -078.78229500 xxx 332.19   154 0.0 0.0    41 161161  2 0 0 0.25 0
10   35.88897300 -078.78233300 xxx  31.54   154 0.0 0.0    41 161161  2 0 0 0.25 0
10   35.87421400 -078.80060600 xxx 243.70   154 0.0 0.0    41 161161  2 0 0 0.25 0
10   35.87419900 -078.80098000 xxx 109.47   154 0.0 0.0    41 161161  2 0 0 0.25 0
10   35.88909900 -078.78226500 xxx 196.75   154 0.0 0.0    41 161161  2 0 0 0.25 0
10   35.87468000 -078.80043800 xxx 156.70   154 0.0 0.0    41 161161  2 0 0 0.25 0
10   35.87436700 -078.80042300 xxx  22.47   154 0.0 0.0    41 161161  2 0 0 0.25 0
10   35.87756700 -078.79679900 xxx 122.98   154 0.0 0.0    41 161161  2 0 0 0.25 0
10   35.87476700 -078.79985800 xxx 243.70   154 0.0 0.0    41 161161  2 0 0 0.25 0
10   35.87474400 -078.80024000 xxx 109.47   154 0.0 0.0    41 161161  2 0 0 0.25 0
10   35.87938300 -078.79462400 xxx 161.25   154 0.0 0.0    41 161161  2 0 0 0.25 0
10   35.87442800 -078.80125400 xxx 333.70   154 0.0 0.0    41 161161  2 0 0 0.25 0
10   35.87472200 -078.80127000 xxx 199.47   154 0.0 0.0    41 161161  2 0 0 0.25 0
10   35.87914300 -078.79459400 xxx 189.81   154 0.0 0.0    41 161161  2 0 0 0.25 0
10   35.87500800 -078.80059100 xxx 336.70   154 0.0 0.0    41 161161  2 0 0 0.25 0
10   35.87529800 -078.80056000 xxx 202.47   154 0.0 0.0    41 161161  2 0 0 0.25 0
10   35.87942100 -078.79465500 xxx 151.31   154 0.0 0.0    41 161161  2 0 0 0.25 0
10   35.87491200 -078.80104100 xxx  63.70   154 0.0 0.0    41 161161  2 0 0 0.25 0
10   35.87490100 -078.80068200 xxx 289.47   154 0.0 0.0    41 161161  2 0 0 0.25 0
10   35.87752900 -078.79660000 xxx  90.55   154 0.0 0.0    41 161161  2 0 0 0.25 0
10   35.88067600 -078.79074100 xxx 334.56   154 0.0 0.0    41 161161  2 0 0 0.25 0
10   35.88103100 -078.79072600 xxx 202.47   154 0.0 0.0    41 161161  2 0 0 0.25 0
10   35.88081000 -078.79078700 xxx 170.69   154 0.0 0.0    41 161161  2 0 0 0.25 0
10   35.88090500 -078.79077900 xxx 192.25   154 0.0 0.0    41 161161  2 0 0 0.25 0
10   35.87963100 -078.79494500 xxx 105.79   154 0.0 0.0    41 161161  2 0 0 0.25 0
10   35.88189300 -078.78931400 xxx 336.70   154 0.0 0.0    41 161161  2 0 0 0.25 0
10   35.88220200 -078.78928400 xxx 202.47   154 0.0 0.0    41 161161  2 0 0 0.25 0
10   35.88198500 -078.78933000 xxx 170.69   154 0.0 0.0    41 161161  2 0 0 0.25 0
10   35.88208000 -078.78932200 xxx 192.25   154 0.0 0.0    41 161161  2 0 0 0.25 0
10   35.87960800 -078.79488400 xxx 123.68   154 0.0 0.0    41 161161  2 0 0 0.25 0
10   35.88059200 -078.79126700 xxx  66.70   154 0.0 0.0    41 161161  2 0 0 0.25 0
10   35.88056900 -078.79087100 xxx 292.47   154 0.0 0.0    41 161161  2 0 0 0.25 0
10   35.88060800 -078.79115300 xxx 260.69   154 0.0 0.0    41 161161  2 0 0 0.25 0
10   35.88060000 -078.79103100 xxx 282.25   154 0.0 0.0    41 161161  2 0 0 0.25 0
10   35.87961200 -078.79528000 xxx  62.28   154 0.0 0.0    41 161161  2 0 0 0.25 0
10   35.88174100 -078.78980300 xxx  66.70   154 0.0 0.0    41 161161  2 0 0 0.25 0
10   35.88171400 -078.78939800 xxx 292.47   154 0.0 0.0    41 161161  2 0 0 0.25 0
10   35.88175600 -078.78969600 xxx 260.69   154 0.0 0.0    41 161161  2 0 0 0.25 0
10   35.88174800 -078.78956600 xxx 282.25   154 0.0 0.0    41 161161  2 0 0 0.25 0
10   35.87963900 -078.79517400 xxx  78.26   154 0.0 0.0    41 161161  2 0 0 0.25 0
10   35.87868100 -078.78605700 xxx  69.70   154 0.0 0.0    41 161161  2 0 0 0.25 0
10   35.87863500 -078.78559100 xxx 297.34   154 0.0 0.0    41 161161  2 0 0 0.25 0
10   35.87869300 -078.78595000 xxx 263.69   154 0.0 0.0    41 161161  2 0 0 0.25 0
10   35.87868100 -078.78575900 xxx 285.25   154 0.0 0.0    41 161161  2 0 0 0.25 0
10   35.87964600 -078.79506700 xxx  89.86   154 0.0 0.0    41 161161  2 0 0 0.25 0
10   35.87858600 -078.78778100 xxx 249.70   154 0.0 0.0    41 161161  2 0 0 0.25 0
10   35.87857100 -078.78807100 xxx  97.47   154 0.0 0.0    41 161161  2 0 0 0.25 0
10   35.87857100 -078.78789500 xxx  83.69   154 0.0 0.0    41 161161  2 0 0 0.25 0
10   35.87859700 -078.78817700 xxx 113.67   154 0.0 0.0    41 161161  2 0 0 0.25 0
10   35.87897100 -078.79464700 xxx  27.71   154 0.0 0.0    41 161161  2 0 0 0.25 0
10   35.87968800 -078.78688800 xxx 144.70   154 0.0 0.0    41 161161  2 0 0 0.25 0
10   35.87931100 -078.78685000 xxx 198.63   154 0.0 0.0    41 161161  2 0 0 0.25 0
10   35.87960400 -078.78685000 xxx 338.69   154 0.0 0.0    41 161161  2 0 0 0.25 0
10   35.87945200 -078.78682700 xxx   3.68   154 0.0 0.0    41 161161  2 0 0 0.25 0
10   35.87923800 -078.78689600 xxx 215.30   154 0.0 0.0    41 161161  2 0 0 0.25 0
10   35.87955100 -078.79396800 xxx  60.61   154 0.0 0.0    41 161161  2 0 0 0.25 0
10   35.87962700 -078.79382300 xxx  54.04   154 0.0 0.0    41 161161  2 0 0 0.25 0
10   35.87759000 -078.79629500 xxx  58.56   154 0.0 0.0    41 161161  2 0 0 0.25 0
10   35.87821600 -078.79694400 xxx  22.20   154 0.0 0.0    41 161161  2 0 0 0.25 0
10   35.87711700 -078.79698900 xxx  22.20   154 0.0 0.0    41 161161  2 0 0 0.25 0
10   35.88345000 -078.79051200 xxx  22.20   154 0.0 0.0    41 161161  2 0 0 0.25 0
10   35.87744500 -078.79699700 xxx 161.25   154 0.0 0.0    41 161161  2 0 0 0.25 0
10   35.88277800 -078.79083300 xxx 107.75   154 0.0 0.0    41 161161  2 0 0 0.25 0
10   35.87720500 -078.79696700 xxx 189.81   154 0.0 0.0    41 161161  2 0 0 0.25 0
10   35.87748000 -078.79702800 xxx 151.31   154 0.0 0.0    41 161161  2 0 0 0.25 0
10   35.88288900 -078.79054300 xxx 154.55   154 0.0 0.0    41 161161  2 0 0 0.25 0
10   35.88272900 -078.79034400 xxx 106.68   154 0.0 0.0    41 161161  2 0 0 0.25 0
10   35.88681000 -078.78404200 xxx   3.94   154 0.0 0.0    41 161161  2 0 0 0.25 0
10   35.88703500 -078.78433200 xxx  86.66   154 0.0 0.0    41 161161  2 0 0 0.25 0
10   35.88669600 -078.78408100 xxx  27.84   154 0.0 0.0    41 161161  2 0 0 0.25 0
10   35.88700900 -078.78445400 xxx  69.17   154 0.0 0.0    41 161161  2 0 0 0.25 0
10   35.88695500 -078.78405800 xxx 347.64   154 0.0 0.0    41 161161  2 0 0 0.25 0
10   35.88703200 -078.78415700 xxx 103.52   154 0.0 0.0    41 161161  2 0 0 0.25 0
10   35.88661200 -078.78414900 xxx  38.18   154 0.0 0.0    41 161161  2 0 0 0.25 0
10   35.88698600 -078.78451500 xxx  60.78   154 0.0 0.0    41 161161  2 0 0 0.25 0
10   35.88732500 -078.78394300 xxx 181.64   154 0.0 0.0    41 161161  2 0 0 0.25 0
10   35.88711500 -078.78364600 xxx 264.36   154 0.0 0.0    41 161161  2 0 0 0.25 0
10   35.88744000 -078.78391300 xxx 205.54   154 0.0 0.0    41 161161  2 0 0 0.25 0
10   35.88714200 -078.78353100 xxx 246.87   154 0.0 0.0    41 161161  2 0 0 0.25 0
10   35.88718400 -078.78392800 xxx 165.34   154 0.0 0.0    41 161161  2 0 0 0.25 0
10   35.88711500 -078.78382100 xxx 281.22   154 0.0 0.0    41 161161  2 0 0 0.25 0
10   35.88752700 -078.78385200 xxx 215.88   154 0.0 0.0    41 161161  2 0 0 0.25 0
10   35.88717700 -078.78347000 xxx 238.48   154 0.0 0.0    41 161161  2 0 0 0.25 0
10   35.87319200 -078.80006400 xxx 293.32   154 0.0 0.0    41 161161  2 0 0 0.25 0
10   35.87322200 -078.80024700 xxx 260.02   154 0.0 0.0    41 161161  2 0 0 0.25 0
10   35.88275100 -078.79041300 xxx 122.98   154 0.0 0.0    41 161161  2 0 0 0.25 0
10   35.88873300 -078.78163100 xxx   2.54   154 0.0 0.0    41 161161  2 0 0 0.25 0
10   35.88894700 -078.78194400 xxx  85.26   154 0.0 0.0    41 161161  2 0 0 0.25 0
10   35.88861500 -078.78167700 xxx  26.44   154 0.0 0.0    41 161161  2 0 0 0.25 0
10   35.88892000 -078.78206600 xxx  67.77   154 0.0 0.0    41 161161  2 0 0 0.25 0
10   35.88887800 -078.78166200 xxx 340.11   154 0.0 0.0    41 161161  2 0 0 0.25 0
10   35.88894700 -078.78176900 xxx 102.12   154 0.0 0.0    41 161161  2 0 0 0.25 0
10   35.88853100 -078.78174600 xxx  36.78   154 0.0 0.0    41 161161  2 0 0 0.25 0
10   35.88889300 -078.78212000 xxx  59.38   154 0.0 0.0    41 161161  2 0 0 0.25 0
10   35.88924800 -078.78157000 xxx 180.24   154 0.0 0.0    41 161161  2 0 0 0.25 0
10   35.88904200 -078.78126500 xxx 262.96   154 0.0 0.0    41 161161  2 0 0 0.25 0
10   35.88935900 -078.78153200 xxx 199.86   154 0.0 0.0    41 161161  2 0 0 0.25 0
10   35.88907200 -078.78113600 xxx 245.47   154 0.0 0.0    41 161161  2 0 0 0.25 0
10   35.88910700 -078.78154800 xxx 163.94   154 0.0 0.0    41 161161  2 0 0 0.25 0
10   35.88903400 -078.78143300 xxx 279.82   154 0.0 0.0    41 161161  2 0 0 0.25 0
10   35.88944600 -078.78147100 xxx 214.48   154 0.0 0.0    41 161161  2 0 0 0.25 0
10   35.88733700 -078.78289800 xxx  85.64   154 0.0 0.0    41 161161  2 0 0 0.25 0
10   35.88732100 -078.78274500 xxx 283.14   154 0.0 0.0    41 161161  2 0 0 0.25 0
10   35.88732100 -078.78305100 xxx  70.59   154 0.0 0.0    41 161161  2 0 0 0.25 0
10   35.88761100 -078.78253200 xxx 355.64   154 0.0 0.0    41 161161  2 0 0 0.25 0
10   35.88773700 -078.78250900 xxx 193.14   154 0.0 0.0    41 161161  2 0 0 0.25 0
10   35.88747800 -078.78250900 xxx 340.59   154 0.0 0.0    41 161161  2 0 0 0.25 0
10   35.88744000 -078.78225700 xxx 256.64   154 0.0 0.0    41 161161  2 0 0 0.25 0
10   35.88745500 -078.78240200 xxx 105.14   154 0.0 0.0    41 161161  2 0 0 0.25 0
10   35.88747800 -078.78210400 xxx 241.59   154 0.0 0.0    41 161161  2 0 0 0.25 0
10   35.88746600 -078.78244000 xxx 321.60   154 0.0 0.0    41 161161  2 0 0 0.25 0
10   35.88782900 -078.78246300 xxx  35.10   154 0.0 0.0    41 161161  2 0 0 0.25 0
10   35.88744700 -078.78239400 xxx  97.49   154 0.0 0.0    41 161161  2 0 0 0.25 0
10   35.88730600 -078.78174600 xxx 100.64   154 0.0 0.0    41 161161  2 0 0 0.25 0
10   35.88726800 -078.78160100 xxx 298.14   154 0.0 0.0    41 161161  2 0 0 0.25 0
10   35.88714200 -078.78201300 xxx   1.64   154 0.0 0.0    41 161161  2 0 0 0.25 0
10   35.88724900 -078.78196700 xxx 210.14   154 0.0 0.0    41 161161  2 0 0 0.25 0
10   35.88701200 -078.78201300 xxx 346.59   154 0.0 0.0    41 161161  2 0 0 0.25 0
10   35.88728000 -078.78192900 xxx  66.60   154 0.0 0.0    41 161161  2 0 0 0.25 0
10   35.88705800 -078.78199800 xxx 337.81   154 0.0 0.0    41 161161  2 0 0 0.25 0
10   35.88909900 -078.78109000 xxx 237.08   154 0.0 0.0    41 161161  2 0 0 0.25 0
10   35.89255900 -078.77830500 xxx 150.70   154 0.0 0.0    41 161161  2 0 0 0.25 0
10   35.89227700 -078.77827500 xxx  16.47   154 0.0 0.0    41 161161  2 0 0 0.25 0
10   35.88271300 -078.79021500 xxx  90.55   154 0.0 0.0    41 161161  2 0 0 0.25 0
10   35.89281500 -078.77899900 xxx  66.70   154 0.0 0.0    41 161161  2 0 0 0.25 0
10   35.89281500 -078.77864100 xxx 292.47   154 0.0 0.0    41 161161  2 0 0 0.25 0
10   35.88491800 -078.78636900 xxx   3.94   154 0.0 0.0    41 161161  2 0 0 0.25 0
10   35.89291400 -078.77848800 xxx 333.70   154 0.0 0.0    41 161161  2 0 0 0.25 0
10   35.89320400 -078.77850300 xxx 199.47   154 0.0 0.0    41 161161  2 0 0 0.25 0
10   35.88514300 -078.78666700 xxx  86.66   154 0.0 0.0    41 161161  2 0 0 0.25 0
10   35.89333700 -078.77838100 xxx  63.70   154 0.0 0.0    41 161161  2 0 0 0.25 0
10   35.89334900 -078.77802300 xxx 289.47   154 0.0 0.0    41 161161  2 0 0 0.25 0
10   35.89330700 -078.77840400 xxx 225.57   154 0.0 0.0    41 161161  2 0 0 0.25 0
10   35.88480800 -078.78640700 xxx  27.84   154 0.0 0.0    41 161161  2 0 0 0.25 0
10   35.89305100 -078.77770200 xxx 150.70   154 0.0 0.0    41 161161  2 0 0 0.25 0
10   35.89276900 -078.77767200 xxx  16.47   154 0.0 0.0    41 161161  2 0 0 0.25 0
10   35.88512000 -078.78678900 xxx  69.17   154 0.0 0.0    41 161161  2 0 0 0.25 0
10   35.89262000 -078.77780200 xxx 249.70   154 0.0 0.0    41 161161  2 0 0 0.25 0
10   35.89263500 -078.77815200 xxx 115.47   154 0.0 0.0    41 161161  2 0 0 0.25 0
10   35.88506700 -078.78638500 xxx 347.64   154 0.0 0.0    41 161161  2 0 0 0.25 0
10   35.89082000 -078.77861000 xxx 150.70   154 0.0 0.0    41 161161  2 0 0 0.25 0
10   35.89053700 -078.77856400 xxx  16.47   154 0.0 0.0    41 161161  2 0 0 0.25 0
10   35.88513900 -078.78649100 xxx 103.52   154 0.0 0.0    41 161161  2 0 0 0.25 0
10   35.89113200 -078.77934300 xxx  69.70   154 0.0 0.0    41 161161  2 0 0 0.25 0
10   35.89112100 -078.77899200 xxx 295.47   154 0.0 0.0    41 161161  2 0 0 0.25 0
10   35.89186500 -078.77619900 xxx 159.22   154 0.0 0.0    41 161161  2 0 0 0.25 0
10   35.89160900 -078.77619200 xxx  28.73   154 0.0 0.0    41 161161  2 0 0 0.25 0
10   35.89190700 -078.77654300 xxx  72.22   154 0.0 0.0    41 161161  2 0 0 0.25 0
10   35.89189900 -078.77623700 xxx 301.73   154 0.0 0.0    41 161161  2 0 0 0.25 0
10   35.89145700 -078.77604700 xxx  66.22   154 0.0 0.0    41 161161  2 0 0 0.25 0
10   35.89147600 -078.77572600 xxx 295.73   154 0.0 0.0    41 161161  2 0 0 0.25 0
10   35.89115100 -078.77604700 xxx 339.22   154 0.0 0.0    41 161161  2 0 0 0.25 0
10   35.89141100 -078.77605400 xxx 208.73   154 0.0 0.0    41 161161  2 0 0 0.25 0
10   35.88471200 -078.78648400 xxx  38.18   154 0.0 0.0    41 161161  2 0 0 0.25 0
10   35.88509800 -078.78685000 xxx  60.78   154 0.0 0.0    41 161161  2 0 0 0.25 0
10   35.88543700 -078.78627800 xxx 181.64   154 0.0 0.0    41 161161  2 0 0 0.25 0
10   35.88522300 -078.78598000 xxx 264.36   154 0.0 0.0    41 161161  2 0 0 0.25 0
10   35.88555100 -078.78624700 xxx 205.54   154 0.0 0.0    41 161161  2 0 0 0.25 0
10   35.88525800 -078.78585800 xxx 246.87   154 0.0 0.0    41 161161  2 0 0 0.25 0
10   35.88529600 -078.78626300 xxx 165.34   154 0.0 0.0    41 161161  2 0 0 0.25 0
10   35.88522300 -078.78615600 xxx 281.22   154 0.0 0.0    41 161161  2 0 0 0.25 0
10   35.88563500 -078.78617900 xxx 215.88   154 0.0 0.0    41 161161  2 0 0 0.25 0
10   35.88528100 -078.78580500 xxx 238.48   154 0.0 0.0    41 161161  2 0 0 0.25 0
10   35.88277400 -078.78991700 xxx  58.56   154 0.0 0.0    41 161161  2 0 0 0.25 0
10   35.88199600 -078.78997800 xxx   3.94   154 0.0 0.0    41 161161  2 0 0 0.25 0
10   35.88222100 -078.79026000 xxx  86.66   154 0.0 0.0    41 161161  2 0 0 0.25 0
10   35.88188600 -078.79001600 xxx  27.84   154 0.0 0.0    41 161161  2 0 0 0.25 0
10   35.88219500 -078.79038200 xxx  69.17   154 0.0 0.0    41 161161  2 0 0 0.25 0
10   35.88214500 -078.78998600 xxx 347.64   154 0.0 0.0    41 161161  2 0 0 0.25 0
10   35.88221700 -078.79008500 xxx 103.52   154 0.0 0.0    41 161161  2 0 0 0.25 0
10   35.88180200 -078.79007700 xxx  38.18   154 0.0 0.0    41 161161  2 0 0 0.25 0
10   35.88216800 -078.79045100 xxx  60.78   154 0.0 0.0    41 161161  2 0 0 0.25 0
10   35.88251900 -078.78989400 xxx 185.75   154 0.0 0.0    41 161161  2 0 0 0.25 0
10   35.88230100 -078.78958100 xxx 264.36   154 0.0 0.0    41 161161  2 0 0 0.25 0
10   35.88262900 -078.78985600 xxx 205.54   154 0.0 0.0    41 161161  2 0 0 0.25 0
10   35.88232800 -078.78946700 xxx 246.87   154 0.0 0.0    41 161161  2 0 0 0.25 0
10   35.88237400 -078.78986400 xxx 165.34   154 0.0 0.0    41 161161  2 0 0 0.25 0
10   35.88230100 -078.78975700 xxx 281.22   154 0.0 0.0    41 161161  2 0 0 0.25 0
10   35.88271300 -078.78978700 xxx 215.88   154 0.0 0.0    41 161161  2 0 0 0.25 0
10   35.88235500 -078.78940600 xxx 238.48   154 0.0 0.0    41 161161  2 0 0 0.25 0
10   35.87700300 -078.79705800 xxx  37.11   154 0.0 0.0    41 161161  2 0 0 0.25 0
10   35.88082500 -078.79142800 xxx   3.94   154 0.0 0.0    41 161161  2 0 0 0.25 0
10   35.88105800 -078.79171000 xxx  86.66   154 0.0 0.0    41 161161  2 0 0 0.25 0
10   35.88071100 -078.79145800 xxx  27.84   154 0.0 0.0    41 161161  2 0 0 0.25 0
10   35.88102300 -078.79184000 xxx  69.17   154 0.0 0.0    41 161161  2 0 0 0.25 0
10   35.88097400 -078.79143500 xxx 347.64   154 0.0 0.0    41 161161  2 0 0 0.25 0
10   35.88104200 -078.79153400 xxx 103.52   154 0.0 0.0    41 161161  2 0 0 0.25 0
10   35.88062700 -078.79152700 xxx  38.18   154 0.0 0.0    41 161161  2 0 0 0.25 0
10   35.88100100 -078.79189300 xxx  60.78   154 0.0 0.0    41 161161  2 0 0 0.25 0
10   35.88134000 -078.79132800 xxx 181.64   154 0.0 0.0    41 161161  2 0 0 0.25 0
10   35.88112600 -078.79103100 xxx 264.36   154 0.0 0.0    41 161161  2 0 0 0.25 0
10   35.88145400 -078.79129800 xxx 205.54   154 0.0 0.0    41 161161  2 0 0 0.25 0
10   35.88116100 -078.79090900 xxx 246.87   154 0.0 0.0    41 161161  2 0 0 0.25 0
10   35.88119900 -078.79131300 xxx 165.34   154 0.0 0.0    41 161161  2 0 0 0.25 0
10   35.86799200 -078.77616900 xxx 269.59    62 0.0 0.0   122 161161  1 0 0 0.25 0
10   35.86864900 -078.77505500 xxx  89.59    62 0.0 0.0   122 161161  1 0 0 0.25 0
10   35.87194400 -078.78916900 xxx 297.50   121 0.0 0.0    62 161161  1 0 0 0.25 0
10   35.87589300 -078.78396600 xxx 173.35   121 0.0 0.0    62 161161  1 0 0 0.25 0
10   35.87566400 -078.78399700 xxx 198.50   121 0.0 0.0    62 161161  1 0 0 0.25 0
10   35.87638500 -078.78454600 xxx  98.35   121 0.0 0.0    62 161161  1 0 0 0.25 0
10   35.87623200 -078.78373000 xxx 287.77   121 0.0 0.0    62 161161  1 0 0 0.25 0
10   35.87625900 -078.78324100 xxx 242.21   121 0.0 0.0    62 161161  1 0 0 0.25 0
10   35.87620500 -078.78356200 xxx 272.35   121 0.0 0.0    62 161161  1 0 0 0.25 0
10   35.87627000 -078.78383600 xxx 297.50   121 0.0 0.0    62 161161  1 0 0 0.25 0
10   35.87629700 -078.78427900 xxx 123.50   121 0.0 0.0    62 161161  1 0 0 0.25 0
10   35.87459200 -078.78666700 xxx 107.77   121 0.0 0.0    62 161161  1 0 0 0.25 0
10   35.87456500 -078.78715500 xxx  62.21   121 0.0 0.0    62 161161  1 0 0 0.25 0
10   35.87461900 -078.78683500 xxx  92.35   121 0.0 0.0    62 161161  1 0 0 0.25 0
10   35.87455000 -078.78656000 xxx 117.50   121 0.0 0.0    62 161161  1 0 0 0.25 0
10   35.87634300 -078.78438600 xxx 113.77   121 0.0 0.0    62 161161  1 0 0 0.25 0
10   35.87510300 -078.78645300 xxx  23.77   121 0.0 0.0    62 161161  1 0 0 0.25 0
10   35.87910500 -078.77991500 xxx 188.77   121 0.0 0.0    62 161161  1 0 0 0.25 0
10   35.87949400 -078.78002200 xxx 143.21   121 0.0 0.0    62 161161  1 0 0 0.25 0
10   35.87925000 -078.77990700 xxx 173.35   121 0.0 0.0    62 161161  1 0 0 0.25 0
10   35.87901700 -078.77993800 xxx 198.50   121 0.0 0.0    62 161161  1 0 0 0.25 0
10   35.87917300 -078.77980000 xxx 198.50   121 0.0 0.0    62 161161  1 0 0 0.25 0
10   35.87470200 -078.78646900 xxx 338.21   121 0.0 0.0    62 161161  1 0 0 0.25 0
10   35.87961600 -078.77986900 xxx 188.77   121 0.0 0.0    62 161161  1 0 0 0.25 0
10   35.87497300 -078.78650700 xxx   8.35   121 0.0 0.0    62 161161  1 0 0 0.25 0
10   35.87518700 -078.78639200 xxx  33.50   121 0.0 0.0    62 161161  1 0 0 0.25 0
10   35.87686500 -078.78418700 xxx  11.77   121 0.0 0.0    62 161161  1 0 0 0.25 0
10   35.87390500 -078.78621700 xxx 194.77   121 0.0 0.0    62 161161  1 0 0 0.25 0
10   35.87429800 -078.78627000 xxx 149.21   121 0.0 0.0    62 161161  1 0 0 0.25 0
10   35.87404300 -078.78619400 xxx 179.35   121 0.0 0.0    62 161161  1 0 0 0.25 0
10   35.87381700 -078.78624700 xxx 204.50   121 0.0 0.0    62 161161  1 0 0 0.25 0
10   35.87647600 -078.78410300 xxx 326.21   121 0.0 0.0    62 161161  1 0 0 0.25 0
10   35.87436700 -078.78602600 xxx 287.77   121 0.0 0.0    62 161161  1 0 0 0.25 0
10   35.87439700 -078.78554500 xxx 242.21   121 0.0 0.0    62 161161  1 0 0 0.25 0
10   35.87434400 -078.78586600 xxx 272.35   121 0.0 0.0    62 161161  1 0 0 0.25 0
10   35.87441300 -078.78613300 xxx 297.50   121 0.0 0.0    62 161161  1 0 0 0.25 0
10   35.87672400 -078.78421000 xxx 356.35   121 0.0 0.0    62 161161  1 0 0 0.25 0
10   35.87695300 -078.78414900 xxx  21.50   121 0.0 0.0    62 161161  1 0 0 0.25 0
10   35.87212400 -078.78970300 xxx 107.77   121 0.0 0.0    62 161161  1 0 0 0.25 0
10   35.87209700 -078.79019200 xxx  62.21   121 0.0 0.0    62 161161  1 0 0 0.25 0
10   35.86581000 -078.79760700 xxx  23.77   121 0.0 0.0    62 161161  1 0 0 0.25 0
10   35.86541000 -078.79763000 xxx 338.21   121 0.0 0.0    62 161161  1 0 0 0.25 0
10   35.86568100 -078.79766100 xxx   8.35   121 0.0 0.0    62 161161  1 0 0 0.25 0
10   35.86589100 -078.79755400 xxx  33.50   121 0.0 0.0    62 161161  1 0 0 0.25 0
10   35.87215000 -078.78986400 xxx  92.35   121 0.0 0.0    62 161161  1 0 0 0.25 0
10   35.86520000 -078.79730200 xxx 287.77   121 0.0 0.0    62 161161  1 0 0 0.25 0
10   35.86522300 -078.79682900 xxx 242.21   121 0.0 0.0    62 161161  1 0 0 0.25 0
10   35.86523800 -078.79742400 xxx 297.50   121 0.0 0.0    62 161161  1 0 0 0.25 0
10   35.87208600 -078.78958900 xxx 117.50   121 0.0 0.0    62 161161  1 0 0 0.25 0
10   35.86755800 -078.79397600 xxx 209.61   121 0.0 0.0    62 161161  1 0 0 0.25 0
10   35.86794300 -078.79404400 xxx 294.23   121 0.0 0.0    62 161161  1 0 0 0.25 0
10   35.86797300 -078.79415900 xxx 101.05   121 0.0 0.0    62 161161  1 0 0 0.25 0
10   35.86787000 -078.79393000 xxx 328.10   121 0.0 0.0    62 161161  1 0 0 0.25 0
10   35.86770600 -078.79390700 xxx   8.35   121 0.0 0.0    62 161161  1 0 0 0.25 0
10   35.87635400 -078.78487400 xxx  68.21   121 0.0 0.0    62 161161  1 0 0 0.25 0
10   35.87263900 -078.78949000 xxx  23.77   121 0.0 0.0    62 161161  1 0 0 0.25 0
10   35.86809500 -078.79398300 xxx  80.45   121 0.0 0.0    62 161161  1 0 0 0.25 0
10   35.87223400 -078.78950500 xxx 338.21   121 0.0 0.0    62 161161  1 0 0 0.25 0
10   35.86819800 -078.79330400 xxx 222.40   121 0.0 0.0    62 161161  1 0 0 0.25 0
10   35.86824800 -078.79454000 xxx 359.10   121 0.0 0.0    62 161161  1 0 0 0.25 0
10   35.86839300 -078.79448700 xxx 206.02   121 0.0 0.0    62 161161  1 0 0 0.25 0
10   35.86814100 -078.79447900 xxx 137.58   121 0.0 0.0    62 161161  1 0 0 0.25 0
10   35.86811100 -078.79441800 xxx 108.34   121 0.0 0.0    62 161161  1 0 0 0.25 0
10   35.86817200 -078.79465500 xxx   8.35   121 0.0 0.0    62 161161  1 0 0 0.25 0
10   35.86795000 -078.79496000 xxx  71.27   121 0.0 0.0    62 161161  1 0 0 0.25 0
10   35.86797700 -078.79483000 xxx 260.25   121 0.0 0.0    62 161161  1 0 0 0.25 0
10   35.86790500 -078.79509000 xxx  59.63   121 0.0 0.0    62 161161  1 0 0 0.25 0
10   35.87168100 -078.79063400 xxx  27.58   121 0.0 0.0    62 161161  1 0 0 0.25 0
10   35.87108600 -078.79113800 xxx 291.87   121 0.0 0.0    62 161161  1 0 0 0.25 0
10   35.87098300 -078.79102300 xxx 344.67   121 0.0 0.0    62 161161  1 0 0 0.25 0
10   35.87107800 -078.79133600 xxx  70.16   121 0.0 0.0    62 161161  1 0 0 0.25 0
10   35.87099500 -078.79100800 xxx 318.05   121 0.0 0.0    62 161161  1 0 0 0.25 0
10   35.87110100 -078.79116800 xxx  93.15   121 0.0 0.0    62 161161  1 0 0 0.25 0
10   35.87250500 -078.78953600 xxx   8.35   121 0.0 0.0    62 161161  1 0 0 0.25 0
10   35.87036900 -078.79081000 xxx 120.87   121 0.0 0.0    62 161161  1 0 0 0.25 0
10   35.87048300 -078.79089400 xxx 173.67   121 0.0 0.0    62 161161  1 0 0 0.25 0
10   35.87035400 -078.79061900 xxx 259.16   121 0.0 0.0    62 161161  1 0 0 0.25 0
10   35.87046800 -078.79090900 xxx 147.05   121 0.0 0.0    62 161161  1 0 0 0.25 0
10   35.87035400 -078.79077900 xxx 282.15   121 0.0 0.0    62 161161  1 0 0 0.25 0
10   35.87040700 -078.79047400 xxx  61.62   121 0.0 0.0    62 161161  1 0 0 0.25 0
10   35.87271900 -078.78942100 xxx  33.50   121 0.0 0.0    62 161161  1 0 0 0.25 0
10   35.87575500 -078.78397400 xxx 188.77   121 0.0 0.0    62 161161  1 0 0 0.25 0
10   35.87144100 -078.78924600 xxx 194.77   121 0.0 0.0    62 161161  1 0 0 0.25 0
10   35.87183400 -078.78931400 xxx 149.21   121 0.0 0.0    62 161161  1 0 0 0.25 0
10   35.86612700 -078.79758500 xxx 249.32   121 0.0 0.0    62 161161  1 0 0 0.25 0
10   35.87157400 -078.78922300 xxx 179.35   121 0.0 0.0    62 161161  1 0 0 0.25 0
10   35.87134900 -078.78928400 xxx 204.50   121 0.0 0.0    62 161161  1 0 0 0.25 0
10   35.87614400 -078.78408800 xxx 143.21   121 0.0 0.0    62 161161  1 0 0 0.25 0
10   35.87190200 -078.78906200 xxx 287.77   121 0.0 0.0    62 161161  1 0 0 0.25 0
10   35.87193300 -078.78858200 xxx 242.21   121 0.0 0.0    62 161161  1 0 0 0.25 0
10   35.87187600 -078.78889500 xxx 272.35   121 0.0 0.0    62 161161  1 0 0 0.25 0
10   35.88715000 -078.78211200 xxx 279.94    88 0.0 0.0    93 161161  2 0 0 0.25 0
10   35.88735600 -078.78224900 xxx 174.94    88 0.0 0.0    93 161161  2 0 0 0.25 0
10   35.88761900 -078.78263900 xxx 273.94    88 0.0 0.0    93 161161  2 0 0 0.25 0
10   35.88742400 -078.78288300 xxx   3.94    88 0.0 0.0    93 161161  2 0 0 0.25 0
10   35.87468700 -078.78079200 xxx 340.46   102 0.0 0.0    75 161161  1 0 0 0.25 0
10   35.87861300 -078.78188300 xxx  23.25   134 0.0 0.0    37 161161  1 0 0 0.25 0
10   35.86788200 -078.77601600 xxx   2.59    69 0.0 0.0   102 161161  1 0 0 0.25 0
10   35.87375300 -078.78082300 xxx 203.35    88 0.0 0.0    83 161161  1 0 0 0.25 0
10   35.87834900 -078.78223400 xxx  73.35   115 0.0 0.0    50 161161  1 0 0 0.25 0
10   35.87799100 -078.78112800 xxx 250.35   115 0.0 0.0    50 161161  1 0 0 0.25 0
10   35.86879300 -078.77525300 xxx 182.59    75 0.0 0.0    89 161161  1 0 0 0.25 0
10   35.89172700 -078.77614600 xxx 358.64   115 0.0 0.0    48 161161  2 0 0 0.25 0
10   35.89194500 -078.77637500 xxx 271.64   115 0.0 0.0    48 161161  2 0 0 0.25 0
10   35.89129300 -078.77610800 xxx 178.64   115 0.0 0.0    48 161161  2 0 0 0.25 0
10   35.89150600 -078.77587900 xxx 265.64   115 0.0 0.0    48 161161  2 0 0 0.25 0
10   35.87326400 -078.80018600 xxx 274.54    95 0.0 0.0    67 161161  2 0 0 0.25 0
10   35.87776600 -078.78148700 xxx 194.25   121 0.0 0.0    37 161161  1 0 0 0.25 0
10   35.87844100 -078.78192100 xxx 346.35   108 0.0 0.0    50 161161  1 0 0 0.25 0
10   35.87986400 -078.78159300 xxx  73.35   108 0.0 0.0    50 161161  1 0 0 0.25 0
10   35.87546500 -078.78181500 xxx  89.09    62 0.0 0.0    96 161161  1 0 0 0.25 0
10   35.87978400 -078.78080000 xxx 250.35   108 0.0 0.0    50 161161  1 0 0 0.25 0
10   35.87555300 -078.78193700 xxx 185.09    62 0.0 0.0    96 161161  1 0 0 0.25 0
10   35.87498500 -078.78242500 xxx   2.09    62 0.0 0.0    96 161161  1 0 0 0.25 0
10   35.87885300 -078.78288300 xxx  73.35   108 0.0 0.0    50 161161  1 0 0 0.25 0
10   35.87936000 -078.78224900 xxx  73.35   108 0.0 0.0    50 161161  1 0 0 0.25 0
10   35.87928000 -078.78145600 xxx 250.35   108 0.0 0.0    50 161161  1 0 0 0.25 0
10   35.87833000 -078.78202800 xxx 110.25   121 0.0 0.0    37 161161  1 0 0 0.25 0
10   35.87877300 -078.78208900 xxx 250.35   108 0.0 0.0    50 161161  1 0 0 0.25 0
10   35.88016900 -078.78118900 xxx  23.25   115 0.0 0.0    37 161161  1 0 0 0.25 0
10   35.87792600 -078.78147900 xxx 157.35    95 0.0 0.0    50 161161  1 0 0 0.25 0
10   35.87799800 -078.78132600 xxx 287.25   102 0.0 0.0    37 161161  1 0 0 0.25 0
10   35.87387100 -078.78086100 xxx 231.83    88 0.0 0.0    50 161161  1 0 0 0.25 0
10   35.87394700 -078.78078500 xxx 203.35    88 0.0 0.0    50 161161  1 0 0 0.25 0
10   35.87854400 -078.78244800 xxx 194.25    95 0.0 0.0    37 161161  1 0 0 0.25 0
10   35.87955500 -078.78115800 xxx 194.25    95 0.0 0.0    37 161161  1 0 0 0.25 0
10   35.87905100 -078.78181500 xxx 194.25    95 0.0 0.0    37 161161  1 0 0 0.25 0
10   35.87310800 -078.80037700 xxx 184.36    75 0.0 0.0    41 161161  2 0 0 0.25 0
10   35.87802900 -078.78331000 xxx 157.35    62 0.0 0.0    50 161161  1 0 0 0.25 0
10   35.87836100 -078.78339400 xxx   5.59    62 0.0 0.0    50 161161  1 0 0 0.25 0
10   35.87826900 -078.78339400 xxx 346.35    62 0.0 0.0    50 161161  1 0 0 0.25 0
10   35.88281600 -078.78858900 xxx  73.35    62 0.0 0.0    50 161161  1 0 0 0.25 0
10   35.87886800 -078.78273000 xxx  92.59    62 0.0 0.0    50 161161  1 0 0 0.25 0
10   35.88291900 -078.78838300 xxx   2.59    62 0.0 0.0    50 161161  1 0 0 0.25 0
10   35.87875000 -078.78218100 xxx 269.59    62 0.0 0.0    50 161161  1 0 0 0.25 0
10   35.88270600 -078.78811600 xxx 269.59    62 0.0 0.0    50 161161  1 0 0 0.25 0
10   35.87862400 -078.78241700 xxx 176.59    62 0.0 0.0    50 161161  1 0 0 0.25 0
10   35.87870400 -078.78244000 xxx 157.35    62 0.0 0.0    50 161161  1 0 0 0.25 0
10   35.88395300 -078.78659100 xxx 269.59    62 0.0 0.0    50 161161  1 0 0 0.25 0
10   35.87903600 -078.78253200 xxx   5.59    62 0.0 0.0    50 161161  1 0 0 0.25 0
10   35.87894400 -078.78251600 xxx 346.35    62 0.0 0.0    50 161161  1 0 0 0.25 0
10   35.88397600 -078.78649900 xxx 250.35    62 0.0 0.0    50 161161  1 0 0 0.25 0
10   35.87937900 -078.78210400 xxx  92.59    62 0.0 0.0    50 161161  1 0 0 0.25 0
10   35.88384600 -078.78670500 xxx 185.59    62 0.0 0.0    50 161161  1 0 0 0.25 0
10   35.87926100 -078.78156300 xxx 269.59    62 0.0 0.0    50 161161  1 0 0 0.25 0
10   35.88392600 -078.78672000 xxx 166.35    62 0.0 0.0    50 161161  1 0 0 0.25 0
10   35.87913100 -078.78178400 xxx 176.59    62 0.0 0.0    50 161161  1 0 0 0.25 0
10   35.87921100 -078.78180700 xxx 157.35    62 0.0 0.0    50 161161  1 0 0 0.25 0
10   35.88408300 -078.78696400 xxx  92.59    62 0.0 0.0    50 161161  1 0 0 0.25 0
10   35.87954300 -078.78189800 xxx   5.59    62 0.0 0.0    50 161161  1 0 0 0.25 0
10   35.87945200 -078.78189100 xxx 346.35    62 0.0 0.0    50 161161  1 0 0 0.25 0
10   35.88406400 -078.78707100 xxx  73.35    62 0.0 0.0    50 161161  1 0 0 0.25 0
10   35.87988300 -078.78144100 xxx  92.59    62 0.0 0.0    50 161161  1 0 0 0.25 0
10   35.88416700 -078.78685800 xxx   2.59    62 0.0 0.0    50 161161  1 0 0 0.25 0
10   35.87976100 -078.78089900 xxx 269.59    62 0.0 0.0    50 161161  1 0 0 0.25 0
10   35.88272900 -078.78802500 xxx 250.35    62 0.0 0.0    50 161161  1 0 0 0.25 0
10   35.87963500 -078.78112800 xxx 176.59    62 0.0 0.0    50 161161  1 0 0 0.25 0
10   35.87971500 -078.78115100 xxx 157.35    62 0.0 0.0    50 161161  1 0 0 0.25 0
10   35.88531900 -078.78490400 xxx 269.59    62 0.0 0.0    50 161161  1 0 0 0.25 0
10   35.88004700 -078.78124200 xxx   5.59    62 0.0 0.0    50 161161  1 0 0 0.25 0
10   35.87995500 -078.78123500 xxx 346.35    62 0.0 0.0    50 161161  1 0 0 0.25 0
10   35.88534500 -078.78480500 xxx 250.35    62 0.0 0.0    50 161161  1 0 0 0.25 0
10   35.88521600 -078.78502700 xxx 185.59    62 0.0 0.0    50 161161  1 0 0 0.25 0
10   35.88529600 -078.78503400 xxx 166.35    62 0.0 0.0    50 161161  1 0 0 0.25 0
10   35.87836800 -078.78212700 xxx  92.59    62 0.0 0.0    50 161161  1 0 0 0.25 0
10   35.88545200 -078.78527800 xxx  92.59    62 0.0 0.0    50 161161  1 0 0 0.25 0
10   35.88543300 -078.78537800 xxx  73.35    62 0.0 0.0    50 161161  1 0 0 0.25 0
10   35.87797200 -078.78122700 xxx 269.59    62 0.0 0.0    50 161161  1 0 0 0.25 0
10   35.88554000 -078.78517200 xxx   2.59    62 0.0 0.0    50 161161  1 0 0 0.25 0
10   35.88259900 -078.78823100 xxx 185.59    62 0.0 0.0    50 161161  1 0 0 0.25 0
10   35.87784600 -078.78145600 xxx 176.59    62 0.0 0.0    50 161161  1 0 0 0.25 0
10   35.88598300 -078.78410300 xxx 269.59    62 0.0 0.0    50 161161  1 0 0 0.25 0
10   35.88600900 -078.78399700 xxx 250.35    62 0.0 0.0    50 161161  1 0 0 0.25 0
10   35.87853200 -078.78192900 xxx   5.59    62 0.0 0.0    50 161161  1 0 0 0.25 0
10   35.88588000 -078.78421800 xxx 185.59    62 0.0 0.0    50 161161  1 0 0 0.25 0
10   35.88596000 -078.78422500 xxx 166.35    62 0.0 0.0    50 161161  1 0 0 0.25 0
10   35.88611600 -078.78447700 xxx  92.59    62 0.0 0.0    50 161161  1 0 0 0.25 0
10   35.88609700 -078.78457600 xxx  73.35    62 0.0 0.0    50 161161  1 0 0 0.25 0
10   35.88620400 -078.78436300 xxx   2.59    62 0.0 0.0    50 161161  1 0 0 0.25 0
10   35.88267900 -078.78824600 xxx 166.35    62 0.0 0.0    50 161161  1 0 0 0.25 0
10   35.86811100 -078.77606200 xxx 250.35    62 0.0 0.0    50 161161  1 0 0 0.25 0
10   35.88663900 -078.78331000 xxx 269.59    62 0.0 0.0    50 161161  1 0 0 0.25 0
10   35.86779800 -078.77589400 xxx 343.35    62 0.0 0.0    50 161161  1 0 0 0.25 0
10   35.88666200 -078.78321100 xxx 250.35    62 0.0 0.0    50 161161  1 0 0 0.25 0
10   35.86854600 -078.77516200 xxx  70.35    62 0.0 0.0    50 161161  1 0 0 0.25 0
10   35.88653600 -078.78342400 xxx 185.59    62 0.0 0.0    50 161161  1 0 0 0.25 0
10   35.86886200 -078.77533000 xxx 163.35    62 0.0 0.0    50 161161  1 0 0 0.25 0
10   35.88661600 -078.78344000 xxx 166.35    62 0.0 0.0    50 161161  1 0 0 0.25 0
10   35.87538100 -078.78192900 xxx  69.85    62 0.0 0.0    50 161161  1 0 0 0.25 0
10   35.87802100 -078.78674300 xxx 346.35    62 0.0 0.0    50 161161  1 0 0 0.25 0
10   35.88676800 -078.78368400 xxx  92.59    62 0.0 0.0    50 161161  1 0 0 0.25 0
10   35.87565200 -078.78202800 xxx 165.85    62 0.0 0.0    50 161161  1 0 0 0.25 0
10   35.88674500 -078.78378300 xxx  73.35    62 0.0 0.0    50 161161  1 0 0 0.25 0
10   35.87488900 -078.78231800 xxx 342.85    62 0.0 0.0    50 161161  1 0 0 0.25 0
10   35.88685600 -078.78356900 xxx   2.59    62 0.0 0.0    50 161161  1 0 0 0.25 0
10   35.88283500 -078.78849800 xxx  92.59    62 0.0 0.0    50 161161  1 0 0 0.25 0
10   35.87819300 -078.78360000 xxx  92.59    62 0.0 0.0    50 161161  1 0 0 0.25 0
10   35.87817800 -078.78369900 xxx  73.35    62 0.0 0.0    50 161161  1 0 0 0.25 0
10   35.87807100 -078.78305800 xxx 269.59    62 0.0 0.0    50 161161  1 0 0 0.25 0
10   35.87809800 -078.78295900 xxx 250.35    62 0.0 0.0    50 161161  1 0 0 0.25 0
10   35.87794900 -078.78327900 xxx 176.59    62 0.0 0.0    50 161161  1 0 0 0.25 0
10   35.87662500 -078.78533200 xxx 176.59    62 0.0 0.0    50 161161  1 0 0 0.25 0
10   35.87670500 -078.78536200 xxx 157.35    62 0.0 0.0    50 161161  1 0 0 0.25 0
10   35.87748000 -078.78425600 xxx 176.59    62 0.0 0.0    50 161161  1 0 0 0.25 0
10   35.87756000 -078.78427900 xxx 157.35    62 0.0 0.0    50 161161  1 0 0 0.25 0
10   35.87675500 -078.78513300 xxx 269.59    62 0.0 0.0    50 161161  1 0 0 0.25 0
10   35.87677800 -078.78504200 xxx 250.35    62 0.0 0.0    50 161161  1 0 0 0.25 0
10   35.87748000 -078.78385900 xxx 269.59    62 0.0 0.0    50 161161  1 0 0 0.25 0
10   35.87749900 -078.78376000 xxx 250.35    62 0.0 0.0    50 161161  1 0 0 0.25 0
10   35.88627600 -078.78431700 xxx  20.25    62 0.0 0.0    37 161161  1 0 0 0.25 0
10   35.87883800 -078.78263100 xxx 110.25    62 0.0 0.0    37 161161  1 0 0 0.25 0
10   35.88514300 -078.78507200 xxx 203.25    62 0.0 0.0    37 161161  1 0 0 0.25 0
10   35.88279700 -078.78839900 xxx 110.25    62 0.0 0.0    37 161161  1 0 0 0.25 0
10   35.87877700 -078.78228800 xxx 287.25    62 0.0 0.0    37 161161  1 0 0 0.25 0
10   35.88404500 -078.78687300 xxx 110.25    62 0.0 0.0    37 161161  1 0 0 0.25 0
10   35.88667300 -078.78340900 xxx 287.25    62 0.0 0.0    37 161161  1 0 0 0.25 0
10   35.88541000 -078.78518700 xxx 110.25    62 0.0 0.0    37 161161  1 0 0 0.25 0
10   35.88274000 -078.78822300 xxx 287.25    62 0.0 0.0    37 161161  1 0 0 0.25 0
10   35.88645900 -078.78347000 xxx 203.25    62 0.0 0.0    37 161161  1 0 0 0.25 0
10   35.86811800 -078.77626000 xxx 287.25    62 0.0 0.0    37 161161  1 0 0 0.25 0
10   35.87915400 -078.78247800 xxx  23.25    62 0.0 0.0    37 161161  1 0 0 0.25 0
10   35.88545600 -078.78513300 xxx 343.35    62 0.0 0.0    37 161161  1 0 0 0.25 0
10   35.86795400 -078.77587100 xxx  20.25    62 0.0 0.0    37 161161  1 0 0 0.25 0
10   35.88561200 -078.78512600 xxx  20.25    62 0.0 0.0    37 161161  1 0 0 0.25 0
10   35.88672600 -078.78358500 xxx 110.25    62 0.0 0.0    37 161161  1 0 0 0.25 0
10   35.86852600 -078.77496300 xxx 107.25    62 0.0 0.0    37 161161  1 0 0 0.25 0
10   35.87934500 -078.78199800 xxx 110.25    62 0.0 0.0    37 161161  1 0 0 0.25 0
10   35.88408700 -078.78682700 xxx 343.35    62 0.0 0.0    37 161161  1 0 0 0.25 0
10   35.86869400 -078.77536000 xxx 200.25    62 0.0 0.0    37 161161  1 0 0 0.25 0
10   35.88677600 -078.78353900 xxx 343.35    62 0.0 0.0    37 161161  1 0 0 0.25 0
10   35.87928800 -078.78165400 xxx 287.25    62 0.0 0.0    37 161161  1 0 0 0.25 0
10   35.87538100 -078.78173800 xxx 106.75    62 0.0 0.0    37 161161  1 0 0 0.25 0
10   35.88692900 -078.78353100 xxx  20.25    62 0.0 0.0    37 161161  1 0 0 0.25 0
10   35.88424300 -078.78681900 xxx  20.25    62 0.0 0.0    37 161161  1 0 0 0.25 0
10   35.88398700 -078.78669700 xxx 287.25    62 0.0 0.0    37 161161  1 0 0 0.25 0
10   35.87549200 -078.78205100 xxx 202.75    62 0.0 0.0    37 161161  1 0 0 0.25 0
10   35.88602100 -078.78420300 xxx 287.25    62 0.0 0.0    37 161161  1 0 0 0.25 0
10   35.87815900 -078.78350100 xxx 110.25    62 0.0 0.0    37 161161  1 0 0 0.25 0
10   35.87505000 -078.78231800 xxx  19.75    62 0.0 0.0    37 161161  1 0 0 0.25 0
10   35.87819300 -078.78671300 xxx  23.25    62 0.0 0.0    37 161161  1 0 0 0.25 0
10   35.87966500 -078.78184500 xxx  23.25    62 0.0 0.0    37 161161  1 0 0 0.25 0
10   35.88283900 -078.78835300 xxx 343.35    62 0.0 0.0    37 161161  1 0 0 0.25 0
10   35.88299600 -078.78834500 xxx  20.25    62 0.0 0.0    37 161161  1 0 0 0.25 0
10   35.87810500 -078.78315000 xxx 287.25    62 0.0 0.0    37 161161  1 0 0 0.25 0
10   35.87984800 -078.78134200 xxx 110.25    62 0.0 0.0    37 161161  1 0 0 0.25 0
10   35.88580700 -078.78426400 xxx 203.25    62 0.0 0.0    37 161161  1 0 0 0.25 0
10   35.88535700 -078.78501100 xxx 287.25    62 0.0 0.0    37 161161  1 0 0 0.25 0
10   35.87979100 -078.78099800 xxx 287.25    62 0.0 0.0    37 161161  1 0 0 0.25 0
10   35.87654900 -078.78536200 xxx 194.25    62 0.0 0.0    37 161161  1 0 0 0.25 0
10   35.87786900 -078.78331800 xxx 194.25    62 0.0 0.0    37 161161  1 0 0 0.25 0
10   35.88377800 -078.78675800 xxx 203.25    62 0.0 0.0    37 161161  1 0 0 0.25 0
10   35.87739900 -078.78428600 xxx 194.25    62 0.0 0.0    37 161161  1 0 0 0.25 0
10   35.88607800 -078.78437800 xxx 110.25    62 0.0 0.0    37 161161  1 0 0 0.25 0
10   35.87844100 -078.78335600 xxx  23.25    62 0.0 0.0    37 161161  1 0 0 0.25 0
10   35.87678500 -078.78523300 xxx 287.25    62 0.0 0.0    37 161161  1 0 0 0.25 0
10   35.88252600 -078.78828400 xxx 203.25    62 0.0 0.0    37 161161  1 0 0 0.25 0
10   35.88612000 -078.78432500 xxx 343.35    62 0.0 0.0    37 161161  1 0 0 0.25 0
10   35.87750200 -078.78395800 xxx 287.25    62 0.0 0.0    37 161161  1 0 0 0.25 0
14   35.88320200 -078.78357700  100 0 ATC Tower
15   35.88789000 -078.77953300   0.00 Air Cargo North
15   35.87335200 -078.79954500  50.00 Cargo Ramp
15   35.87997400 -078.78274500   0.00 General Aviation Ramp 1
15   35.88343000 -078.78656000 100.00 General Aviation Ramp 2
15   35.86713400 -078.77690100 140.00 National Guard Ramp
15   35.87379800 -078.79001600   0.00 Terminal A
15   35.87647200 -078.79538000  90.00 Terminal C
18   35.87262000 -078.78336300 1 BCN
19   35.87457700 -078.80088800 1 WS
19   35.89310500 -078.77819800 1 WS
19   35.87916200 -078.78028900 1 WS
19   35.87500800 -078.78192100 1 WS
19   35.86824800 -078.77500200 1 WS
19   35.86552800 -078.79709600 1 WS
50 12380 ATIS
51 12295 UNICOM
52 12010 CLNC DEL
53 12190 GND
53 12170 GND
54 12745 TWR
54 11930 TWR
55 12830 APP
55 12495 APP
55 12480 APP
56 12530 DEP
56 13235 DEP
