1     1571 0 1 KREI REDLANDS MUNI
100   22.86   1   0 0.25 0 2 0 08   34.08522500 -117.15381700    6.10    0.00 2  0 0 1 26   34.08529700 -117.13894200    0.00    0.00 2  0 0 1
21   34.08553681 -117.15157975  2  89.66   3.00 08  PAPI-4L
110   1 0.30  89.66 Default taxiway for RWY 08
111  34.08512439 -117.15381628   3 102 
111  34.08460784 -117.15381259   3 102 
111  34.08468074 -117.13893760   3 102 
111  34.08519729 -117.13894129 
112  34.08519607 -117.13918969  34.08519443 -117.13906548   3 102 
111  34.08507100 -117.13906459   3 102 
112  34.08490642 -117.13906342  34.08478299 -117.13906254   3 102 
111  34.08478238 -117.13918674   3 102 
111  34.08474745 -117.14631374   3 102 
111  34.08516114 -117.14631669 
111  34.08516053 -117.14644088   3 102 
111  34.08474684 -117.14643793   3 102 
112  34.08471192 -117.15356494  34.08471131 -117.15368913   3 102 
111  34.08483474 -117.15369001   3 102 
112  34.08499932 -117.15369118  34.08512275 -117.15369207   3 102 
113  34.08512561 -117.15356789 
120 Default hold RWY 08 (near)
111  34.08491642 -117.15381480   4 
115  34.08491703 -117.15369060 
120 Default hold RWY 08 (centre)
111  34.08495256 -117.14643940   4 
115  34.08495317 -117.14631521 
120 Default hold RWY 08 (far)
111  34.08498871 -117.13906401   4 
115  34.08498932 -117.13893981 
18   34.08598009 -117.14638691 1 BCN
19   34.08553099 -117.15406758 1 WS
19   34.08499098 -117.13869147 1 WS
51 12305 CTAF/UNICOM
55 12725 SOCAL APP/DEP
