1       24 0 1 KRKP ARANSAS CO
100   45.72   1   0 0.25 0 2 0 14   28.09265600 -097.05157500    0.00    0.00 2  0 0 1 32   28.07995000 -097.04171100  170.69    0.00 2  0 0 0
100   45.72   1   0 0.25 0 2 0 18   28.09219400 -097.03875600    0.00    0.00 2  0 0 0 36   28.08002800 -097.04129200    0.00    0.00 2  0 0 0
100   45.72   1   0 0.25 0 0 0 09   28.08913300 -097.05335300    0.00    0.00 2  0 0 0 27   28.08696100 -097.04008600    0.00    0.00 2  0 0 0
21   28.09138397 -097.05006977  1 145.59   3.00 14  VASI
21   28.08248948 -097.04419970  1 325.60   3.00 32  VASI
110   1 0.30 145.59 Default taxiway for RWY 14
111  28.09254102 -097.05176529   3 102 
111  28.09195846 -097.05272935   3 102 
111  28.07925281 -097.04286404   3 102 
111  28.07983537 -097.04190010 
112  28.08017482 -097.04216367  28.08000382 -097.04203398   3 102 
111  28.07986432 -097.04226482   3 102 
112  28.07967831 -097.04257261  28.07953880 -097.04280346   3 102 
111  28.07970852 -097.04293525   3 102 
111  28.08563703 -097.04753843   3 102 
111  28.08610333 -097.04676681 
111  28.08627306 -097.04689859   3 102 
111  28.08580676 -097.04767021   3 102 
112  28.09173527 -097.05227340  28.09190499 -097.05240518   3 102 
111  28.09204450 -097.05217431   3 102 
112  28.09223051 -097.05186648  28.09237001 -097.05163561   3 102 
113  28.09220157 -097.05150173 
110   1 0.30 190.42 Default taxiway for RWY 18
111  28.09223080 -097.03898284   3 102 
111  28.09241727 -097.04013210   3 102 
111  28.08025129 -097.04266823   3 102 
111  28.08006482 -097.04151911 
112  28.08046948 -097.04143475  28.08026756 -097.04147943   3 102 
111  28.08031221 -097.04175462   3 102 
112  28.08037175 -097.04212154  28.08041641 -097.04239673   3 102 
111  28.08061874 -097.04235455   3 102 
111  28.08619591 -097.04119191   3 102 
111  28.08604665 -097.04027206 
111  28.08624898 -097.04022988   3 102 
111  28.08639824 -097.04114973   3 102 
112  28.09197540 -097.03998710  28.09217773 -097.03994493   3 102 
111  28.09213307 -097.03966971   3 102 
112  28.09207353 -097.03930275  28.09202888 -097.03902753   3 102 
113  28.09182614 -097.03906720 
120 Default hold RWY 14 (near)
111  28.09230723 -097.05215217   4 
115  28.09213750 -097.05202039 
120 Default hold RWY 18 (near)
111  28.09230563 -097.03944405   4 
115  28.09210330 -097.03948623 
120 Default hold RWY 14 (centre)
111  28.08603927 -097.04728545   4 
115  28.08586954 -097.04715367 
120 Default hold RWY 18 (centre)
111  28.08632381 -097.04069106   4 
115  28.08612148 -097.04073324 
120 Default hold RWY 14 (far)
111  28.07977131 -097.04241872   4 
115  28.07960158 -097.04228694 
120 Default hold RWY 18 (far)
111  28.08034198 -097.04193808   4 
115  28.08013965 -097.04198026 
18   28.08585282 -097.03841831 1 BCN
19   28.08981487 -097.05368396 1 WS
19   28.09334422 -097.05126138 1 WS
19   28.09248703 -097.03798359 1 WS
19   28.08627911 -097.03975513 1 WS
19   28.07926180 -097.04202464 1 WS
19   28.07973496 -097.04206431 1 WS
50 11927 ASOS
51 12305 CTAF/UNICOM
52 12170 CLNC DEL
55 12090 CORPUS APP/DEP
