1     1175 1 0 KROA Roanoke Rgnl Woodrum Field
100   46.02   1   0 0.00 0 3 0 06   37.32221500 -079.98402100   53.95   15.85 3  8 0 1 24   37.33431400 -079.96615200  238.96   28.04 2  0 0 1
100   46.02   1   0 0.00 0 3 0 15   37.32893400 -079.98114000  149.05  187.15 2  0 0 0 33   37.31544900 -079.97051900   54.86   68.88 3  8 0 0
102 H1   37.32656652 -079.97356240 341.27   13.11   13.11   2 0   0 0.00 0
102 H2   37.32666506 -079.97317465 341.27   13.11   13.11   2 0   0 0.00 0
102 H3   37.32677683 -079.97279589 341.27   13.11   13.11   2 0   0 0.00 0
21   37.32425130 -079.98175274  1  49.61   3.00 06  VASI
21   37.31743140 -079.97268109  2 328.03   3.00 33  PAPI-4L
21   37.33391252 -079.96535565  6 320.44   3.00 New WIG-WAG
21   37.33320252 -079.96643316  6 320.35   3.00 New WIG-WAG
21   37.32232082 -079.98208504  6 325.45   3.00 New WIG-WAG
21   37.32157636 -079.98348298  6 329.81   3.00 New WIG-WAG
21   37.32381368 -079.97790450  6  56.65   3.00 New WIG-WAG
21   37.32124529 -079.97427128  6 241.27   3.00 New WIG-WAG
21   37.32308688 -079.97573737  6 246.44   3.00 New WIG-WAG
21   37.32436791 -079.97669756  6 226.79   3.00 New WIG-WAG
21   37.32552807 -079.97756334  6 236.61   3.00 New WIG-WAG
21   37.31948931 -079.97281427  6 239.89   3.00 New WIG-WAG
21   37.31572909 -079.96990443  6 236.72   3.00 New WIG-WAG
21   37.31660755 -079.97071735  6 239.05   3.00 New WIG-WAG
21   37.33209080 -079.96817557  6 322.83   3.00 New WIG-WAG
21   37.32953089 -079.97208238  6 322.83   3.00 New WIG-WAG
21   37.32695160 -079.97591549  6 326.00   3.00 New WIG-WAG
21   37.32942848 -079.98037058  6 240.61   3.00 New WIG-WAG
21   37.32730120 -079.97803072  6 144.45   3.00 New WIG-WAG
110   1 0.00   0.00 New Taxiway 24
112  37.32232752 -079.98310325  37.32221236 -079.98328148  20 
112  37.32190228 -079.98306983  37.32174167 -079.98296328  20 
112  37.32180440 -079.98265765  37.32189756 -079.98254140  20 
114  37.32217692 -079.98265765  37.32230095 -079.98271335  20 
110  14 0.00   0.00 New Taxiway 12
111  37.32611474 -079.97296388 
111  37.32617918 -079.97299139 
111  37.32617692 -079.97299922 
113  37.32611184 -079.97297095 
110  14 0.00   0.00 New Taxiway 11
111  37.32613251 -079.97291311 
111  37.32609413 -079.97303063 
111  37.32615695 -079.97305834 
111  37.32619609 -079.97293801 
111  37.32620366 -079.97294235 
111  37.32616136 -079.97307082 
111  37.32608382 -079.97303697 
113  37.32612532 -079.97290956 
110   2 0.00   0.00 New Taxiway 1
111  37.31908049 -079.97117252 
111  37.31771222 -079.97013011 
112  37.31744690 -079.96983730  37.31740751 -079.96975888 
112  37.31741574 -079.96949344  37.31744713 -079.96931866 
111  37.31768880 -079.96891160 
112  37.31782907 -079.96877646  37.31789644 -079.96873024 
111  37.31782907 -079.96877646 
112  37.31782907 -079.96877646  37.31791329 -079.96874565 
111  37.31803020 -079.96877193 
112  37.31824843 -079.96874252  37.31831255 -079.96870531 
112  37.31835454 -079.96864681  37.31836948 -079.96862631 
111  37.31840488 -079.96851496 
112  37.31841765 -079.96833829  37.31842171 -079.96826679 
111  37.31841765 -079.96833829 
112  37.31841765 -079.96833829  37.31841518 -079.96827627 
111  37.31839475 -079.96825446 
111  37.31863434 -079.96832724 
112  37.31848872 -079.96836464  37.31844728 -079.96838649 
111  37.31848872 -079.96836464 
112  37.31848872 -079.96836464  37.31844728 -079.96842038 
111  37.31840882 -079.96860835 
111  37.31845171 -079.96877729 
112  37.31863054 -079.96888971  37.31876030 -079.96892933 
111  37.31863054 -079.96888971 
112  37.31863054 -079.96888971  37.31870134 -079.96888697 
112  37.31889451 -079.96880406  37.31903388 -079.96870737 
111  37.31914764 -079.96867913 
111  37.31994979 -079.96873222 
111  37.32029712 -079.96876335 
112  37.32054223 -079.96909850  37.32056626 -079.96926166 
111  37.32049965 -079.96951073 
111  37.31987532 -079.97079389 
111  37.31962683 -079.97102580 
114  37.31932028 -079.97120782  37.31924431 -079.97123170 
110   2 0.00   0.00 New Taxiway 11
111  37.32033215 -079.98144126 
111  37.31936145 -079.98073677 
111  37.31954126 -079.98033247 
111  37.31961353 -079.98036882 
111  37.31981107 -079.97999321 
113  37.32060604 -079.97821816 
110   2 0.00   0.00 New Taxiway 2
111  37.32857168 -079.97094839 
111  37.32999998 -079.96865539 
111  37.33088173 -079.96724912 
111  37.33109077 -079.96718275 
111  37.33162552 -079.96777752 
113  37.32920287 -079.97143993 
110   1 0.00   0.00 New Taxiway 1
111  37.32413058 -079.97765123 
112  37.32381743 -079.97779210  37.32368479 -079.97794840 
111  37.32263821 -079.98048413 
112  37.32225729 -079.98181311  37.32228958 -079.98206235 
112  37.32232623 -079.98221873  37.32239964 -079.98231635 
112  37.32266929 -079.98250207  37.32287791 -079.98254351 
111  37.32300082 -079.98247355 
111  37.32204673 -079.98389129 
112  37.32126325 -079.98288945  37.32126325 -079.98249956 
111  37.32342193 -079.97780940 
112  37.32349952 -079.97758443  37.32355834 -079.97735975 
113  37.32349515 -079.97714579 
110   1 0.00   0.00 New Taxiway 4
111  37.32384559 -079.97413711 
111  37.32390417 -079.97324851 
111  37.32403598 -079.97326232 
113  37.32398448 -079.97414755 
110   1 0.00   0.00 New Taxiway 3
111  37.32432090 -079.97418358 
111  37.32416538 -079.97417420 
111  37.32423853 -079.97321043 
113  37.32438327 -079.97322638 
110   1 0.00   0.00 New Taxiway 2
111  37.32372927 -079.97422337 
111  37.32431358 -079.97427055 
111  37.32438327 -079.97322572 
111  37.32381504 -079.97316505 
111  37.32385573 -079.97251715 
111  37.32456980 -079.97257670 
111  37.32445970 -079.97478840 
111  37.32430012 -079.97478214 
111  37.32431703 -079.97449387 
113  37.32372391 -079.97443908 
110   1 0.00   0.00 New Taxiway 2
111  37.32290369 -079.97196766 
111  37.32320062 -079.97197931 
111  37.32315931 -079.97297642 
111  37.32297887 -079.97297867 
111  37.32297964 -079.97324638 
113  37.32285185 -079.97324263 
110   1 0.00   0.00 New Taxiway 14
111  37.32461980 -079.97249268 
111  37.32469608 -079.97110526 
111  37.32491436 -079.97111959 
113  37.32484739 -079.97250262 
110   1 0.00   0.00 New Taxiway 14
111  37.32496282 -079.97250705 
111  37.32503911 -079.97111963 
111  37.32525739 -079.97113396 
113  37.32519041 -079.97251700 
110   2 0.00   0.00 New Taxiway 1
111  37.32423847 -079.97084622 
111  37.32378988 -079.97079913 
111  37.32376481 -079.97039526 
111  37.32440130 -079.96930539 
111  37.32566749 -079.96988439 
111  37.32541181 -079.97276750 
111  37.32492242 -079.97274031 
113  37.32409018 -079.97269636 
110   2 0.00  90.00 Woodrum taxi 2
111  37.32612943 -079.97920887 
112  37.32590920 -079.97918424  37.32580543 -079.97919038 
111  37.32570989 -079.97924843 
113  37.32587260 -079.97900118 
110   2 0.00  90.00 Woodrum taxi 3
112  37.32539380 -079.97875477  37.32538525 -079.97867647 
111  37.32533764 -079.97856747 
111  37.32553786 -079.97873020 
113  37.32537549 -079.97897124 
110   2 0.00  90.00 Woodrum taxi 4
111  37.32818848 -079.98028672 102 
112  37.32839420 -079.97988004  37.32846135 -079.97970962 102 
112  37.32837747 -079.97936073  37.32826664 -079.97923725 102 
111  37.32708509 -079.97834521 102 
112  37.32682251 -079.97817283  37.32675878 -079.97814886 102 
112  37.32663203 -079.97813016  37.32653954 -079.97813413 102 
112  37.32647385 -079.97821324  37.32644057 -079.97823978 102 
111  37.32625221 -079.97843085 
111  37.32668117 -079.97781355 
111  37.32692555 -079.97744642 102 
112  37.32698648 -079.97777332  37.32705978 -079.97795042 102 
111  37.32726128 -079.97810795 102 
111  37.32928508 -079.97958340 102 
112  37.32958857 -079.97979863  37.32960879 -079.97999549 102 
111  37.32925415 -079.98055478 102 
113  37.32909315 -079.98098054 
112  37.32900248 -079.98043017  37.32910692 -079.98036049 
112  37.32909305 -079.98018607  37.32909305 -079.98010535 
111  37.32898664 -079.98003462 
112  37.32884895 -079.98004411  37.32878298 -079.98007943 
112  37.32874218 -079.98022229  37.32873936 -079.98032635 
113  37.32879898 -079.98040489 
110   1 0.00   0.00 New Taxiway 53
112  37.33373036 -079.96609151  37.33366435 -079.96621604  20 
112  37.33349796 -079.96609395  37.33340995 -079.96599710  20 
112  37.33340646 -079.96584076  37.33348347 -079.96572315  20 
114  37.33364809 -079.96584999  37.33373611 -079.96592609  20 
110   1 0.00  90.00 Woodrum taxi 5
111  37.33339708 -079.96717056 102 
112  37.33339703 -079.96663801  37.33337238 -079.96651725 102 
112  37.33321780 -079.96639205  37.33311617 -079.96633165 102 
112  37.33300040 -079.96634604  37.33283754 -079.96644395 102 
111  37.33270921 -079.96657217 102 
112  37.33221694 -079.96743437  37.33214256 -079.96762287 102 
112  37.33236205 -079.96777085  37.33249766 -079.96791147 102 
111  37.33258251 -079.96788264 102 
111  37.33291716 -079.96785336 
111  37.33234101 -079.96870399 102 
112  37.33227572 -079.96828217  37.33210465 -079.96812658 102 
111  37.33199239 -079.96805219 102 
111  37.33181582 -079.96807101 
111  37.33140856 -079.96809826 102 
112  37.33163068 -079.96778019  37.33176482 -079.96758451 102 
111  37.33202283 -079.96720279 102 
112  37.33247400 -079.96642410  37.33250969 -079.96633733 102 
111  37.33257218 -079.96615785 102 
112  37.33263356 -079.96581973  37.33266924 -079.96572698 102 
112  37.33295635 -079.96494364  37.33307531 -079.96488679 102 
111  37.33348632 -079.96489155 102 
111  37.33377656 -079.96526343 102 
111  37.33401363 -079.96552564 102 
113  37.33429822 -079.96579127 
110   2 0.00   0.00 New Taxiway 6
111  37.32624133 -079.97359389 
111  37.32638046 -079.97313346 
111  37.32626091 -079.97308822 
111  37.32622795 -079.97318552 
111  37.32596067 -079.97308601 
111  37.32604982 -079.97278894 
111  37.32632188 -079.97288023 
111  37.32629195 -079.97298392 
111  37.32640243 -079.97301375 
111  37.32653058 -079.97257635 
111  37.32692967 -079.97271908 
113  37.32661113 -079.97375043 
110   1 0.00  45.00 Woodrum taxi 10
111  37.32673808 -079.97489659 
112  37.32607537 -079.97605120  37.32581592 -079.97619802 
112  37.32531197 -079.97611626  37.32508293 -079.97594466 
112  37.32499341 -079.97568327  37.32496905 -079.97544427 
111  37.32500157 -079.97532519 
111  37.32510537 -079.97388903 
111  37.32535859 -079.97389453 
111  37.32541181 -079.97276750 
111  37.32545483 -079.97207055 
111  37.32585677 -079.97206744 
112  37.32696032 -079.97263826  37.32705224 -079.97263206 
111  37.32722049 -079.97245123 
112  37.32742726 -079.97211823  37.32748800 -079.97199644 
112  37.32756816 -079.97173920  37.32757801 -079.97166489 
112  37.32757425 -079.97133138  37.32754470 -079.97117037 
111  37.32741413 -079.97101004 
112  37.32407787 -079.96875424  37.32398498 -079.96878344 
111  37.32341484 -079.97001046 
112  37.32316799 -079.97059678  37.32313280 -079.97080032 
111  37.32309256 -079.97173493 
111  37.32299656 -079.97171769 
111  37.32303770 -079.97078647 
112  37.32311051 -079.97043068  37.32315274 -079.97030679 
111  37.32390855 -079.96882057 
112  37.32392348 -079.96864103  37.32388090 -079.96854856 
112  37.32330403 -079.96837597  37.32316469 -079.96838570 
111  37.32104231 -079.96857063 
111  37.32033603 -079.96858787 
111  37.31952691 -079.96854476 
111  37.31901263 -079.96848441 
111  37.31864235 -079.96841543 
112  37.31851206 -079.96852863  37.31848497 -079.96863084 
111  37.31857378 -079.96876031 
112  37.31873624 -079.96877005  37.31880592 -079.96874084 
111  37.31893034 -079.96864823 
112  37.31917034 -079.96857925  37.31926226 -079.96856480 
111  37.31993833 -079.96863960 
112  37.32033685 -079.96866243  37.32041282 -079.96868290 
112  37.32061094 -079.96891134  37.32070795 -079.96908972 
111  37.32072003 -079.96919141 
112  37.32069979 -079.96953851  37.32065334 -079.96968452 
111  37.32057603 -079.96988117 
111  37.32024004 -079.97066577 
111  37.32004118 -079.97095030 
111  37.31978062 -079.97115723 
111  37.31947891 -079.97131242 
112  37.31910874 -079.97130199  37.31896166 -079.97125333 
111  37.31756579 -079.97011396 
111  37.31738751 -079.96991566 
112  37.31733863 -079.96947134  37.31738508 -079.96925233 
111  37.31756756 -079.96894137 
112  37.31773872 -079.96872266  37.31778485 -079.96868855 
111  37.31788808 -079.96866547 
112  37.31821036 -079.96864823  37.31827229 -079.96860929 
111  37.31829950 -079.96851027 
112  37.31832869 -079.96835244  37.31831708 -079.96829403 
111  37.31829065 -079.96798331 
112  37.31943734 -079.96831487  37.31981279 -079.96836354 
112  37.32098805 -079.96835876  37.32136350 -079.96836849 
111  37.32344525 -079.96817979 
112  37.32378479 -079.96830008  37.32393187 -079.96838769 
111  37.32746049 -079.97078643 
111  37.32759763 -079.97095888 
112  37.32770711 -079.97113800  37.32774979 -079.97116484 
111  37.32781673 -079.97112627 
112  37.32797085 -079.97118478  37.32799712 -079.97119510 
112  37.32811625 -079.97134203  37.32814088 -079.97138744 
111  37.32812789 -079.97147002 
111  37.32806391 -079.97142614 
111  37.32798830 -079.97132009 
111  37.32786325 -079.97122500 
112  37.32776729 -079.97128352  37.32774267 -079.97132274 
112  37.32775275 -079.97152488  37.32774618 -079.97164254 
112  37.32763643 -079.97201126  37.32759375 -079.97210415 
111  37.32749393 -079.97228553 
111  37.32756954 -079.97239890 
111  37.32753174 -079.97249398 
111  37.32742414 -079.97237331 
111  37.32707808 -079.97344846 
112  37.32719829 -079.97363124  37.32722128 -079.97366634 
111  37.32725256 -079.97371907 
111  37.32717405 -079.97385438 
112  37.32715753 -079.97370403  37.32714276 -079.97366893 
112  37.32702574 -079.97358011  37.32699783 -079.97360281 
111  37.32669989 -079.97462512 
113  37.32679782 -079.97472150 
111  37.31987532 -079.97079389 
111  37.32049965 -079.96951073 
112  37.32054223 -079.96909850  37.32050391 -079.96891648 
112  37.32029712 -079.96876335  37.32024828 -079.96874117 
111  37.31994190 -079.96873446 
112  37.31914577 -079.96867925  37.31903907 -079.96869163 
111  37.31889451 -079.96880406 
112  37.31863054 -079.96888971  37.31853261 -079.96886295 
111  37.31845171 -079.96877729 
112  37.31841339 -079.96859527  37.31841746 -079.96854580 
112  37.31848872 -079.96836464  37.31851721 -079.96834758 
111  37.31863434 -079.96832724 
111  37.31839947 -079.96825555 
111  37.31841765 -079.96833829 
111  37.31840488 -079.96851496 
112  37.31835454 -079.96864681  37.31832333 -079.96869969 
112  37.31824843 -079.96874252  37.31820773 -079.96877152 
111  37.31803020 -079.96877193 
112  37.31782176 -079.96877776  37.31777293 -079.96880846 
112  37.31768880 -079.96891160  37.31763724 -079.96896960 
112  37.31741574 -079.96949344  37.31738454 -079.96962990 
112  37.31744690 -079.96983730  37.31748217 -079.96991577 
111  37.31770662 -079.97012639 
112  37.31908049 -079.97117252  37.31912119 -079.97119811 
112  37.31932028 -079.97120782  37.31939625 -079.97118394 
113  37.31962683 -079.97102580 
110   1 0.00   0.00 New Taxiway 1
111  37.32478695 -079.97272650 
111  37.32541506 -079.97276715 
111  37.32535859 -079.97389453 
113  37.32474808 -079.97389001 
110   1 0.00   0.00 New Taxiway 18
111  37.31229544 -079.97568722 
111  37.31392482 -079.97258813 
111  37.31707914 -079.97500437 
113  37.31530353 -079.97810345 
110   2 0.00  45.00 Woodrum taxi 6
111  37.33181582 -079.96807101 102 
111  37.33151684 -079.96849791 102 
111  37.33124777 -079.96889076 102 
112  37.32981425 -079.97115041  37.32965259 -079.97135226 102 
111  37.32976375 -079.97147271 102 
112  37.32989373 -079.97180298  37.33003693 -079.97196238 102 
111  37.33028533 -079.97174342 
111  37.32974281 -079.97252610 102 
112  37.32971469 -079.97218571  37.32959705 -079.97206718 102 
111  37.32947780 -079.97201116 102 
111  37.32719877 -079.97535945 102 
112  37.32726995 -079.97569293  37.32742920 -079.97585028 102 
111  37.32754620 -079.97574892 
111  37.32718252 -079.97628797 102 
112  37.32709120 -079.97597737  37.32694333 -079.97581389 102 
111  37.32684615 -079.97589196 102 
111  37.32665504 -079.97618416 102 
112  37.32675157 -079.97649353  37.32688807 -079.97663658 102 
111  37.32699890 -079.97655851 
111  37.32686795 -079.97676242 102 
112  37.32671660 -079.97655829  37.32662188 -079.97648150 102 
111  37.32654969 -079.97647809 102 
112  37.32626236 -079.97698640  37.32625220 -079.97709602 102 
112  37.32629492 -079.97726588  37.32638754 -079.97737623 102 
111  37.32649800 -079.97729623 
111  37.32578439 -079.97836655 
111  37.32556930 -079.97819226 102 
112  37.32594528 -079.97809322  37.32603140 -079.97792770 102 
111  37.32589176 -079.97766574 102 
112  37.32560008 -079.97752217  37.32552859 -079.97751400 102 
112  37.32539858 -079.97764232  37.32532871 -079.97774450 102 
111  37.32539203 -079.97805041 
111  37.32483206 -079.97761608 102 
112  37.32516816 -079.97747926  37.32527963 -079.97734340 102 
111  37.32525288 -079.97710499 102 
112  37.32487873 -079.97669365  37.32461404 -079.97651591 102 
112  37.32435944 -079.97666058  37.32428632 -079.97676479 102 
111  37.32427737 -079.97717392 
111  37.32366318 -079.97669565 102 
112  37.32400766 -079.97652399  37.32413441 -079.97630331 102 
111  37.32357552 -079.97593963 102 
112  37.32300136 -079.97576077  37.32289412 -079.97593650 102 
111  37.32299748 -079.97616960 
111  37.32253899 -079.97581074 102 
112  37.32280019 -079.97557605  37.32287006 -079.97540237 102 
111  37.32278442 -079.97532257 102 
112  37.32137732 -079.97423682  37.32128470 -079.97419799 102 
112  37.32114690 -079.97437209  37.32109490 -079.97453147 102 
111  37.32119532 -079.97473826 
111  37.32068637 -079.97433881 102 
112  37.32095709 -079.97419579  37.32103347 -079.97403028 102 
111  37.32096034 -079.97391545 102 
112  37.31959309 -079.97274789  37.31948590 -079.97266383 
111  37.31959309 -079.97274789 
112  37.31959309 -079.97274789  37.31948747 -079.97276423 102 
112  37.31938213 -079.97286850  37.31930251 -079.97298701 102 
111  37.31939708 -079.97332619 
111  37.31895443 -079.97298170 102 
112  37.31919981 -079.97275245  37.31924855 -079.97261963 102 
112  37.31921151 -079.97244473  37.31918713 -079.97237935 102 
112  37.31674116 -079.97051909  37.31662254 -079.97052317 102 
112  37.31658723 -079.97070665  37.31653848 -079.97081289 102 
111  37.31650255 -079.97106302 
111  37.31543130 -079.97021388 102 
112  37.31582679 -079.96984644  37.31591154 -079.96977159 102 
112  37.31618509 -079.96975805  37.31635460 -079.96982656 102 
112  37.31932924 -079.97220832  37.31942690 -079.97222213 102 
112  37.31955149 -079.97206954  37.31958811 -079.97201121 102 
111  37.31972138 -079.97180223 
111  37.31991202 -079.97198558 102 
112  37.31970098 -079.97220785  37.31963261 -079.97235062 102 
112  37.31970256 -079.97256360  37.31974651 -079.97265878 102 
112  37.32102123 -079.97363350  37.32109570 -079.97367802 102 
112  37.32131649 -079.97349137  37.32143980 -079.97329179 102 
111  37.32139877 -079.97313984 
111  37.32174054 -079.97340302 102 
112  37.32151921 -079.97361340  37.32145450 -079.97374389 102 
112  37.32148576 -079.97389784  37.32152360 -079.97399609 102 
112  37.32292327 -079.97505040  37.32301240 -079.97509185 102 
112  37.32318545 -079.97486021  37.32327091 -079.97467138 102 
112  37.32317287 -079.97449817  37.32310939 -079.97442755 102 
111  37.32174616 -079.97340422 
111  37.32189754 -079.97312012 102 
111  37.32267343 -079.97380512 102 
112  37.32279021 -079.97377465  37.32283049 -079.97369942 102 
111  37.32278014 -079.97362438 102 
111  37.32223272 -079.97318543 102 
111  37.32229644 -079.97234356 102 
111  37.32239667 -079.97213318 102 
111  37.32286950 -079.97217701 102 
111  37.32291723 -079.97171066 
111  37.32370637 -079.97179463 
111  37.32378988 -079.97079913 
111  37.32423847 -079.97084622 
111  37.32409018 -079.97269636 
111  37.32478695 -079.97272650 
111  37.32476369 -079.97337300 
111  37.32474808 -079.97389001 
111  37.32510537 -079.97388903 
112  37.32500157 -079.97532519  37.32500724 -079.97540114 
112  37.32499341 -079.97568327  37.32501780 -079.97587840 
111  37.32499341 -079.97568327 
112  37.32499341 -079.97568327  37.32502035 -079.97581625 
112  37.32531681 -079.97611853  37.32565057 -079.97635162 
111  37.32531681 -079.97611853 
112  37.32531681 -079.97611853  37.32564715 -079.97632584 
112  37.32607508 -079.97605130  37.32621392 -079.97598170 
111  37.32607508 -079.97605130 
112  37.32607508 -079.97605130  37.32644337 -079.97575905 
111  37.32679782 -079.97472150 
111  37.32693068 -079.97480636 
111  37.32703465 -079.97492995 102 
111  37.32719520 -079.97507292 102 
111  37.32764240 -079.97440936 
111  37.32787933 -079.97405463 102 
111  37.32817996 -079.97359062 
111  37.32839218 -079.97327977 102 
111  37.32884231 -079.97261076 
111  37.32903894 -079.97231447 102 
111  37.32929789 -079.97189522 102 
111  37.32929985 -079.97165414 102 
111  37.32919968 -079.97143377 102 
111  37.32999262 -079.97023463 102 
111  37.33039796 -079.96959961 102 
111  37.33075837 -079.96907763 102 
111  37.33111236 -079.96851528 102 
113  37.33140856 -079.96809826 
111  37.32399618 -079.97553891 102 
112  37.32412506 -079.97532428  37.32413899 -079.97524544 102 
111  37.32411112 -079.97517974 102 
111  37.32356077 -079.97483809 102 
112  37.32339009 -079.97498702  37.32328908 -079.97515346 102 
111  37.32330998 -079.97534180 102 
111  37.32361650 -079.97564403 102 
114  37.32382898 -079.97563965  37.32390213 -079.97561337 102 
112  37.32434265 -079.97495534  37.32437144 -079.97484345 102 
111  37.32430012 -079.97478280 102 
112  37.32412339 -079.97460747  37.32403965 -079.97457456 102 
111  37.32370149 -079.97443209 102 
112  37.32361774 -079.97449133  37.32359157 -079.97457689 102 
111  37.32371457 -079.97466246 102 
113  37.32421965 -079.97503432 102 
112  37.32347119 -079.97430704  37.32350783 -079.97422148 102 
111  37.32345549 -079.97416553 102 
111  37.32306032 -079.97386607 102 
112  37.32295564 -079.97390226  37.32291377 -079.97397137 102 
111  37.32297134 -079.97404706 102 
113  37.32334557 -079.97435969 102 
112  37.31630564 -079.97033772  37.31633498 -079.97028017 
112  37.31632569 -079.97018609  37.31632217 -079.97012411 
112  37.31627561 -079.97006271  37.31623630 -079.97001202 
111  37.31613999 -079.96999244 
112  37.31601098 -079.97001053  37.31598460 -079.97002810 
112  37.31593888 -079.97011397  37.31590736 -079.97017224 
112  37.31589335 -079.97031522  37.31589447 -079.97037501 
112  37.31595942 -079.97045513  37.31599738 -079.97048376 
114  37.31618041 -079.97047365  37.31625039 -079.97044123 
110   2 0.00  45.00 Woodrum taxi 7
111  37.32884446 -079.97261599 102 
112  37.32883267 -079.97246050  37.32880790 -079.97240397 102 
112  37.32853695 -079.97214455  37.32849475 -079.97213879 102 
112  37.32840610 -079.97216101  37.32836849 -079.97218754 102 
112  37.32796905 -079.97279619  37.32795488 -079.97288952 102 
111  37.32798737 -079.97298707 102 
112  37.32829618 -079.97331617  37.32833548 -079.97332549 102 
111  37.32839233 -079.97328396 
111  37.32818250 -079.97358892 102 
112  37.32815710 -079.97344366  37.32812621 -079.97336091 102 
111  37.32806460 -079.97331956 
111  37.32794648 -079.97319556 102 
111  37.32745781 -079.97262739 
111  37.32789578 -079.97174963 102 
111  37.32787223 -079.97168381 102 
111  37.32805674 -079.97140374 102 
112  37.32838538 -079.97164760  37.32845459 -079.97163944 102 
111  37.32854480 -079.97146989 102 
111  37.32896352 -079.97190760 102 
111  37.32886931 -079.97209190 102 
112  37.32889677 -079.97226137  37.32894080 -079.97232366 102 
113  37.32904020 -079.97231963 
110   1 0.00  45.00 Woodrum taxi 8
112  37.32766228 -079.97428800  37.32766543 -079.97421868 102 
112  37.32751355 -079.97415945  37.32746385 -079.97420503 102 
112  37.32706609 -079.97480739  37.32704792 -079.97485466 102 
111  37.32703188 -079.97492922 
111  37.32693068 -079.97480975 102 
112  37.32700742 -079.97475805  37.32706631 -079.97470842 102 
111  37.32739572 -079.97418161 102 
111  37.32733130 -079.97412094 102 
111  37.32714451 -079.97439054 102 
111  37.32693256 -079.97421647 
111  37.32740189 -079.97347123 102 
111  37.32744515 -079.97349027 102 
111  37.32763115 -079.97323460 102 
111  37.32780201 -079.97342227 102 
111  37.32762682 -079.97368609 102 
111  37.32768522 -079.97374321 102 
111  37.32791880 -079.97337603 102 
111  37.32794692 -079.97319380 
111  37.32806371 -079.97331619 102 
111  37.32797720 -079.97342771 102 
112  37.32770036 -079.97392750  37.32769570 -079.97397113 102 
112  37.32777880 -079.97407699  37.32780210 -079.97410043 102 
111  37.32788033 -079.97405576 
113  37.32764464 -079.97440950 102 
110   2 0.00  45.00 Woodrum taxi 9
111  37.32138850 -079.97313624 102 
111  37.31991341 -079.97198999 
111  37.31971954 -079.97180450 102 
112  37.31982491 -079.97156072  37.31985069 -079.97151389 102 
111  37.32028010 -079.97104664 102 
112  37.32082380 -079.97063648  37.32089040 -079.97050320 102 
111  37.32089966 -079.96986481 102 
111  37.32113568 -079.96938783 102 
111  37.32289744 -079.97076046 102 
111  37.32205871 -079.97241927 102 
111  37.32208400 -079.97255176 102 
111  37.32188169 -079.97300754 102 
111  37.32189852 -079.97312461 
113  37.32174682 -079.97341273 
110   2 0.00  45.00 Taxiway 1
111  37.31903055 -079.98061720 
111  37.31914619 -079.98058086 
111  37.31934854 -079.98013861 
111  37.31824522 -079.97917536 
111  37.31811031 -079.97904208 
111  37.31810068 -079.97886033 
111  37.31825485 -079.97843020 
111  37.31899201 -079.97695806 
111  37.31969062 -079.97691565 
111  37.32027360 -079.97738213 
111  37.32060604 -079.97821816 
111  37.31981107 -079.97999321 
111  37.31961353 -079.98036882 
111  37.31954126 -079.98033247 
111  37.31936300 -079.98074443 
113  37.31939190 -079.98086559 
130 Airport Boundary 1
111  37.31151569 -079.97586177 
111  37.31462085 -079.96859217 
111  37.32400772 -079.96782931 
111  37.32821931 -079.97065637 
111  37.33082479 -079.96666258 
111  37.33318043 -079.96361114 
111  37.33557176 -079.96576510 
111  37.32782671 -079.97747723 
111  37.33171708 -079.98025943 
111  37.33021804 -079.98335574 
111  37.32643474 -079.98025943 
111  37.32350804 -079.98564431 
113  37.32190192 -079.98541994 
120 Linear Feature 13
111  37.33360413 -079.96581754   4 
115  37.33388458 -079.96538217 
120 Linear Feature 12
111  37.33321645 -079.96640199   4 
115  37.33345805 -079.96605575 
120 Linear Feature 10
111  37.33285769 -079.96617352   1 
112  37.33324588 -079.96610608  37.33333687 -079.96614150   1 
111  37.33359706 -079.96643829   1 
112  37.33369088 -079.96658798  37.33370533 -079.96666487   1 
115  37.33368602 -079.96708233 
120 Linear Feature 9
111  37.32729574 -079.97591657   1 
115  37.32696086 -079.97558358 
120 Linear Feature 2
111  37.31575357 -079.97075908   1 
112  37.31562282 -079.97048056  37.31560744 -079.97037418   1 
115  37.31565839 -079.97029371 
120 Linear Feature 8
111  37.32736095 -079.97642331   1 
112  37.32729574 -079.97591657  37.32707373 -079.97570990 
111  37.32729574 -079.97591657 
112  37.32729574 -079.97591657  37.32754016 -079.97608921   1 
115  37.32770677 -079.97591122 
120 Linear Feature 7
111  37.32836060 -079.97350100   1 
115  37.32780343 -079.97288156 
120 Linear Feature 5
111  37.33165397 -079.96800255   1 
112  37.33188585 -079.96786367  37.33195924 -079.96783400   1 
115  37.33217336 -079.96790667 
120 Linear Feature 57
111  37.33364708 -079.96585360  20 
115  37.33359576 -079.96592988 
120 Linear Feature 56
111  37.33340679 -079.96583893  20 
115  37.33350711 -079.96591521 
120 Linear Feature 55
111  37.33350011 -079.96609418  20 
115  37.33357010 -079.96599736 
120 Linear Feature 52
111  37.32607106 -079.97679241   1 
112  37.32636438 -079.97648979  37.32643258 -079.97637545   1 
115  37.32772332 -079.97443805 
120 Linear Feature 51
111  37.32954554 -079.97205717   4 
115  37.32981384 -079.97168686 
120 Linear Feature 35
111  37.32130360 -079.97307030   5 
111  37.32143641 -079.97285830   5 
111  37.32164658 -079.97285830   5 
115  37.32190930 -079.97308293 
120 Linear Feature 45
111  37.32421969 -079.97742802   1 
112  37.32375026 -079.97754193  37.32354569 -079.97784485 
111  37.32375026 -079.97754193 
112  37.32375026 -079.97754193  37.32387422 -079.97717610   1 
115  37.32355143 -079.97690081 
120 Linear Feature 44
111  37.32363832 -079.97778179   1 
115  37.32417125 -079.97664300 
120 Linear Feature 2
111  37.33243762 -079.96812638   1 
115  37.33188064 -079.96765722 
120 Linear Feature 2
111  37.32980750 -079.97200991   1 
115  37.32952445 -079.97176635 
120 Linear Feature 4
111  37.32772332 -079.97443805   1 
112  37.32952445 -079.97176635  37.32962316 -079.97159049   1 
112  37.32961542 -079.97114198  37.32971414 -079.97094542   1 
111  37.33312917 -079.96575711   1 
112  37.33346636 -079.96535228  37.33357679 -079.96529053 
111  37.33346636 -079.96535228 
112  37.33346636 -079.96535228  37.33357330 -079.96532124   1 
111  37.33388060 -079.96566455   1 
112  37.33410985 -079.96594623  37.33413352 -079.96601880   1 
115  37.33414000 -079.96641171 
120 Linear Feature 1
111  37.33253731 -079.96878027   1 
112  37.33243762 -079.96812638  37.33212231 -079.96779172 
111  37.33243762 -079.96812638 
112  37.33243762 -079.96812638  37.33283207 -079.96834347   1 
115  37.33301054 -079.96807749 
120 Linear Feature 1
111  37.32991000 -079.97265607   1 
112  37.32980750 -079.97200991  37.32949219 -079.97167526 
111  37.32980750 -079.97200991 
112  37.32980750 -079.97200991  37.33020195 -079.97222701   1 
115  37.33039208 -079.97194399 
120 Linear Feature 43
111  37.32256556 -079.98350167   1 
112  37.32197190 -079.98344303  37.32180623 -079.98327148   1 
112  37.32153337 -079.98284260  37.32145718 -079.98263206 
111  37.32153337 -079.98284260 
112  37.32153337 -079.98284260  37.32142174 -079.98265434   1 
115  37.32205960 -079.98144567 
120 Linear Feature 42
111  37.32318136 -079.98259787   1 
112  37.32255661 -079.98272006  37.32238119 -079.98260978   1 
112  37.32205960 -079.98204610  37.32200113 -079.98182554   1 
115  37.32205960 -079.98144567 
120 Linear Feature 34
111  37.32200503 -079.98259916  20 
115  37.32202991 -079.98279115 
120 Linear Feature 33
111  37.32176302 -079.98288246  20 
115  37.32190889 -079.98288246 
120 Linear Feature 32
111  37.32212672 -079.98319442  20 
115  37.32210252 -079.98301942 
120 Linear Feature 31
111  37.32236050 -079.98289007  20 
115  37.32223564 -079.98288246 
120 Linear Feature 30
111  37.32180440 -079.98265765  20 
115  37.32192099 -079.98276072 
120 Linear Feature 28
111  37.32232752 -079.98310325  20 
115  37.32223564 -079.98301942 
120 Linear Feature 27
111  37.32217692 -079.98265765  20 
115  37.32213726 -079.98277909 
120 Linear Feature 26
111  37.32185994 -079.98302723  20 
115  37.32195730 -079.98295094 
120 Linear Feature 40
111  37.32363832 -079.97778179   1 
115  37.32205960 -079.98144567 
120 Linear Feature 39
111  37.32413058 -079.97765123 102 
112  37.32381743 -079.97779210  37.32372338 -079.97793441 102 
111  37.32264628 -079.98047954 102 
112  37.32225729 -079.98181311  37.32226334 -079.98198812 102 
111  37.32228277 -079.98211857 102 
111  37.32232623 -079.98221873 102 
112  37.32266929 -079.98250207  37.32284477 -079.98256294 102 
115  37.32300082 -079.98247355 
120 Linear Feature 38
111  37.32204308 -079.98389399 102 
111  37.32158808 -079.98345949 102 
112  37.32126325 -079.98288945  37.32133681 -079.98272284 
111  37.32126325 -079.98288945 
112  37.32126325 -079.98288945  37.32116761 -079.98273559 102 
111  37.32342193 -079.97780940 102 
112  37.32349983 -079.97752979  37.32351222 -079.97744144 102 
115  37.32349515 -079.97714579 
120 Linear Feature 36
111  37.32196316 -079.98259087   4 
115  37.32228277 -079.98211857 
120 Linear Feature 35
111  37.32158808 -079.98345949   4 
115  37.32185994 -079.98302723 
120 Linear Feature 15
111  37.32534611 -079.97748500   1 
115  37.32542801 -079.97737094 
120 Linear Feature 14
111  37.32569848 -079.97704419   1 
112  37.32542801 -079.97737094  37.32527139 -079.97756396 
111  37.32542801 -079.97737094 
112  37.32542801 -079.97737094  37.32558198 -079.97698956   1 
115  37.32539768 -079.97679359 
120 Linear Feature 12
111  37.32513731 -079.97783788   1 
112  37.32534611 -079.97748500  37.32542136 -079.97735960 
111  37.32534611 -079.97748500 
112  37.32534611 -079.97748500  37.32516840 -079.97770848   1 
115  37.32465686 -079.97776939 
120 Linear Feature 10
111  37.32439597 -079.97626859   1 
115  37.32450809 -079.97606158 
120 Linear Feature 9
111  37.32475721 -079.97626717   1 
112  37.32439469 -079.97626934  37.32427467 -079.97633851 
111  37.32439469 -079.97626934 
112  37.32439469 -079.97626934  37.32429099 -079.97641072   1 
115  37.32417640 -079.97663470 
120 Linear Feature 46
111  37.32376449 -079.97788311   4 
111  37.32363832 -079.97778179   4 
115  37.32347936 -079.97766286 
120 Linear Feature 8
111  37.32421969 -079.97742802   1 
112  37.32417640 -079.97663470  37.32431251 -079.97616694 
111  37.32417640 -079.97663470 
112  37.32417640 -079.97663470  37.32391136 -079.97698685   1 
115  37.32355143 -079.97690081 
120 Linear Feature 6
111  37.32401862 -079.97642789   4 
115  37.32435076 -079.97667794 
120 Linear Feature 47
111  37.32364887 -079.97470111   1 
112  37.32359591 -079.97434819  37.32366381 -079.97416746 
111  37.32359591 -079.97434819 
112  37.32359591 -079.97434819  37.32349627 -079.97450453   1 
115  37.32334018 -079.97444451 
120 Linear Feature 46
111  37.32364887 -079.97470111   1 
112  37.32337787 -079.97480785  37.32326619 -079.97496990 
111  37.32337787 -079.97480785 
112  37.32337787 -079.97480785  37.32344145 -079.97460690   1 
115  37.32334018 -079.97444451 
120 Linear Feature 43
111  37.32293504 -079.97565978   1 
112  37.32369569 -079.97406155  37.32371040 -079.97383962   1 
115  37.32382917 -079.97199994 
120 Linear Feature 45
111  37.32330164 -079.97556115   1 
112  37.32320369 -079.97514779  37.32327230 -079.97493602 
111  37.32320369 -079.97514779 
112  37.32320369 -079.97514779  37.32307895 -079.97530989   1 
115  37.32290019 -079.97524605 
120 Linear Feature 44
111  37.32330164 -079.97556115   1 
112  37.32296553 -079.97560324  37.32285041 -079.97576097 
111  37.32296553 -079.97560324 
112  37.32296553 -079.97560324  37.32303942 -079.97542174   1 
115  37.32290019 -079.97524605 
120 Linear Feature 42
111  37.32292438 -079.97640781   1 
112  37.32293492 -079.97566262  37.32314252 -079.97522893 
111  37.32293492 -079.97566262 
112  37.32293492 -079.97566262  37.32270388 -079.97606683   1 
115  37.32240229 -079.97599813 
120 Linear Feature 36
111  37.32098970 -079.97406002   4 
115  37.32122479 -079.97424652 
120 Linear Feature 5
111  37.32422818 -079.97503029  52 
112  37.32434370 -079.97515480  37.32450281 -079.97531488 
111  37.32434370 -079.97515480  52 
112  37.32435279 -079.97553074  37.32438007 -079.97564507 
111  37.32435279 -079.97553074 
112  37.32435279 -079.97553074  37.32435279 -079.97564507  52 
111  37.32460583 -079.97589466  52 
111  37.32558643 -079.97668127  52 
112  37.32581053 -079.97671117  37.32593782 -079.97665972  52 
112  37.32640308 -079.97620583  37.32645763 -079.97613723  52 
111  37.32678966 -079.97565894  52 
115  37.32717778 -079.97506073 
120 Linear Feature 4
111  37.32451224 -079.97259654   1 
115  37.32457021 -079.97114292 
120 Linear Feature 3
111  37.32449716 -079.97288709   1 
111  37.32451224 -079.97259654   1 
111  37.32532177 -079.97264228   1 
115  37.32537731 -079.97120723 
120 Linear Feature 2
111  37.32359591 -079.97434819   1 
111  37.32441533 -079.97439060   1 
111  37.32449716 -079.97288709   1 
115  37.32377432 -079.97283347 
120 Linear Feature 1
111  37.32433721 -079.97495970   3 
115  37.32501004 -079.97503402 
120 Linear Feature 11
111  37.32524981 -079.97729518   4 
115  37.32551946 -079.97753216 
120 Linear Feature 41
111  37.32282064 -079.97551167   4 
115  37.32308323 -079.97571226 
120 Linear Feature 31
111  37.31922668 -079.97254560   4 
115  37.31947446 -079.97276453 
120 Linear Feature 34
111  37.31919036 -079.97242544   8 
115  37.31932924 -079.97220832 
120 Linear Feature 33
111  37.31959309 -079.97274789   8 
115  37.31970244 -079.97256718 
120 Linear Feature 32
111  37.32194043 -079.97288657   1 
112  37.32035482 -079.97160663  37.32014602 -079.97151637   1 
112  37.31996787 -079.97159354  37.31984462 -079.97174637   1 
115  37.31936122 -079.97266407 
120 Linear Feature 29
111  37.31921461 -079.97293985   1 
115  37.31936122 -079.97266407 
120 Linear Feature 28
111  37.31921683 -079.97348625   1 
112  37.31921461 -079.97293985  37.31931996 -079.97266958 
111  37.31921461 -079.97293985 
112  37.31921461 -079.97293985  37.31906582 -079.97317440   1 
115  37.31873508 -079.97310725 
120 Linear Feature 25
111  37.31623631 -079.97044595   4 
115  37.31658723 -079.97070665 
120 Linear Feature 24
111  37.31644847 -079.97130583   1 
112  37.31636119 -079.97077178  37.31643729 -079.97053065   1 
115  37.31649596 -079.97041927 
120 Linear Feature 23
111  37.31682580 -079.97036559   1 
112  37.31649596 -079.97041927  37.31636965 -079.97058911 
111  37.31649596 -079.97041927 
112  37.31649596 -079.97041927  37.31658640 -079.97022274   1 
115  37.31648086 -079.97008438 
120 Linear Feature 22
111  37.31643370 -079.97004585   1 
112  37.31606462 -079.96985042  37.31591519 -079.96985321 
111  37.31606462 -079.96985042 
112  37.31606462 -079.96985042  37.31590634 -079.96983894   1 
115  37.31565839 -079.97029371 
120 Linear Feature 21
112  37.31618171 -079.97047581  37.31623631 -079.97044595   1 102 
112  37.31630543 -079.97033970  37.31633455 -079.97028251 
111  37.31630543 -079.97033970 
112  37.31630543 -079.97033970  37.31633909 -079.97026763   1 102 
112  37.31632956 -079.97018609  37.31632962 -079.97011096   1 102 
112  37.31626962 -079.97005967  37.31623716 -079.97002284   1 102 
112  37.31614005 -079.96999419  37.31609075 -079.96999380   1 102 
112  37.31600817 -079.97000915  37.31592965 -079.97003650 
111  37.31600817 -079.97000915 
112  37.31600817 -079.97000915  37.31596063 -079.97005436   1 102 
112  37.31593888 -079.97011397  37.31591510 -079.97015764   1 102 
112  37.31589335 -079.97031522  37.31589447 -079.97037501   1 102 
114  37.31596177 -079.97046069  37.31599121 -079.97048623   1 102 
120 Linear Feature 19
111  37.31643370 -079.97004585   1 
115  37.32031445 -079.97319024 
120 Linear Feature 18
111  37.32450809 -079.97606158   1 
112  37.32423129 -079.97570974  37.32414444 -079.97555685   1 
112  37.32424866 -079.97526198  37.32422261 -079.97510909   1 
115  37.32182557 -079.97323067 
120 Linear Feature 16
112  37.32450809 -079.97606158  37.32427841 -079.97588107   1 
112  37.32366103 -079.97583448  37.32345287 -079.97569909   1 
115  37.32031445 -079.97319024 
120 Linear Feature 14
112  37.32900112 -079.98042903  37.32903083 -079.98041192  20 102 
112  37.32908116 -079.98033812  37.32909278 -079.98030402  20 102 
112  37.32909278 -079.98019038  37.32909060 -079.98018732  20 102 
112  37.32903727 -079.98008160  37.32896530 -079.97999580  20 102 
112  37.32898692 -079.98003939  37.32892234 -079.97999876  20 102 
111  37.32885008 -079.98004426  20 102 
112  37.32877133 -079.98011245  37.32873776 -079.98015629  20 102 
111  37.32874164 -079.98022447  20 102 
111  37.32875584 -079.98032675  20 102 
112  37.32879844 -079.98040468  37.32882684 -079.98044040  20 102 
114  37.32889268 -079.98045176  37.32892237 -079.98045862  20 102 
120 Linear Feature 40
111  37.32138640 -079.97404675   1 
112  37.32111709 -079.97419095  37.32097791 -079.97440702 
111  37.32111709 -079.97419095 
112  37.32111709 -079.97419095  37.32120816 -079.97393600   1 
115  37.32106066 -079.97378576 
120 Linear Feature 39
111  37.32138640 -079.97404675   1 
112  37.32137921 -079.97366801  37.32147053 -079.97342443 
111  37.32137921 -079.97366801 
112  37.32137921 -079.97366801  37.32124361 -079.97388375   1 
115  37.32106066 -079.97378576 
120 Linear Feature 38
111  37.32111709 -079.97419095   1 
115  37.32275029 -079.97091158 
120 Linear Feature 37
111  37.32105725 -079.97493823   1 
112  37.32111709 -079.97419095  37.32132087 -079.97376390 
111  37.32111709 -079.97419095 
112  37.32111709 -079.97419095  37.32087810 -079.97458637   1 
115  37.32053838 -079.97452614 
120 Linear Feature 48
111  37.32696109 -079.97588776   4 
115  37.32719077 -079.97556539 
120 Linear Feature 12
111  37.32909060 -079.98019544   4 
111  37.32927000 -079.98020161   4 
115  37.32939995 -079.98030978 
120 Linear Feature 11
111  37.32843367 -079.97964058   4 
111  37.32879645 -079.97967141   4 
111  37.32890921 -079.97977621   4 
115  37.32892533 -079.98002551 
120 Linear Feature 9
111  37.32726128 -079.97810795   4 
115  37.32709772 -079.97836388 
120 Linear Feature 7
111  37.32796358 -079.98036684   1 
112  37.32849642 -079.98017806  37.32863705 -079.98004331   1 
115  37.32872076 -079.97990435 
120 Linear Feature 6
111  37.32919883 -079.97983658   1 
112  37.32872076 -079.97990435  37.32845624 -079.98019490 
111  37.32872076 -079.97990435 
112  37.32872076 -079.97990435  37.32894176 -079.97957590   1 
115  37.32866517 -079.97938608 
120 Linear Feature 1
112  37.32896903 -079.98069063  37.32886475 -079.98073870   1 
115  37.32852811 -079.98081695 
120 Linear Feature 2
111  37.32896903 -079.98069063   1 
112  37.32922625 -079.98033194  37.32928105 -079.98011891   1 
112  37.32919883 -079.97983658  37.32908612 -079.97969485   1 
115  37.32668117 -079.97781355 
120 Linear Feature 54
111  37.33372640 -079.96609125  20 
115  37.33364942 -079.96601790 
120 Linear Feature 58
111  37.33375833 -079.96598961  20 
115  37.33365957 -079.96597304 
120 Linear Feature 61
111  37.33353447 -079.96577596  20 
115  37.33355159 -079.96589686 
120 Linear Feature 60
111  37.33337776 -079.96594655  20 
115  37.33348443 -079.96596476 
120 Linear Feature 59
111  37.33362928 -079.96617675  20 
115  37.33361216 -079.96605420 
120 Linear Feature 7
111  37.32627354 -079.97303407   1 
115  37.32666179 -079.97317316 
120 Linear Feature 8
111  37.32654995 -079.97355640   1 
112  37.32635930 -079.97346184  37.32634500 -079.97342229   1 
112  37.32644505 -079.97317785  37.32644269 -079.97313923   1 
111  37.32641925 -079.97308614   1 
112  37.32649417 -079.97301983  37.32650835 -079.97297824   1 
112  37.32658512 -079.97274649  37.32661657 -079.97272852   1 
115  37.32679094 -079.97280401 
120 Linear Feature 15
111  37.32632388 -079.97755561   1 
115  37.32450809 -079.97606158 
120 Linear Feature 49
111  37.32659697 -079.97715501   4 
115  37.32692555 -079.97744642 
120 Linear Feature 26
111  37.31574204 -079.96992129   4 
115  37.31594740 -079.97009790 
120 Linear Feature 17
111  37.32603835 -079.97732105   1 
112  37.32607106 -079.97679241  37.32632535 -079.97652544 
111  37.32607106 -079.97679241 
112  37.32607106 -079.97679241  37.32567447 -079.97695083   1 
115  37.32539768 -079.97679359 
120 Linear Feature 47
111  37.32626236 -079.97698640   4 
115  37.32584175 -079.97764858 
120 Linear Feature 3
111  37.33210497 -079.96814901   4 
115  37.33235981 -079.96776771 
120 Linear Feature 6
111  37.32941932 -079.97193048   1 
112  37.32963562 -079.97186225  37.32974762 -079.97192218 
111  37.32963562 -079.97186225 
112  37.32963562 -079.97186225  37.32957843 -079.97174238   1 
115  37.32956966 -079.97144738 
14   37.32808207 -079.97217314  328 0 ATC Tower
15   37.32904196 -079.97079861   0.00 Cargo Ramp
15   37.32414602 -079.97317678 174.42 Executive
15   37.32467744 -079.97238375   0.00 General Aviation
15   37.32243874 -079.97077803 238.34 Main Apron
18   37.32632873 -079.97103366 1 BCN
19   37.32286500 -079.98467300 0 WS
19   37.33429545 -079.96520657 0 WS
19   37.32982509 -079.98036470 0 WS
19   37.31499900 -079.97139700 0 WS
20   37.32950503 -079.98042460 235.64  0 2 {@L}A{@R}15{@L}{@@}A
20   37.32734616 -079.97795601 147.57  0 2 {@L}A{@R}24-06{@L}{@@}A
20   37.31571497 -079.96988761 236.15  0 2 {@L}A{@R}33{@L}{@@}A
20   37.32820108 -079.97933262 327.83  0 2 {@L}A{@Y}{^l}A2{@L}{@@}A
20   37.31914655 -079.97242875 325.48  0 2 {@L}A{@Y}{^l}B{^r}{@L}{@@}A
20   37.32086801 -079.97394824 325.48  0 2 {@L}A{@Y}{^l}C{^r}{@L}{@@}A
20   37.32276159 -079.97535753 325.48  0 2 {@L}A{@Y}{^l}D{^r}{@L}{@@}A
20   37.32394671 -079.97632033 325.48  0 2 {@L}A{@Y}{^l}E{@L}{@@}A
20   37.32520537 -079.97708523 325.48  0 2 {@L}A{@Y}{^l}G_|_G{^r}{@L}{@@}A
20   37.32635124 -079.97718388 141.34  0 2 {@L}A{@Y}{^l}G{^r}{@L}{@@}A
20   37.31619481 -079.97003631 153.15  0 2 {@L}A{@Y}A{^r}{@L}{@@}A
20   37.31677080 -079.97061036 153.15  0 2 {@L}A{@Y}A1{^r}{@L}{@@}A
20   37.31969407 -079.97287581 141.34  0 2 {@L}A{@Y}B{^r}{@L}{@@}A
20   37.32142700 -079.97432576 141.34  0 2 {@L}A{@Y}C{^r}{@L}{@@}A
20   37.32323561 -079.97576691 141.34  0 2 {@L}A{@Y}D{^r}{@L}{@@}A
20   37.32467297 -079.97664123 141.34  0 2 {@L}A{@Y}E{^r}{@L}{@@}A
20   37.32567122 -079.97758997 141.34  0 2 {@L}A{@Y}G{^r}{@L}{@@}A
20   37.31662938 -079.97072916 239.40  0 2 {@L}A1{@R}33{@L}{@@}A1
20   37.32837819 -079.97962600 265.45  0 2 {@L}A2{@R}15
20   37.31920000 -079.97252961 232.21  0 2 {@L}B{@R}33-15{@L}{@@}B{@Y}{^u}MAIN_APRON
20   37.32095238 -079.97403606 232.21  0 2 {@L}C{@R}33-15{@L}{@@}C{@Y}{^u}MAIN_APRON
20   37.32280045 -079.97549692 232.21  0 2 {@L}D{@R}33-15{@L}{@@}D{@Y}{^u}GENERAL_AVIATION
20   37.32288599 -079.98005083 232.98  0 2 {@L}E{@L}{@@}E
20   37.32154321 -079.98352621 323.02  0 2 {@L}E{@R}06{@L}{@@}E
20   37.32385750 -079.97793918  65.47  0 2 {@L}E{@R}15-33{@L}{@@}E
20   37.32398344 -079.97641301 232.21  0 2 {@L}E{@R}33-15{@Y}{@@}{^l}A{^r}
20   37.32186232 -079.98271744 237.26  0 2 {@L}E{@Y}E1{^r}{@L}{@@}E
20   37.32251606 -079.98099239 237.26  0 2 {@L}E{@Y}E1{^r}{@L}{@@}E
20   37.32522306 -079.97727102 232.21  0 2 {@L}G{@R}33-15{@L}G{@Y}{@@}{^l}A{^r}_|_G{^u}
20   37.33343176 -079.96583504  47.11  0 2 {@L}G{@Y}{^l}G{@L}{@@}G
20   37.33294856 -079.96650631  47.11  0 2 {@L}G{@Y}{^l}G1{@L}{@@}G
20   37.32685638 -079.97594543  47.11  0 2 {@L}G{@Y}{^l}L{@L}{@@}G
20   37.32937300 -079.97220532  47.11  0 2 {@L}G{@Y}{^l}M{@L}{@@}G
20   37.33184169 -079.96824456  47.11  0 2 {@L}G{@Y}{^l}N{@L}{@@}G
20   37.32722436 -079.97540350 230.24  0 2 {@L}G{@Y}L{^r}{@L}{@@}G
20   37.32981330 -079.97121580 230.24  0 2 {@L}G{@Y}M{^r}{@L}{@@}G
20   37.33224358 -079.96750880 230.24  0 2 {@L}G{@Y}N{^r}{@L}{@@}G
20   37.33316894 -079.96647070 323.37  0 2 {@L}G1{@R}24{@L}{@@}G1
20   37.32693313 -079.97594751 324.07  0 2 {@L}L{@R}06-24{@L}{@@}L{@Y}{^l}G{^r}
20   37.32951606 -079.97210759 324.07  0 2 {@L}M{@R}06-24{@L}{@@}M{@Y}{^l}G{^r}
20   37.33206015 -079.96821494 324.07  0 2 {@L}N{@R}06-24{@L}{@@}N{@Y}{^l}G{^r}
20   37.32721814 -079.97551956 324.07  0 2 {@R}06-24{@L}L{@L}{@@}L{@Y}{^l}G{^r}
20   37.32984348 -079.97164351 324.07  0 2 {@R}06-24{@L}M{@L}{@@}M{@Y}{^l}G{^r}
20   37.33239980 -079.96773003 324.07  0 2 {@R}06-24{@L}N{@L}{@@}N{@Y}{^l}G{^r}
20   37.32234594 -079.98203175 318.49  0 2 {@R}06{@L}E1{@L}{@@}E1{@Y}{^l}E
20   37.32661557 -079.97707157 234.39  0 2 {@R}15-33
20   37.33393927 -079.96531782 325.89  0 2 {@R}24{@L}G{@L}{@@}G
20   37.31953644 -079.97283686 235.46  0 2 {@R}33-15{@L}B{@Y}{@@}{^l}A{^r}
20   37.32127972 -079.97430124 235.46  0 2 {@R}33-15{@L}C{@Y}{@@}{^l}A{^r}
20   37.32310720 -079.97574855 235.46  0 2 {@R}33-15{@L}D{@Y}{@@}{^l}A{^r}
20   37.32438867 -079.97671544 235.46  0 2 {@R}33-15{@L}E{@Y}{@@}{^l}A{^r}
20   37.32555619 -079.97757953 235.46  0 2 {@R}33-15{@L}G{@Y}{@@}{^l}A{^r}_|_G{^u}
20   37.31593493 -079.97046812 149.05  0 2 {@Y}{^l}A
20   37.31656286 -079.97103862 151.08  0 2 {@Y}{^l}A1
20   37.31943599 -079.97330000 149.62  0 2 {@Y}{^l}B
20   37.32124128 -079.97470166 142.59  0 2 {@Y}{^l}C
20   37.32303812 -079.97615176 142.59  0 2 {@Y}{^l}D
20   37.32437405 -079.97720073 142.59  0 2 {@Y}{^l}E
20   37.32243551 -079.98319528 227.37  0 2 {@Y}{^l}E
20   37.32342809 -079.97722286 328.82  0 2 {@Y}{^l}E_|_{^l}RUNWAY_06
20   37.32301861 -079.98231681 227.37  0 2 {@Y}{^l}E1
20   37.32547108 -079.97802507 142.10  0 2 {@Y}{^l}G
20   37.32755389 -079.97569653 234.95  0 2 {@Y}{^l}L
20   37.33026233 -079.97167129 234.95  0 2 {@Y}{^l}M
20   37.33289103 -079.96781626 234.95  0 2 {@Y}{^l}N
20   37.32869889 -079.98044009 323.04  0 2 {@Y}A{^r}
20   37.32815797 -079.98011240 326.80  0 2 {@Y}A2{^r}
20   37.31895985 -079.97292100 326.31  0 2 {@Y}B{^r}
20   37.32067028 -079.97426051 326.31  0 2 {@Y}C{^r}
20   37.32250103 -079.97571913 326.31  0 2 {@Y}D{^r}
20   37.32366885 -079.97665107 326.31  0 2 {@Y}E{^r}
20   37.32411867 -079.97772855 158.00  0 2 {@Y}E{^r}_|_RUNWAY_06{^r}
20   37.32483168 -079.97754797 318.94  0 2 {@Y}G{^r}
20   37.33392335 -079.96623860  50.57  0 2 {@Y}G{^r}
20   37.33333376 -079.96712928  48.07  0 2 {@Y}G1{^r}
20   37.32716811 -079.97628952  47.91  0 2 {@Y}L{^r}
20   37.33230157 -079.96868753  47.91  0 2 {@Y}N{^r}
50 11865 ATIS
50 13495 ATIS
51 12295 UNICOM
52 11970 CLNC DEL
53 12190 GND
54 11830 TWR
55 11815 APP/DEP
55 12690 APP/DEP
