1      559 1 0 KROC GREATER ROCHESTER INTL
100   45.72   1   0 0.25 1 3 0 04   43.10687800 -077.68771100    0.00    0.00 3  2 1 0 22   43.12556700 -077.67198900    0.00    0.00 3  8 0 0
100   45.72   1   0 0.25 0 3 0 10   43.12281400 -077.67649700    0.00    0.00 2  0 0 1 28   43.12342500 -077.65591700    0.00    0.00 3  5 0 0
100   42.67   1   0 0.25 0 2 0 07   43.11616900 -077.67258900    0.00    0.00 2  0 0 1 25   43.12100800 -077.65914200    0.00    0.00 2  0 0 1
21   43.12295838 -077.67357858  1 211.56   3.00 22  VASI
21   43.11986246 -077.66111755  2 243.76   3.00 25  PAPI-4L
10   43.11866000 -077.66851800 xxx 110.00  3000 0.0 0.0   100 161161  2 0 0 0.25 0
10   43.11197700 -077.68261000 xxx 360.00   600 0.0 0.0   100 161161  2 0 0 0.25 0
10   43.11547900 -077.67961100 xxx 360.00   600 0.0 0.0   100 161161  2 0 0 0.25 0
10   43.12268800 -077.65608200 xxx 360.00  1200 0.0 0.0   100 161161  2 0 0 0.25 0
10   43.12191400 -077.66758700 xxx  87.64  1300 0.0 0.0   100 161161  2 0 0 0.25 0
10   43.12377900 -077.66557300 xxx 177.00  1350 0.0 0.0   100 161161  2 0 0 0.25 0
10   43.12728500 -077.66534400 xxx  87.64  1600 0.0 0.0   650 161161  2 0 0 0.25 0
10   43.12601100 -077.66638900 xxx  87.64  2200 0.0 0.0   300 161161  2 0 0 0.25 0
10   43.11946100 -077.66062200 xxx  63.65  2800 0.0 0.0   100 161161  2 0 0 0.25 0
10   43.11909100 -077.67473600 xxx  52.00  3300 0.0 0.0   100 161161  2 0 0 0.25 0
10   43.12561400 -077.66540500 xxx  87.64  3600 0.0 0.0   100 161161  2 0 0 0.25 0
10   43.12154000 -077.66993700 xxx 174.00  4100 0.0 0.0   100 161161  2 0 0 0.25 0
10   43.11217500 -077.68174700 xxx  31.36  4800 0.0 0.0   100 161161  2 0 0 0.25 0
10   43.12614100 -077.65927900 xxx 128.00  2300 0.0 0.0   100 161161  2 0 0 0.25 0
10   43.10897800 -077.68510400 xxx 119.00   300 0.0 0.0   100 161161  2 0 0 0.25 0
10   43.10668200 -077.68690500 xxx 119.00   380 0.0 0.0   100 161161  2 0 0 0.25 0
18   43.12455925 -077.66628887 1 BCN
19   43.10685027 -077.68872626 1 WS
19   43.11651580 -077.67340981 1 WS
19   43.12341389 -077.67709471 1 WS
19   43.12559459 -077.67097341 1 WS
19   43.12066111 -077.65832120 1 WS
19   43.12282501 -077.65531949 1 WS
50 12482 ATIS
51 12295 UNICOM
52 11880 CLNC DEL
52 11830 CLNC DEL
53 12170 GND
54 11830 TWR
55 11955 APP/DEP
55 12370 APP/DEP
55 12732 APP/DEP
