1     4858 0 1 KRXE REXBURG MADISON CO
100   22.86   1   0 0.25 0 2 0 17   43.83964700 -111.80421400   91.44    0.00 2  0 0 0 35   43.82819200 -111.80600600    0.00    0.00 2  0 0 1
21   43.83701009 -111.80424452  5 186.44   3.00 17  VASI-3L
21   43.83001120 -111.80610347  5   6.44   3.00 35  VASI-3L
110   1 0.30 186.44 Default taxiway for RWY 17
111  43.83965828 -111.80435261   3 102 
111  43.83971621 -111.80506426   3 102 
111  43.82826122 -111.80685644   3 102 
111  43.82820329 -111.80614492 
112  43.82840772 -111.80611294  43.82830577 -111.80613203   3 102 
111  43.82831961 -111.80630205   3 102 
112  43.82833806 -111.80652875  43.82835191 -111.80669877   3 102 
111  43.82845412 -111.80668278   3 102 
111  43.83392608 -111.80582665   3 102 
111  43.83387968 -111.80525677 
111  43.83398189 -111.80524078   3 102 
111  43.83402829 -111.80581066   3 102 
112  43.83950025 -111.80495454  43.83960247 -111.80493854   3 102 
111  43.83958862 -111.80476849   3 102 
112  43.83957017 -111.80454175  43.83955633 -111.80437170   3 102 
113  43.83945385 -111.80438460 
120 Default hold RWY 17 (near)
111  43.83968161 -111.80463913   4 
115  43.83957940 -111.80465512 
120 Default hold RWY 17 (centre)
111  43.83400522 -111.80552727   4 
115  43.83390301 -111.80554326 
120 Default hold RWY 17 (far)
111  43.82832884 -111.80641540   4 
115  43.82822662 -111.80643139 
18   43.83383976 -111.80412005 1 BCN
19   43.83981698 -111.80375877 1 WS
19   43.82802202 -111.80646113 1 WS
50 13507 ASOS
51 12280 CTAF/UNICOM
