1     2417 1 1 KRYN RYAN FLD
100   22.86   1   0 0.25 0 2 0 06R  32.14015000 -111.17930300    0.00    0.00 3  0 0 1 24L  32.14524200 -111.16257500    0.00    0.00 2  0 0 0
100   22.86   1   0 0.25 0 0 0 06L  32.14122200 -111.18249400    0.00    0.00 2  0 0 0 24R  32.14575800 -111.16759200    0.00    0.00 2  0 0 0
100   22.86   1   0 0.25 0 0 0 15   32.14536100 -111.18041900    0.00    0.00 2  0 0 0 33   32.13463100 -111.17759700    0.00    0.00 2  0 0 0
21   32.14437552 -111.16446605  1 250.23   3.00 24L VASI
110   1 0.30 167.45 Default taxiway for RWY 15
111  32.14533913 -111.18053499   3 
111  32.14522684 -111.18113048   3 
111  32.13449687 -111.17830807   3 
111  32.13460916 -111.17771264 
112  32.13480997 -111.17776546  32.13470907 -111.17774165   3 
111  32.13468224 -111.17788393   3 
112  32.13464646 -111.17807363  32.13461963 -111.17821591   3 
111  32.13472004 -111.17824232   3 
111  32.13983401 -111.17958750   3 
111  32.13992394 -111.17911061 
111  32.14002435 -111.17913702   3 
111  32.13993442 -111.17961391   3 
112  32.14504840 -111.18095908  32.14514880 -111.18098549   3 
111  32.14517563 -111.18084319   3 
112  32.14521141 -111.18065347  32.14523824 -111.18051117   3 
113  32.14513833 -111.18048217 
110   1 0.30  70.22 Default taxiway for RWY 06R
111  32.14005532 -111.17926279   3 102 
111  32.13956924 -111.17905637   3 102 
111  32.14466234 -111.16232928   3 102 
111  32.14514842 -111.16253572 
112  32.14507881 -111.16276435  32.14511150 -111.16264914   3 102 
111  32.14499534 -111.16259981   3 102 
112  32.14484047 -111.16253404  32.14472432 -111.16248471   3 102 
111  32.14468952 -111.16259902   3 102 
111  32.14222998 -111.17067678   3 102 
111  32.14261927 -111.17084210 
111  32.14258447 -111.17095641   3 102 
111  32.14219518 -111.17079109   3 102 
112  32.13973564 -111.17886885  32.13970084 -111.17898316   3 102 
111  32.13981699 -111.17903249   3 102 
112  32.13997186 -111.17909826  32.14008802 -111.17914758   3 102 
113  32.14012493 -111.17903417 
110   1 0.30  70.22 Default taxiway for RWY 06L
111  32.14112732 -111.18245379   3 
111  32.14064123 -111.18224738   3 
111  32.14517810 -111.16734610   3 
111  32.14566419 -111.16755253 
112  32.14559458 -111.16778116  32.14562728 -111.16766595   3 
111  32.14551112 -111.16761663   3 
112  32.14535625 -111.16755086  32.14524010 -111.16750153   3 
111  32.14520529 -111.16761584   3 
111  32.14302387 -111.17478068   3 
111  32.14341316 -111.17494600 
111  32.14337835 -111.17506032   3 
111  32.14298906 -111.17489500   3 
112  32.14080764 -111.18205985  32.14077283 -111.18217417   3 
111  32.14088898 -111.18222349   3 
112  32.14104385 -111.18228926  32.14116001 -111.18233859   3 
113  32.14119693 -111.18222516 
120 Default hold RWY 15 (near)
111  32.14529392 -111.18077474   4 
115  32.14519352 -111.18074833 
120 Default hold RWY 06R (near)
111  32.13985962 -111.17917968   4 
115  32.13989443 -111.17906537 
120 Default hold RWY 06L (near)
111  32.14093162 -111.18237069   4 
115  32.14096642 -111.18225638 
120 Default hold RWY 15 (centre)
111  32.13997914 -111.17937676   4 
115  32.13987873 -111.17935035 
120 Default hold RWY 06R (centre)
111  32.14238877 -111.17087330   4 
115  32.14242357 -111.17075899 
120 Default hold RWY 06L (centre)
111  32.14318265 -111.17497721   4 
115  32.14321746 -111.17486289 
120 Default hold RWY 15 (far)
111  32.13466435 -111.17797878   4 
115  32.13456395 -111.17795237 
120 Default hold RWY 06R (far)
111  32.14491791 -111.16256693   4 
115  32.14495272 -111.16245261 
120 Default hold RWY 06L (far)
111  32.14543369 -111.16758374   4 
115  32.14546849 -111.16746942 
19   32.14144148 -111.18284539 1 WS
19   32.14036948 -111.17965439 1 WS
19   32.14562858 -111.18011766 1 WS
19   32.14502247 -111.16222363 1 WS
19   32.14553847 -111.16724063 1 WS
19   32.13436341 -111.17789831 1 WS
50 13335 AWOS 3
51 12580 CTAF
53 11820 GND
54 12580 TWR
55 12850 TUCSON APP/DEP
