1       30 1 0 KSCK Stockton Metropolitan
100   45.72   1   0 0.25 0 3 1 11L  37.90234200 -121.25088900  301.75    0.00 3  0 0 0 29R  37.88450300 -121.22164200  304.80    0.00 3  8 0 0
100   60.96   3   0 0.25 0 2 0 05   37.90066787 -121.24633513    0.00    0.00 1  0 0 0 23   37.90433213 -121.23750487    0.00    0.00 1  0 0 0
100   60.96   3   0 0.25 0 2 0 16   37.90383496 -121.23933189    0.00    0.00 1  0 0 0 34   37.89633504 -121.23883211    0.00    0.00 1  0 0 0
21   37.89990069 -121.24604793  2 127.69   3.00 11L PAPI-4L
21   37.88792750 -121.22809032  2 307.71   3.00 29R PAPI-4L
10   37.89349700 -121.24466700 xxx 120.00  3600 0.0 0.0   600 161161  2 0 0 0.25 0
10   37.88952600 -121.23434400 xxx 120.00  3062 0.0 0.0   100 161161  1 0 0 0.25 0
10   37.88875200 -121.23896800 xxx   0.00  2000 0.0 0.0   500 161161  2 0 0 0.25 0
10   37.88555100 -121.22672300 xxx 127.79  2229 0.0 0.0   100 161161  1 0 0 0.25 0
10   37.88661200 -121.23650400 xxx  75.00  1600 0.0 0.0   300 161161  2 0 0 0.25 0
10   37.90074500 -121.24462900 xxx 127.70  1500 0.0 0.0   100 161161  2 0 0 0.25 0
10   37.90060400 -121.24788700 xxx  38.50  1178 0.0 0.0   100 161161  2 0 0 0.25 0
10   37.89799500 -121.24924500 xxx   3.50  1141 0.0 0.0   100 161161  2 0 0 0.25 0
10   37.90115400 -121.24138600 xxx  40.00   700 0.0 0.0   500 161161  2 0 0 0.25 0
10   37.89517600 -121.24400300 xxx  28.60   695 0.0 0.0   100 161161  2 0 0 0.25 0
10   37.88333500 -121.22313700 xxx 355.60   341 0.0 0.0   395 161161  2 0 0 0.25 0
10   37.88914500 -121.23116300 xxx  28.60   610 0.0 0.0   100 161161  2 0 0 0.25 0
10   37.89317700 -121.24029500 xxx  43.90   524 0.0 0.0   100 161161  2 0 0 0.25 0
10   37.88390700 -121.22244300 xxx  37.90   518 0.0 0.0   100 161161  2 0 0 0.25 0
10   37.88776400 -121.23172800 xxx  50.00   500 0.0 0.0   100 161161  2 0 0 0.25 0
10   37.88721500 -121.23308600 xxx  75.00   500 0.0 0.0   100 161161  2 0 0 0.25 0
10   37.89424100 -121.23903700 xxx  31.60   478 0.0 0.0   100 161161  2 0 0 0.25 0
10   37.89176900 -121.23774700 xxx  37.60   413 0.0 0.0   100 161161  2 0 0 0.25 0
10   37.89979600 -121.24219500 xxx  40.00   400 0.0 0.0   100 161161  2 0 0 0.25 0
14   37.89051100 -121.23973100   94 0 ATC Tower
15   37.90145900 -121.24099000 220.00 Hanger
18   37.89592700 -121.24655200 1 BCN
19   37.90226000 -121.24879500 1 WS
19   37.88922100 -121.22696700 1 WS
19   37.89635100 -121.24736000 1 WS
50 11825 ATIS
51 12030 CTAF
51 12295 UNICOM
53 12190 GND
54 12030 TWR
55 12385 NORCAL APP
55 12480 NORCAL APP
55 12510 NORCAL APP
56 12510 NORCAL DEP
