1      801 1 1 KSPA SPARTANBURG DOWNTOWN MEM
100   30.48   1   0 0.25 0 3 0 05   34.91038600 -081.96225000    0.00    0.00 2  8 0 0 23   34.92107800 -081.95073600    0.00    0.00 2  0 0 0
21   34.91193915 -081.96107901  1  41.44   3.00 05  VASI
21   34.91952496 -081.95190737  1 221.45   3.00 23  VASI
110   1 0.00  41.44 Default taxiway for RWY 05
111  34.91029671 -081.96212669   3 102 
111  34.90984135 -081.96149778   3 102 
111  34.92053389 -081.94998518   3 102 
111  34.92098925 -081.95061417 
112  34.92078363 -081.95083556  34.92088496 -081.95072280   3 102 
111  34.92077603 -081.95057234   3 102 
112  34.92063079 -081.95037172  34.92052186 -081.95022126   3 102 
111  34.92041905 -081.95033196   3 102 
111  34.91532981 -081.95581151   3 102 
111  34.91569439 -081.95631508 
111  34.91559158 -081.95642578   3 102 
111  34.91522700 -081.95592221   3 102 
112  34.91013775 -081.96140176  34.91003494 -081.96151246   3 102 
111  34.91014387 -081.96166290   3 102 
112  34.91028911 -081.96186349  34.91039804 -081.96201394   3 102 
113  34.91050233 -081.96190530 
130 Airport Boundary 8
111  34.90792514 -081.96568641 
111  34.90729595 -081.96491923 
111  34.90836284 -081.96415205 
111  34.90819871 -081.96321809 
111  34.90912882 -081.96188386 
111  34.90852698 -081.96091654 
111  34.90973066 -081.95888185 
111  34.90918353 -081.95798124 
111  34.90828077 -081.95784782 
111  34.90847227 -081.95514601 
111  34.91320491 -081.95628010 
111  34.91594054 -081.95401191 
111  34.91555755 -081.95197722 
111  34.91963365 -081.95064299 
111  34.92187686 -081.94814131 
111  34.92332675 -081.94974238 
111  34.92335410 -081.95054292 
111  34.92130238 -081.95344487 
111  34.92272491 -081.95738084 
111  34.92283433 -081.95931547 
111  34.92209571 -081.96505265 
111  34.92231456 -081.96600599 
111  34.92124767 -081.96663975 
111  34.92168537 -081.96904136 
111  34.91938744 -081.96977519 
111  34.91771870 -081.96096928 
111  34.91484629 -081.96013539 
113  34.91104376 -081.96430485 
120 Default hold RWY 05 (near)
111  34.91011368 -081.96187389   4 
115  34.91021649 -081.96176320 
120 Default hold RWY 05 (centre)
111  34.91540855 -081.95617296   4 
115  34.91551136 -081.95606226 
120 Default hold RWY 05 (far)
111  34.92070341 -081.95047203   4 
115  34.92080622 -081.95036134 
18   34.91636754 -081.95737157 1 BCN
19   34.91045270 -081.96284750 1 WS
19   34.92101124 -081.95013843 1 WS
50 13392 AWOS 3
51 12300 CTAF/UNICOM
52 12055 CLNC DEL
55 11940 GREER APP/DEP
