1      332 0 1 KSTF GEORGE M BRYAN
100   45.72   1   0 0.25 0 3 0 18   33.44074700 -088.84883300  420.62    0.00 2  0 0 0 36   33.42550000 -088.84837500    0.00    0.00 2  0 0 0
21   33.43517371 -088.84818164  2 178.56   3.00 18  PAPI-4L
21   33.42728917 -088.84891261  2 358.56   3.00 36  PAPI-4L
110   1 0.30 178.56 Default taxiway for RWY 18
111  33.44074190 -088.84907676   3 102 
111  33.44071606 -088.85031175   3 102 
111  33.42546906 -088.84985341   3 102 
111  33.42549490 -088.84861864 
112  33.42590622 -088.84863100  33.42570050 -088.84862752   3 102 
111  33.42569432 -088.84892322   3 102 
112  33.42568607 -088.84931748  33.42567988 -088.84961318   3 102 
111  33.42588554 -088.84961936   3 102 
111  33.43299489 -088.84983305   3 102 
111  33.43301557 -088.84884461 
111  33.43322123 -088.84885079   3 102 
111  33.43320055 -088.84983924   3 102 
112  33.44030990 -088.85005293  33.44051556 -088.85005911   3 102 
111  33.44052175 -088.84976336   3 102 
112  33.44053000 -088.84936903  33.44053618 -088.84907328   3 102 
113  33.44033058 -088.84906440 
120 Default hold RWY 18 (near)
111  33.44073153 -088.84957238   4 
115  33.44052587 -088.84956619 
120 Default hold RWY 18 (centre)
111  33.43321086 -088.84934636   4 
115  33.43300520 -088.84934018 
120 Default hold RWY 18 (far)
111  33.42569019 -088.84912035   4 
115  33.42548453 -088.84911417 
18   33.43316000 -088.84687891 1 BCN
19   33.44117379 -088.84810598 1 WS
19   33.42507321 -088.84910189 1 WS
50 11897 AWOS 3
51 12270 CTAF/UNICOM
52 12625 COLUMBUS CLNC DEL
55 13560 COLUMBUS APP/DEP
