1       34 1 0 KTIX Space Coast Rgnl
100   45.72   1   0 0.25 0 3 1 18   28.52461900 -080.79690300   97.23   45.72 3  0 0 1 36   28.50448900 -080.79655300    0.00   45.72 3  8 0 1
100   30.48   1   0 0.25 0 2 1 09   28.51505300 -080.81066900    0.00    0.00 2  0 0 1 27   28.51526400 -080.79510600    0.00   45.72 2  0 0 1
21   28.51541597 -080.80862682  2  89.11   3.00 09  PAPI-4L
21   28.52195062 -080.79639707  2 179.13   3.00 18  PAPI-4L
21   28.51490126 -080.79714823  2 269.12   3.00 27  PAPI-4L
21   28.50750748 -080.79706493  2 359.13   3.00 36  PAPI-4L
10   28.51340900 -080.79519700 xxx   0.00  6300 0.0 0.0   100 161161  2 0 0 0.25 0
10   28.51422100 -080.80270400 xxx  89.12  5000 0.0 0.0   100 161161  2 0 0 0.25 0
10   28.51170900 -080.80003400 xxx 130.00  4000 0.0 0.0   100 161161  2 0 0 0.25 0
10   28.51014500 -080.79920200 xxx  40.00  4000 0.0 0.0   100 161161  2 0 0 0.25 0
10   28.51065400 -080.80145300 xxx 130.00  4000 0.0 0.0   100 161161  2 0 0 0.25 0
10   28.51005700 -080.80170400 xxx  40.00  3500 0.0 0.0   100 161161  2 0 0 0.25 0
10   28.51124800 -080.79447900 xxx   0.00  2300 0.0 0.0   400 101101  2 0 0 0.25 0
10   28.50715400 -080.79292300 xxx   0.00  1000 0.0 0.0  1000 101101  2 0 0 0.25 0
10   28.51900300 -080.79275500 xxx   0.00  1000 0.0 0.0   500 101101  2 0 0 0.25 0
10   28.51897400 -080.79425000 xxx 120.00   700 0.0 0.0   100 161161  2 0 0 0.25 0
10   28.50699800 -080.80149800 xxx  40.00   400 0.0 0.0   300 101101  2 0 0 0.25 0
10   28.52263100 -080.79608200 xxx  90.00   400 0.0 0.0   100 161161  2 0 0 0.25 0
10   28.50451300 -080.79587600 xxx  90.00   400 0.0 0.0   100 161161  2 0 0 0.25 0
10   28.51479000 -080.81079100 xxx   0.00   300 0.0 0.0   100 161161  2 0 0 0.25 0
10   28.52233300 -080.79533400 xxx 150.00   300 0.0 0.0   100 161161  2 0 0 0.25 0
10   28.51827800 -080.79618100 xxx  90.00   300 0.0 0.0   100 161161  2 0 0 0.25 0
10   28.51436400 -080.81058500 xxx 140.00   270 0.0 0.0   100 161161  2 0 0 0.25 0
10   28.51816400 -080.79555500 xxx 120.00   250 0.0 0.0   100 161161  2 0 0 0.25 0
10   28.50467700 -080.79525000 xxx  28.00   230 0.0 0.0   100 161161  2 0 0 0.25 0
14   28.51184300 -080.79393000    0 0 ATC Tower
15   28.51879300 -080.79263300 270.00 ramp
18   28.51456800 -080.79579200 1 BCN
19   28.52463200 -080.79596700 0 WS
19   28.50447700 -080.79748500 0 WS
19   28.51560200 -080.81067700 0 WS
19   28.51471500 -080.79509700 0 WS
50 12062 ATIS
51 11890 CTAF
51 12295 UNICOM
53 12185 GND
54 11890 TWR
55 13495 ORLANDO APP/DEP
55 13494 DAYTONA APP/DEP
