1      526 0 1 KUKT QUAKERTOWN
100   15.24   1   0 0.25 0 2 0 11   40.43587500 -075.38760600    0.00    0.00 2  0 0 0 29   40.43452200 -075.37624400    0.00    0.00 2  0 0 0
21   40.43583359 -075.38522106  1  98.89   3.00 11  VASI
21   40.43456364 -075.37862888  1 278.90   3.00 29  VASI
110   1 0.30  98.89 Default taxiway for RWY 11
111  40.43580947 -075.38761946   3 102 
111  40.43546849 -075.38768952   3 102 
111  40.43411605 -075.37632729   3 102 
111  40.43445703 -075.37625723 
112  40.43447822 -075.37643526  40.43446540 -075.37634670   3 102 
111  40.43438410 -075.37636340   3 102 
112  40.43427570 -075.37638568  40.43419439 -075.37640238   3 102 
111  40.43420499 -075.37649140   3 102 
111  40.43485472 -075.38194998   3 102 
111  40.43512795 -075.38189384 
111  40.43513855 -075.38198285   3 102 
111  40.43486532 -075.38203899   3 102 
112  40.43551505 -075.38749757  40.43552564 -075.38758659   3 102 
111  40.43560695 -075.38756989   3 102 
112  40.43571535 -075.38754761  40.43579665 -075.38753091   3 102 
113  40.43578828 -075.38744143 
120 Default hold RWY 11 (near)
111  40.43567175 -075.38764776   4 
115  40.43566115 -075.38755875 
120 Default hold RWY 11 (centre)
111  40.43500083 -075.38201115   4 
115  40.43499023 -075.38192214 
120 Default hold RWY 11 (far)
111  40.43432990 -075.37637454   4 
115  40.43431931 -075.37628553 
18   40.43567328 -075.38182950 1 BCN
19   40.43609944 -075.38774227 1 WS
19   40.43429754 -075.37610777 1 WS
50 11947 AWOS 3
51 12272 CTAF/UNICOM
52 11855 CLNC DEL
55 12380 PHILADELPHIA APP/DEP
