1      577 0 1 KVSF HARTNESS STATE
100   30.48   1   0 0.25 0 2 0 05   43.33891700 -072.52126400    0.00    0.00 2  0 0 1 23   43.35132500 -072.50951700    0.00    0.00 2  0 0 0
100   22.86   1   0 0.25 0 2 0 11   43.34173600 -072.52634200    0.00    0.00 2  0 0 0 29   43.34048600 -072.51519200    0.00    0.00 2  0 0 0
21   43.34057426 -072.52020977  1  34.54   3.00 05  VASI
110   1 0.00  34.54 Default taxiway for RWY 05
111  43.33884051 -072.52111122   3 102 
111  43.33845040 -072.52033204   3 102 
111  43.35085900 -072.50858725   3 102 
111  43.35124911 -072.50936659 
112  43.35102317 -072.50958044  43.35113486 -072.50947097   3 102 
111  43.35104154 -072.50928454   3 102 
112  43.35091712 -072.50903597  43.35082380 -072.50884954   3 102 
111  43.35071083 -072.50895646   3 102 
111  43.34478896 -072.51456153   3 102 
111  43.34510130 -072.51518545 
111  43.34498833 -072.51529237   3 102 
111  43.34467599 -072.51466845   3 102 
112  43.33875411 -072.52027352  43.33864114 -072.52038045   3 102 
111  43.33873446 -072.52056684   3 102 
112  43.33885888 -072.52081536  43.33895220 -072.52100175   3 102 
113  43.33906645 -072.52089737 
110   1 0.00  98.76 Default taxiway for RWY 11
111  43.34163656 -072.52636307   3 102 
111  43.34112603 -072.52647123   3 102 
111  43.33987657 -072.51532099   3 102 
111  43.34038710 -072.51521284 
112  43.34041843 -072.51549241  43.34040055 -072.51535310   3 102 
111  43.34027855 -072.51537894   3 102 
112  43.34011589 -072.51541340  43.33999390 -072.51543925   3 102 
111  43.34000956 -072.51557903   3 102 
111  43.34059513 -072.52080468   3 102 
111  43.34100400 -072.52071806 
111  43.34101966 -072.52085785   3 102 
111  43.34061079 -072.52094447   3 102 
112  43.34119636 -072.52617012  43.34121203 -072.52630990   3 102 
111  43.34133402 -072.52628405   3 102 
112  43.34149668 -072.52624959  43.34161868 -072.52622375   3 102 
113  43.34160523 -072.52608350 
130 Airport Boundary 8
111  43.34009065 -072.52208087 
111  43.33708019 -072.52276223 
111  43.33658456 -072.52170234 
111  43.33987037 -072.51915357 
111  43.34010900 -072.51620103 
111  43.33930132 -072.51064924 
111  43.34043942 -072.51062401 
111  43.34128381 -072.51562061 
111  43.34262384 -072.51668050 
111  43.34353332 -072.51583525 
111  43.34475915 -072.51362681 
111  43.34556683 -072.51317253 
111  43.34606245 -072.51180971 
111  43.34536491 -072.51130496 
111  43.34765947 -072.50724174 
111  43.34945840 -072.50868027 
111  43.35122245 -072.50701360 
111  43.35203013 -072.50702141 
111  43.35230548 -072.50760194 
111  43.35278275 -072.50729905 
111  43.35415948 -072.50742525 
111  43.35428798 -072.50813198 
111  43.34416142 -072.51816913 
111  43.34407365 -072.52113431 
111  43.34441217 -072.52161702 
111  43.34464373 -072.52861126 
111  43.34370755 -072.52820742 
111  43.34349967 -072.52828256 
111  43.34291226 -072.52876208 
111  43.34261856 -072.52924160 
111  43.34118675 -072.52835827 
111  43.34045249 -072.52717209 
111  43.34032400 -072.52649067 
113  43.34072784 -072.52568306 
120 Default hold RWY 05 (near)
111  43.33868370 -072.52079802   4 
115  43.33879667 -072.52069110 
120 Default hold RWY 11 (near)
111  43.34143101 -072.52640661   4 
115  43.34141535 -072.52626682 
120 Default hold RWY 05 (centre)
111  43.34483152 -072.51497913   4 
115  43.34494449 -072.51487221 
120 Default hold RWY 11 (centre)
111  43.34081411 -072.52090139   4 
115  43.34079845 -072.52076160 
120 Default hold RWY 05 (far)
111  43.35097933 -072.50916026   4 
115  43.35109230 -072.50905333 
120 Default hold RWY 11 (far)
111  43.34019722 -072.51539617   4 
115  43.34018155 -072.51525638 
18   43.34182181 -072.52061874 1 BCN
19   43.33892436 -072.52194383 1 WS
19   43.34207096 -072.52655724 1 WS
19   43.35131757 -072.50883703 1 WS
19   43.34015103 -072.51497682 1 WS
50 12142 ASOS
51 12280 CTAF/UNICOM
