1      131 1 1 KWRI MC GUIRE AFB
100   60.96   1   0 0.25 1 3 0 06   40.00451700 -074.59727200    0.00  304.80 3  5 1 0 24   40.02366700 -074.57169200    0.00  304.80 3  7 0 0
100   45.72   1   0 0.25 0 3 0 18   40.02756400 -074.60283100    0.00    0.00 2  0 0 1 36   40.00816400 -074.59963100    0.00    0.00 2  0 0 1
21   40.00761027 -074.59402381  2  45.65   3.00 06  PAPI-4L
21   40.02582894 -074.60201333  2 172.80   3.00 18  PAPI-4L
21   40.02126434 -074.57402036  2 225.66   3.00 24  PAPI-4L
21   40.00989908 -074.60044838  2 352.80   3.00 36  PAPI-4L
110   1 0.30  45.65 Default taxiway for RWY 06
111  40.00432248 -074.59702371   3 102 
111  40.00334024 -074.59576992   3 102 
111  40.02249305 -074.57019668   3 102 
111  40.02347529 -074.57145082 
112  40.02309176 -074.57196290  40.02328192 -074.57170480   3 102 
111  40.02304657 -074.57140430   3 102 
112  40.02273277 -074.57100364  40.02249741 -074.57070314   3 102 
111  40.02230564 -074.57095918   3 102 
111  40.01320865 -074.58310566   3 102 
111  40.01399477 -074.58410924 
111  40.01380300 -074.58436528   3 102 
111  40.01301688 -074.58336170   3 102 
112  40.00391989 -074.59550817  40.00372812 -074.59576422   3 102 
111  40.00396348 -074.59606464   3 102 
112  40.00427728 -074.59646520  40.00451263 -074.59676561   3 102 
113  40.00470601 -074.59651162 
110   1 0.30 172.80 Default taxiway for RWY 18
111  40.02753850 -074.60309463   3 102 
111  40.02740928 -074.60443026   3 102 
111  40.00800932 -074.60122889   3 102 
111  40.00813854 -074.59989364 
112  40.00854675 -074.59996099  40.00834236 -074.59993024   3 102 
111  40.00831142 -074.60025000   3 102 
112  40.00827016 -074.60067635  40.00823922 -074.60099611   3 102 
111  40.00844332 -074.60102978   3 102 
111  40.01763304 -074.60254623   3 102 
111  40.01773647 -074.60147730 
111  40.01794057 -074.60151097   3 102 
111  40.01783714 -074.60257991   3 102 
112  40.02702687 -074.60409635  40.02723097 -074.60413003   3 102 
111  40.02726191 -074.60381018   3 102 
112  40.02730317 -074.60338371  40.02733411 -074.60306386   3 102 
113  40.02713030 -074.60302728 
120 Default hold RWY 06 (near)
111  40.00392862 -074.59652096   4 
115  40.00412038 -074.59626492 
120 Default hold RWY 18 (near)
111  40.02748664 -074.60363063   4 
115  40.02728254 -074.60359695 
120 Default hold RWY 06 (centre)
111  40.01340914 -074.58386247   4 
115  40.01360091 -074.58360642 
120 Default hold RWY 18 (centre)
111  40.01788871 -074.60204690   4 
115  40.01768461 -074.60201322 
120 Default hold RWY 06 (far)
111  40.02288967 -074.57120397   4 
115  40.02308143 -074.57094793 
120 Default hold RWY 18 (far)
111  40.00829079 -074.60046317   4 
115  40.00808668 -074.60042949 
18   40.01804563 -074.59936520 4 BCN
19   40.00472185 -074.59853513 1 WS
19   40.02804956 -074.60209872 1 WS
19   40.02346187 -074.57042860 1 WS
19   40.00767846 -074.60036309 1 WS
52 13520 CLNC DEL
53 12180 GND
54 11865 TWR
55 12415 APP/DEP
