1     1287 1 0 KXNA Northwest Arkansas Rgnl
100   46.02   2   0 0.00 0 3 0 16   36.29320300 -094.31198300    0.00   60.96 3  8 0 0 34   36.27052800 -094.30164200    0.00   60.96 3  8 0 0
21   36.29119884 -094.31050849  2 159.81   3.00 16  PAPI-4L
21   36.27246109 -094.30308088  2 339.82   3.00 34  PAPI-4L
110   2 0.00 159.80 Taxiway 1
111  36.29273295 -094.31151659 
111  36.29277735 -094.31152111  53 102 
112  36.29312407 -094.31124007  36.29319283 -094.31095512 
111  36.29312407 -094.31124007  53 102 
111  36.29337814 -094.31041359 
112  36.29337814 -094.31041359  36.29341245 -094.31014164  53 102 
111  36.29320218 -094.31005703  53 102 
111  36.29229705 -094.30963001  53 102 
111  36.29184727 -094.30933664  53 102 
111  36.29026362 -094.30863807 
112  36.29026362 -094.30863807  36.29002233 -094.30854516  53 102 
111  36.28989997 -094.30881271  53 102 
111  36.28964189 -094.30967557 
112  36.28964189 -094.30967557  36.28958698 -094.30995841  53 102 
111  36.28976721 -094.31014743 
111  36.28981199 -094.31018494 
111  36.28897727 -094.30980895 
111  36.28904508 -094.30981669  53 102 
112  36.28935852 -094.30956155  36.28945005 -094.30933446 
111  36.28935852 -094.30956155  53 102 
111  36.28961467 -094.30870452 
112  36.28961467 -094.30870452  36.28964878 -094.30845969  53 102 
111  36.28951331 -094.30837104  53 102 
111  36.28882145 -094.30795008  53 102 
111  36.28346127 -094.30550731  53 102 
111  36.28278704 -094.30529411 
112  36.28278704 -094.30529411  36.28253512 -094.30523427  53 102 
111  36.28246094 -094.30547997  53 102 
111  36.28221416 -094.30631881 
112  36.28221416 -094.30631881  36.28218920 -094.30655001  53 102 
111  36.28236081 -094.30676879 
111  36.28241247 -094.30681081 
111  36.28149725 -094.30639188 
111  36.28155181 -094.30640209  53 102 
112  36.28190988 -094.30611855  36.28201971 -094.30587496 
111  36.28190988 -094.30611855  53 102 
111  36.28214459 -094.30528254 
112  36.28214459 -094.30528254  36.28216789 -094.30505959  53 102 
111  36.28204444 -094.30497443  53 102 
111  36.28134737 -094.30454705  53 102 
111  36.27678198 -094.30245560  53 102 
111  36.27606488 -094.30223199 
112  36.27606488 -094.30223199  36.27588000 -094.30219815  53 102 
111  36.27578044 -094.30242081  53 102 
111  36.27554408 -094.30325186 
112  36.27554408 -094.30325186  36.27548971 -094.30350912  53 102 
111  36.27566383 -094.30372159 
111  36.27571234 -094.30376369 
111  36.27481401 -094.30335522 
111  36.27489980 -094.30336357  53 102 
112  36.27525188 -094.30313149  36.27534652 -094.30289672 
111  36.27525188 -094.30313149  53 102 
111  36.27552709 -094.30225350 
112  36.27552709 -094.30225350  36.27552709 -094.30190134  53 102 
111  36.27530882 -094.30178424  53 102 
111  36.27297559 -094.30072840  53 102 
111  36.27231350 -094.30052987  53 102 
111  36.27152046 -094.30015989 
112  36.27152046 -094.30015989  36.27131709 -094.30012242  53 102 
111  36.27121488 -094.30032232  53 102 
111  36.27097478 -094.30122473 
112  36.27097478 -094.30122473  36.27095062 -094.30144950  53 102 
111  36.27112443 -094.30164031 
111  36.27116912 -094.30168091 
111  36.27058856 -094.30144977 
111  36.27060680 -094.30140824  53 102 
111  36.27113826 -094.29962598  53 102 
111  36.27474212 -094.30127298  53 102 
111  36.27546905 -094.30149203  53 102 
112  36.27572368 -094.30132393  36.27579024 -094.30115260 
111  36.27572368 -094.30132393  53 102 
111  36.27602759 -094.30058527  53 102 
111  36.27620419 -094.29999944  53 106 
111  36.27615490 -094.29998416  53 102 
111  36.27620829 -094.29978548  53 
111  36.27616946 -094.29977746  53 102 
111  36.27617544 -094.29970398  53 102 
111  36.27603406 -094.29963775  53 
111  36.27605223 -094.29957662  53 102 
111  36.27516924 -094.29916909 102 
111  36.27535720 -094.29852480 
111  36.27530285 -094.29850121 102 
111  36.27546182 -094.29792801 
111  36.27590609 -094.29637936 102 
111  36.27635202 -094.29488958  53 102 
111  36.27831718 -094.29577855  53 102 
111  36.27763552 -094.29806568 
111  36.27707639 -094.30001306  53 102 
111  36.27681483 -094.30090014  53 102 
111  36.27662942 -094.30176187 
112  36.27662942 -094.30176187  36.27661366 -094.30201489  53 102 
111  36.27677510 -094.30210685  53 102 
111  36.27713598 -094.30225059  53 
111  36.27713267 -094.30228755  53 102 
111  36.27744058 -094.30241487  53 
111  36.27742071 -094.30248468  53 102 
111  36.28140711 -094.30430423  53 102 
111  36.28214392 -094.30453874  53 102 
112  36.28242507 -094.30432828  36.28248730 -094.30408985 
111  36.28242507 -094.30432828 
112  36.28242507 -094.30432828  36.28250561 -094.30409894  53 102 
111  36.28234880 -094.30393234  53 102 
111  36.28035042 -094.30302698 106 
111  36.28050877 -094.30255712 
111  36.28070899 -094.30263666 
111  36.28075439 -094.30275735 
111  36.28120839 -094.30254414 
111  36.28135756 -094.30200912 
111  36.28153843 -094.30208012 
111  36.28182640 -094.30107257 
111  36.28185193 -094.30108380 
111  36.28201587 -094.30051246  53 106 
111  36.28295210 -094.30093729 
111  36.28249630 -094.30252482 
111  36.28427386 -094.30332525 
111  36.28453712 -094.30346202 
111  36.28455409 -094.30342301 
111  36.28525326 -094.30373559 
111  36.28524029 -094.30377984 102 
111  36.28555160 -094.30392064 102 
111  36.28577946 -094.30312745 
111  36.28594160 -094.30259642 
111  36.28607131 -094.30222228  53 106 
111  36.28722576 -094.30274125  53 102 
111  36.28649612 -094.30516943  53 
111  36.28654502 -094.30518944  53 102 
111  36.28641483 -094.30566885  53 102 
111  36.28628152 -094.30611102 
112  36.28628152 -094.30611102  36.28624991 -094.30638972  53 102 
111  36.28639883 -094.30645500  53 102 
111  36.28702803 -094.30684527  53 102 
111  36.29378839 -094.30993417  53 102 
111  36.29326051 -094.31173572 
113  36.29325432 -094.31177584 
111  36.27678041 -094.30006133  53 106 
111  36.27650736 -094.29993713  53 102 
111  36.27645216 -094.30011342  53 106 
111  36.27639257 -094.30008133  53 102 
111  36.27622311 -094.30065584  53 102 
111  36.27605912 -094.30152372  53 102 
112  36.27613018 -094.30174747  36.27620167 -094.30178793 
111  36.27613018 -094.30174747 
112  36.27613018 -094.30174747  36.27620855 -094.30177769  53 102 
111  36.27630311 -094.30163220  53 102 
111  36.27665495 -094.30075077  53 102 
111  36.27677521 -094.30027615  53 106 
113  36.27672601 -094.30024903  53 102 
112  36.28597055 -094.30595106  36.28603025 -094.30574719 
111  36.28597055 -094.30595106 
112  36.28597055 -094.30595106  36.28605643 -094.30568474  53 102 
111  36.28588619 -094.30552651  53 102 
111  36.28303786 -094.30425110  53 102 
112  36.28276592 -094.30444954  36.28268135 -094.30470931 
111  36.28276592 -094.30444954 
112  36.28276592 -094.30444954  36.28268135 -094.30472430  53 102 
111  36.28284057 -094.30483980  53 102 
111  36.28351243 -094.30527636  53 102 
111  36.28497263 -094.30593603  53 102 
113  36.28571461 -094.30615611  53 102 
111  36.27589553 -094.29781815 
112  36.27608880 -094.29744406  36.27615039 -094.29721750 
111  36.27613553 -094.29697777 
111  36.27594013 -094.29699884 
111  36.27588491 -094.29720433 
111  36.27569801 -094.29713320 
111  36.27561731 -094.29741508 
111  36.27579571 -094.29749675 
113  36.27572987 -094.29765482 
110   2 0.00 159.80 Taxiway 2
111  36.27897538 -094.30019014  53 102 
111  36.27899695 -094.30011814  53 102 
111  36.27896915 -094.30010090  53 102 
112  36.27879988 -094.29948355  36.27840518 -094.29934755 
111  36.27879988 -094.29948355  53 102 
111  36.27868414 -094.29950595  53 102 
111  36.27816885 -094.29926564  53 102 
111  36.27811414 -094.29916968  53 102 
111  36.27782369 -094.29901899  53 
111  36.27781523 -094.29904334  53 102 
111  36.27775267 -094.29900585 
112  36.27775267 -094.29900585  36.27754471 -094.29891781  53 102 
111  36.27746464 -094.29906809  53 102 
111  36.27707639 -094.30001306 
111  36.27763552 -094.29806568  53 102 
111  36.27774572 -094.29810913  53 102 
111  36.27770401 -094.29824708 
112  36.27770401 -094.29824708  36.27765309 -094.29856955  53 102 
111  36.27794035 -094.29861650  53 
111  36.27793156 -094.29864905  53 102 
111  36.27821145 -094.29876443  53 102 
111  36.27835048 -094.29875580  53 102 
111  36.27884402 -094.29898861  53 102 
111  36.27891354 -094.29908906 
112  36.27891354 -094.29908906  36.27924732 -094.29926737  53 102 
111  36.27930976 -094.29892825  53 102 
111  36.27935842 -094.29894550  53 102 
111  36.27943488 -094.29865234  53 102 
111  36.28040112 -094.29907483  53 106 
113  36.27992843 -094.30062686  53 102 
110   1 0.00 159.80 Shoulder 1
111  36.29312407 -094.31124007 
112  36.29312407 -094.31124007  36.29306397 -094.31157308 
111  36.29273295 -094.31151659 
111  36.28981199 -094.31018494 
112  36.28964189 -094.30967557  36.28973003 -094.30936246 
111  36.28964189 -094.30967557 
111  36.28989997 -094.30881271 
112  36.29026362 -094.30863807  36.29051601 -094.30876729 
111  36.29026362 -094.30863807 
111  36.29184727 -094.30933664 
111  36.29229705 -094.30963001 
111  36.29320218 -094.31005703 
112  36.29320218 -094.31005703  36.29342652 -094.31011668 
113  36.29337814 -094.31041359 
111  36.29273805 -094.31142090 
112  36.29306352 -094.31121524  36.29314063 -094.31096835 
111  36.29306352 -094.31121524 
111  36.29331093 -094.31040198 
112  36.29331093 -094.31040198  36.29334327 -094.31017361 
111  36.29318067 -094.31012742 
111  36.29228135 -094.30971113 
111  36.29181664 -094.30941789 
111  36.29024115 -094.30871282 
112  36.29024115 -094.30871282  36.29004215 -094.30865418 
111  36.28996320 -094.30885627 
111  36.28971289 -094.30970187 
112  36.28971289 -094.30970187  36.28965070 -094.30996727 
113  36.28986305 -094.31010376 
110   1 0.00 159.80 Shoulder 2
111  36.28935852 -094.30956155 
112  36.28935852 -094.30956155  36.28926549 -094.30985688 
111  36.28897727 -094.30980895 
111  36.28241247 -094.30681081 
112  36.28221416 -094.30631881  36.28226556 -094.30602553 
111  36.28221416 -094.30631881 
111  36.28246094 -094.30547997 
112  36.28278704 -094.30529411  36.28303785 -094.30539867 
111  36.28278704 -094.30529411 
111  36.28346127 -094.30550731 
111  36.28882145 -094.30795008 
111  36.28951331 -094.30837104 
112  36.28951331 -094.30837104  36.28967777 -094.30848071 
113  36.28961467 -094.30870452 
111  36.28955134 -094.30866670 
112  36.28948216 -094.30844256  36.28937937 -094.30836860 
111  36.28948216 -094.30844256 
111  36.28878619 -094.30801756 
111  36.28342906 -094.30558121 
111  36.28278361 -094.30538368 
112  36.28278361 -094.30538368  36.28256776 -094.30529697 
111  36.28253023 -094.30551944 
111  36.28228786 -094.30633541 
112  36.28228786 -094.30633541  36.28225496 -094.30661338 
111  36.28246927 -094.30671771 
111  36.28895586 -094.30969842 
112  36.28928064 -094.30954206  36.28934083 -094.30933499 
113  36.28928064 -094.30954206 
110   1 0.00 159.80 Shoulder 3
111  36.28571461 -094.30615611 
111  36.28497263 -094.30593603 
111  36.28351243 -094.30527636 
111  36.28284057 -094.30483980 
112  36.28276592 -094.30444954  36.28286542 -094.30415218 
111  36.28303786 -094.30425110 
111  36.28588619 -094.30552651 
112  36.28597055 -094.30595106  36.28586427 -094.30623720 
111  36.28597055 -094.30595106 
114  36.28597055 -094.30595106  36.28590271 -094.30618109 
111  36.28354246 -094.30518231 
111  36.28500158 -094.30584693 
111  36.28570890 -094.30606349 
112  36.28587143 -094.30598882  36.28592002 -094.30587753 
111  36.28587143 -094.30598882 
111  36.28592561 -094.30584693 
112  36.28589425 -094.30575924  36.28585126 -094.30575229 
111  36.28589425 -094.30575924 
111  36.28286825 -094.30439261 
111  36.28282611 -094.30451209 
112  36.28282611 -094.30451209  36.28277472 -094.30468806 
113  36.28289233 -094.30478092 
111  36.28591933 -094.30571804 
112  36.28584458 -094.30559748  36.28577999 -094.30557135 
111  36.28584458 -094.30559748 
111  36.28304922 -094.30433668 
112  36.28304922 -094.30433668  36.28296799 -094.30430645 
113  36.28291118 -094.30434276 
110   1 0.00 159.80 Shoulder 4
111  36.28190988 -094.30611855 
112  36.28190988 -094.30611855  36.28178014 -094.30644427 
111  36.28149725 -094.30639188 
111  36.27571234 -094.30376369 
112  36.27554408 -094.30325186  36.27563906 -094.30295454 
111  36.27554408 -094.30325186 
111  36.27578044 -094.30242081 
112  36.27606488 -094.30223199  36.27626162 -094.30228248 
111  36.27606488 -094.30223199 
111  36.27678198 -094.30245560 
111  36.28134737 -094.30454705 
111  36.28204444 -094.30497443 
112  36.28204444 -094.30497443  36.28220043 -094.30506448 
113  36.28214459 -094.30528254 
111  36.28207711 -094.30523871 
112  36.28202040 -094.30504987  36.28193545 -094.30498473 
111  36.28202040 -094.30504987 
111  36.28132639 -094.30462746 
111  36.27675253 -094.30254503 
111  36.27603543 -094.30232141 
112  36.27603543 -094.30232141  36.27592915 -094.30228214 
111  36.27586039 -094.30242080 
111  36.27559877 -094.30328663 
112  36.27559877 -094.30328663  36.27556937 -094.30354469 
111  36.27574299 -094.30364939 
111  36.28151901 -094.30628333 
112  36.28181980 -094.30611742  36.28188622 -094.30591049 
113  36.28181980 -094.30611742 
110   1 0.00 159.80 Shoulder 5
111  36.27630311 -094.30163220 
112  36.27613018 -094.30174747  36.27603311 -094.30171042 
111  36.27613018 -094.30174747 
112  36.27613018 -094.30174747  36.27604431 -094.30170116 
111  36.27605912 -094.30152372 
111  36.27622311 -094.30065584 
111  36.27639257 -094.30008133 
111  36.27645216 -094.30011342 
111  36.27650736 -094.29993713 
111  36.27678041 -094.30006133 
111  36.27672601 -094.30024903 
111  36.27677521 -094.30027615 
113  36.27665495 -094.30075077 
111  36.27658155 -094.30070596 
111  36.27669729 -094.30025211 
112  36.27663756 -094.30004372  36.27652555 -094.29999740 
111  36.27646581 -094.30015486 
111  36.27628660 -094.30067817 
111  36.27617460 -094.30127558 
113  36.27632826 -094.30134089 
110   1 0.00 159.80 Shoulder 6
111  36.27525188 -094.30313149 
112  36.27525188 -094.30313149  36.27515494 -094.30343734 
111  36.27481401 -094.30335522 
111  36.27116912 -094.30168091 
112  36.27097478 -094.30122473  36.27103379 -094.30098685 
111  36.27097478 -094.30122473 
111  36.27121488 -094.30032232 
112  36.27152046 -094.30015989  36.27173964 -094.30023569 
111  36.27152046 -094.30015989 
111  36.27231350 -094.30052987 
111  36.27297559 -094.30072840 
111  36.27530882 -094.30178424 
112  36.27530882 -094.30178424  36.27553853 -094.30187835 
113  36.27552709 -094.30225350 
111  36.27545127 -094.30221386 
112  36.27530882 -094.30187448  36.27515497 -094.30178560 
111  36.27530882 -094.30187448 
111  36.27295150 -094.30081864 
111  36.27228962 -094.30061108 
111  36.27150385 -094.30024488 
112  36.27150385 -094.30024488  36.27133946 -094.30018737 
111  36.27128633 -094.30035958 
111  36.27103896 -094.30117861 
112  36.27103896 -094.30117861  36.27100945 -094.30148445 
111  36.27119807 -094.30156765 
111  36.27485773 -094.30324618 
112  36.27518513 -094.30310795  36.27529261 -094.30289620 
113  36.27518513 -094.30310795 
110   1 0.00 159.80 Shoulder 7
111  36.29310340 -094.31231476 
111  36.27044074 -094.30195700 
111  36.27046342 -094.30187915 
113  36.29312967 -094.31221696 
110   1 0.00 159.80 Shoulder 8
111  36.27707639 -094.30001306 
111  36.27744481 -094.29883049 
111  36.27915878 -094.29963367 
111  36.27901411 -094.30016235 
111  36.27990869 -094.30056659 
111  36.28034462 -094.29911031 
111  36.27946843 -094.29871411 
111  36.27930809 -094.29926022 
111  36.27754935 -094.29851518 
111  36.27774572 -094.29810913 
111  36.27781644 -094.29813371 
111  36.27778878 -094.29826439 
112  36.27791395 -094.29854279  36.27808893 -094.29864170 
111  36.27791395 -094.29854279 
111  36.27822728 -094.29866592 
111  36.27837364 -094.29866543 
111  36.27889904 -094.29891269 
111  36.27898659 -094.29902739 
112  36.27924591 -094.29890685  36.27932343 -094.29867057 
111  36.27924591 -094.29890685 
111  36.27933655 -094.29854278 
111  36.28046308 -094.29901929 
111  36.27994082 -094.30074329 
111  36.27886352 -094.30026141 
111  36.27893258 -094.30001513 
112  36.27893258 -094.30001513  36.27902782 -094.29971290 
111  36.27887647 -094.29964035 
111  36.27872972 -094.29957075 
111  36.27863240 -094.29959850 
111  36.27812034 -094.29934345 
111  36.27803049 -094.29922810 
111  36.27778015 -094.29911566 
112  36.27778015 -094.29911566  36.27757859 -094.29901126 
111  36.27750624 -094.29916328 
111  36.27741327 -094.29941013 
113  36.27714591 -094.30003359 
110   2 0.00 159.80 Overrun Shoulder 1
111  36.27060680 -094.30140824 
111  36.27008431 -094.30117674 
111  36.27011053 -094.30108458 
111  36.27056847 -094.30129264 
113  36.27063240 -094.30132453 
110   2 0.00 159.80 Overrun Shoulder 2
111  36.27046342 -094.30187915 
111  36.27044074 -094.30195700 
111  36.26992160 -094.30172300 
113  36.26994500 -094.30164410 
110   2 0.00 159.80 Overrun Shoulder 3
111  36.29328559 -094.31165128 
111  36.29336387 -094.31168980 
111  36.29381089 -094.31189844 
111  36.29378321 -094.31197921 
113  36.29325812 -094.31174312 
110   2 0.00 159.80 Overrun Shoulder 4
111  36.29364322 -094.31245256 
111  36.29362053 -094.31253406 
111  36.29310340 -094.31231476 
113  36.29312967 -094.31221696 
110   1 0.00 159.80 Road/Shoulder 1
111  36.29672574 -094.31068450 
111  36.28639274 -094.30599298 
111  36.28634475 -094.30614512 
112  36.28634475 -094.30614512  36.28630502 -094.30630941 
111  36.28645673 -094.30640310 
111  36.28706993 -094.30677353 
111  36.29389493 -094.30989885 
111  36.29336387 -094.31168980 
111  36.29328559 -094.31165128 
111  36.29378839 -094.30993417 
111  36.28702803 -094.30684527 
111  36.28639883 -094.30645500 
112  36.28628152 -094.30611102  36.28633450 -094.30582762 
111  36.28628152 -094.30611102 
111  36.28641483 -094.30566885 
111  36.28647752 -094.30569850 
111  36.28641152 -094.30591861 
113  36.29674406 -094.31061882 
110   1 0.00 159.80 Road/Shoulder 2
112  36.28242507 -094.30432828  36.28232875 -094.30457471 
111  36.28242507 -094.30432828 
112  36.28242507 -094.30432828  36.28234380 -094.30460831 
111  36.28214392 -094.30453874 
111  36.28140711 -094.30430423 
111  36.27742071 -094.30248468 
111  36.27744058 -094.30241487 
111  36.27713267 -094.30228755 
111  36.27713598 -094.30225059 
111  36.27677510 -094.30210685 
112  36.27662942 -094.30176187  36.27667156 -094.30149680 
111  36.27662942 -094.30176187 
111  36.27681483 -094.30090014 
111  36.27707639 -094.30001306 
111  36.27714591 -094.30003359 
111  36.27688105 -094.30093710 
111  36.27676517 -094.30154081 
111  36.27947077 -094.30278516 
112  36.27947077 -094.30278516  36.27958022 -094.30281910 
111  36.27963375 -094.30264282 
111  36.27979762 -094.30270721 
112  36.27982039 -094.30293876  36.27989153 -094.30300325 
111  36.27982039 -094.30293876 
111  36.27996513 -094.30300311 
112  36.28005167 -094.30294435  36.28007082 -094.30287307 
111  36.28005167 -094.30294435 
111  36.28058484 -094.30113894 
111  36.28019223 -094.30097992 
111  36.28021627 -094.30090447 
111  36.28060523 -094.30106259 
111  36.28123519 -094.29894370 
111  36.28130438 -094.29897174 
111  36.28100879 -094.29999923 
112  36.28104228 -094.30012665  36.28110334 -094.30014909 
111  36.28104228 -094.30012665 
111  36.28118609 -094.30018195 
111  36.28124868 -094.30014418 
111  36.28201587 -094.30051246 
111  36.28185193 -094.30108380 
111  36.28115400 -094.30076554 
111  36.28086046 -094.30177135 
111  36.28080634 -094.30173648 
111  36.28118835 -094.30040594 
111  36.28115158 -094.30028540 
111  36.28101186 -094.30023317 
112  36.28101186 -094.30023317  36.28095985 -094.30021073 
111  36.28092292 -094.30027037 
111  36.28014224 -094.30291403 
112  36.28014224 -094.30291403  36.28009298 -094.30303622 
111  36.28018127 -094.30309802 
111  36.28236819 -094.30410672 
112  36.28232457 -094.30399247  36.28226738 -094.30395513 
111  36.28232457 -094.30399247 
111  36.28033712 -094.30309652 
111  36.28035042 -094.30302698 
113  36.28234880 -094.30393234 
111  36.27670107 -094.30179795 
112  36.27670107 -094.30179795  36.27668238 -094.30194758 
111  36.27678814 -094.30200777 
111  36.27717622 -094.30217267 
111  36.27748964 -094.30242569 
111  36.27941388 -094.30330493 
112  36.27941388 -094.30330493  36.27946995 -094.30333233 
111  36.27952630 -094.30325083 
111  36.27958825 -094.30302407 
112  36.27954699 -094.30288236  36.27948413 -094.30284020 
111  36.27954699 -094.30288236 
113  36.27674380 -094.30161598 
111  36.27958344 -094.30327777 
112  36.27962866 -094.30340120  36.27970555 -094.30344608 
111  36.27962866 -094.30340120 
111  36.28142834 -094.30422809 
111  36.28218363 -094.30445531 
112  36.28218363 -094.30445531  36.28228387 -094.30448271 
111  36.28235323 -094.30434030 
112  36.28238319 -094.30418953  36.28237130 -094.30410101 
111  36.28238319 -094.30418953 
111  36.27975015 -094.30298853 
112  36.27975015 -094.30298853  36.27968909 -094.30295768 
113  36.27965517 -094.30303342 
110   1 0.00 159.80 Road/Shoulder 3
111  36.27516924 -094.29916909 
111  36.27605223 -094.29957662 
111  36.27603406 -094.29963775 
111  36.27617544 -094.29970398 
111  36.27616946 -094.29977746 
111  36.27620829 -094.29978548 
111  36.27615490 -094.29998416 
111  36.27620419 -094.29999944 
111  36.27602759 -094.30058527 
111  36.27572368 -094.30132393 
112  36.27572368 -094.30132393  36.27568013 -094.30151405 
111  36.27546905 -094.30149203 
111  36.27474212 -094.30127298 
111  36.27113826 -094.29962598 
111  36.27063240 -094.30132453 
111  36.27056847 -094.30129264 
111  36.27110518 -094.29951112 
111  36.27473640 -094.30118470 
111  36.27549042 -094.30141441 
112  36.27566239 -094.30131597  36.27570419 -094.30121875 
111  36.27566239 -094.30131597 
111  36.27571705 -094.30115189 
111  36.26797252 -094.29760852 
111  36.26800388 -094.29753469 
111  36.27574332 -094.30107824 
111  36.27595985 -094.30053722 
111  36.27615166 -094.29990552 
112  36.27611859 -094.29972503  36.27603985 -094.29966181 
111  36.27611859 -094.29972503 
113  36.27513968 -094.29926561 
110   1 0.00  70.00 H Pad
111  36.27572987 -094.29765482 
111  36.27579571 -094.29749675 
111  36.27561731 -094.29741508 
111  36.27554861 -094.29765654 
111  36.27527126 -094.29752165 
111  36.27543253 -094.29712003 
111  36.27551111 -094.29671432 
111  36.27579359 -094.29679862 
111  36.27569801 -094.29713320 
111  36.27588491 -094.29720433 
111  36.27594013 -094.29699884 
111  36.27613553 -094.29697777 
112  36.27611781 -094.29745224  36.27606902 -094.29760437 
113  36.27589553 -094.29781815 
110   2 0.00 160.00 H Pad
111  36.27984193 -094.30273775 
111  36.27943887 -094.30256202 
111  36.27947198 -094.30243880 
111  36.27933505 -094.30237602 
111  36.27937679 -094.30223344 
111  36.27950923 -094.30229505 
111  36.27949806 -094.30235783 
111  36.27967892 -094.30242340 
111  36.27967064 -094.30246447 
113  36.27989000 -094.30256202 
110   1 0.00  70.00 H Pad
111  36.28120839 -094.30254414 
111  36.28075439 -094.30275735 
111  36.28066120 -094.30248928 
111  36.28092458 -094.30238193 
111  36.28104122 -094.30199921 
113  36.28133257 -094.30212606 
110   1 0.00  70.00 H Pad
111  36.28153843 -094.30208012 
111  36.28088025 -094.30177836 
111  36.28116531 -094.30079008 
113  36.28182075 -094.30109711 
110   1 0.00  70.00 H Pad
111  36.28331556 -094.30290944 
111  36.28257876 -094.30258287 
111  36.28286490 -094.30155276 
113  36.28360883 -094.30190565 
110   1 0.00  70.00 H Pad
111  36.28410945 -094.30328751 
111  36.28350434 -094.30299827 
111  36.28374157 -094.30221087 
113  36.28434629 -094.30249841 
110   1 0.00  70.00 H Pad
111  36.28525326 -094.30373559 
111  36.28455409 -094.30342301 
111  36.28468973 -094.30297633 
113  36.28537722 -094.30328255 
110   1 0.00  70.00 H Pad
111  36.28577946 -094.30312745 
111  36.28525969 -094.30289301 
111  36.28541966 -094.30238356 
113  36.28594160 -094.30259642 
110   3 0.00   0.00 WS Circle
112  36.27718081 -094.30160395  36.27703575 -094.30159086  21 
111  36.27704436 -094.30139368  21 
112  36.27720568 -094.30123366  36.27735470 -094.30125493  21 
113  36.27734477 -094.30143926  21 
130 Airport Boundary
111  36.29865500 -094.31818386 
111  36.26393058 -094.30250122 
111  36.26694465 -094.29192329 
111  36.27534211 -094.29069270 
113  36.30298134 -094.30357284 
120 TL
111  36.27766042 -094.29877131  51 
111  36.27737926 -094.29864578  51 
112  36.27730942 -094.29847323  36.27722363 -094.29842437 
111  36.27730942 -094.29847323  51 
115  36.27656193 -094.29813251 
120 TL
112  36.27659888 -094.29968064  36.27645556 -094.29963873  51 
111  36.27637146 -094.29981286  51 
116  36.27628071 -094.29953265  36.27615021 -094.29945605 
120 TL
111  36.27544197 -094.29914457  51 
111  36.27628071 -094.29953265  51 
111  36.27659888 -094.29968064  51 
111  36.27681388 -094.29978267  51 
112  36.27707431 -094.29967498  36.27715566 -094.29948838 
111  36.27707431 -094.29967498 
111  36.27694199 -094.30012476 
112  36.27694199 -094.30012476  36.27697902 -094.29991614  51 
115  36.27681388 -094.29978267 
120 TL
111  36.27967825 -094.29961348  51 
111  36.27766042 -094.29877131 
112  36.27766042 -094.29877131  36.27739833 -094.29866141  51 
115  36.27727871 -094.29898389 
120 TL
111  36.28700603 -094.30299828  51 
111  36.28611557 -094.30611979  51 
112  36.28569461 -094.30638517  36.28541775 -094.30634121 
111  36.28569461 -094.30638517 
111  36.28630459 -094.30666396 
112  36.28630459 -094.30666396  36.28603437 -094.30646063  51 
115  36.28611557 -094.30611979 
120 TL
111  36.27677545 -094.29957231  53 
111  36.27788290 -094.29580368  53 
115  36.27632198 -094.29507898 
120 TL
111  36.27696796 -094.29963196  59 
111  36.27773129 -094.29706389  59 
115  36.27789019 -094.29620710 
120 TL
111  36.27620419 -094.29999944  53 
116  36.27605223 -094.29957662  36.27576027 -094.29949670 
120 TL
111  36.27677521 -094.30027615  53 
112  36.27668253 -094.29991261  36.27649249 -094.29983101 
111  36.27668253 -094.29991261 
112  36.27668253 -094.29991261  36.27647543 -094.29981590  53 
115  36.27639257 -094.30008133 
120 TL
111  36.27610300 -094.30417171  51 
111  36.27571686 -094.30399549  51 
112  36.27537705 -094.30316497  36.27551325 -094.30256563 
111  36.27537705 -094.30316497  51 
111  36.27563657 -094.30227945 
112  36.27563657 -094.30227945  36.27579363 -094.30194477  51 
111  36.27611374 -094.30201575  51 
112  36.27588672 -094.30144751  36.27595317 -094.30106038 
111  36.27588672 -094.30144751  51 
112  36.27543430 -094.30170579  36.27516852 -094.30164335 
111  36.27543430 -094.30170579 
111  36.27563657 -094.30227945  51 
111  36.27576326 -094.30185566  51 
111  36.27588672 -094.30144751  51 
115  36.27637146 -094.29981286 
120 TL
112  36.27668227 -094.30227537  36.27637291 -094.30205286  51 
111  36.27648320 -094.30167539  51 
112  36.27599280 -094.30196098  36.27563585 -094.30189741 
111  36.27599280 -094.30196098 
111  36.27648320 -094.30167539  51 
111  36.27727871 -094.29898389  51 
111  36.27737926 -094.29864578  51 
115  36.27804791 -094.29638032 
120 TL
111  36.28275714 -094.30720694  51 
111  36.28237100 -094.30703072 
112  36.28237100 -094.30703072  36.28191004 -094.30674791  51 
111  36.28205739 -094.30620853  51 
112  36.28142333 -094.30659900  36.28098900 -094.30646689 
111  36.28142333 -094.30659900  51 
111  36.28103719 -094.30642278 
111  36.28205739 -094.30620853  51 
111  36.28233598 -094.30526188 
112  36.28233598 -094.30526188  36.28246101 -094.30500753  51 
111  36.28274044 -094.30503817 
112  36.28274044 -094.30503817  36.28253165 -094.30487687  51 
111  36.28257141 -094.30449282 
112  36.28257141 -094.30449282  36.28244013 -094.30477665  51 
111  36.28211696 -094.30475366 
112  36.28211696 -094.30475366  36.28233075 -094.30490720  51 
111  36.28233598 -094.30526188  51 
111  36.28244601 -094.30490382  51 
111  36.28257141 -094.30449282  51 
111  36.28263812 -094.30426405  51 
112  36.28231636 -094.30366639  36.28196552 -094.30354549 
111  36.28231636 -094.30366639 
111  36.28285785 -094.30350089  51 
115  36.28263812 -094.30426405 
120 TL
111  36.28859146 -094.30986823  51 
111  36.28897761 -094.31004445  51 
112  36.28950214 -094.30969018  36.28962542 -094.30932777 
111  36.28950214 -094.30969018  51 
111  36.28978582 -094.30875310 
112  36.28978582 -094.30875310  36.28987962 -094.30837739  51 
115  36.28959991 -094.30816594 
120 TL
111  36.29234463 -094.31157928  51 
111  36.29273077 -094.31175550  51 
112  36.29324802 -094.31135097  36.29338470 -094.31091206 
111  36.29324802 -094.31135097  51 
111  36.29351851 -094.31046066  51 
112  36.29333396 -094.30987418  36.29304183 -094.30969130 
111  36.29333396 -094.30987418  51 
111  36.28959991 -094.30816594  51 
111  36.28630459 -094.30666396  51 
111  36.28569461 -094.30638517  51 
111  36.28274044 -094.30503817  51 
111  36.28244601 -094.30490382  51 
111  36.28211696 -094.30475366  51 
111  36.27668227 -094.30227537  51 
111  36.27611374 -094.30201575  51 
111  36.27599280 -094.30196098  51 
111  36.27576326 -094.30185566  51 
111  36.27543430 -094.30170579  51 
111  36.27157409 -094.29994685 
112  36.27157409 -094.29994685  36.27121084 -094.29983696  51 
111  36.27106399 -094.30022558  51 
111  36.27080359 -094.30112816 
112  36.27080359 -094.30112816  36.27073271 -094.30166662  51 
111  36.27102223 -094.30185491  51 
115  36.27140837 -094.30203113 
120 RH
111  36.27081094 -094.30073409  54 
111  36.27107359 -094.30084256 
111  36.27535643 -094.30279956  54 
111  36.27563532 -094.30292828 
111  36.28199411 -094.30582480  54 
111  36.28231656 -094.30596910 
111  36.28945871 -094.30922821  54 
111  36.28973561 -094.30935817 
111  36.29321594 -094.31094883  54 
111  36.29345841 -094.31105808 
111  36.28591015 -094.30607010  55 
111  36.28627761 -094.30623888 
111  36.28236334 -094.30445473  55 
111  36.28274036 -094.30462681 
111  36.27679879 -094.30019204  55 
111  36.27699305 -094.30028334 
111  36.27622779 -094.29993435  55 
115  36.27641365 -094.30002563 
120 Road
111  36.28639274 -094.30599298  21 
111  36.28589425 -094.30575924 
111  36.28591933 -094.30571804  21 
115  36.28641152 -094.30591861 
120 Road
111  36.28286825 -094.30439261  21 
111  36.28238319 -094.30418953 
111  36.28236819 -094.30410672  21 
115  36.28291118 -094.30434276 
120 Road
111  36.27674380 -094.30161598  21 
111  36.27571705 -094.30115189 
111  36.27574332 -094.30107824  21 
111  36.27617460 -094.30127558  21 
111  36.27632826 -094.30134089  21 
115  36.27676517 -094.30154081 
14   36.27940425 -094.30233053   82 0 TWR
15   36.27658819 -094.29727883 188.15 Air Carrier Terminal
15   36.27996820 -094.29923955  69.80 Cargo Ramp
15   36.27095285 -094.30062109 249.80 Hold Short Rwy 16
15   36.29341172 -094.31081712 249.80 Hold Short Rwy 34
15   36.28119278 -094.30286150 196.49 Regional Jet Center FBO
18   36.27975443 -094.30169153 1 BCN
19   36.27275601 -094.30139666 1 WS
19   36.29201669 -094.31024273 1 WS
19   36.27720221 -094.30141903 1 WS
20   36.27298141 -094.30321879 159.80  0 4 {@B}1
20   36.29050499 -094.31121399 339.80  0 4 {@B}1
20   36.27553856 -094.30438373 159.80  0 4 {@B}2
20   36.28793067 -094.31003297 339.80  0 4 {@B}2
20   36.28535221 -094.30885708 339.80  0 4 {@B}3
20   36.27811389 -094.30556371 159.80  0 4 {@B}3
20   36.28068315 -094.30674374 159.80  0 4 {@B}4
20   36.28277789 -094.30768635 339.80  0 4 {@B}4
20   36.28020356 -094.30651058 339.80  0 4 {@B}5
20   36.28325242 -094.30791627 159.80  0 4 {@B}5
20   36.28582775 -094.30908883 159.80  0 4 {@B}6
20   36.27762924 -094.30533482 339.80  0 4 {@B}6
20   36.27505906 -094.30416423 339.80  0 4 {@B}7
20   36.28839702 -094.31024637 159.80  0 4 {@B}7
20   36.29096022 -094.31143406 159.80  0 4 {@B}8
20   36.27248059 -094.30298856 339.80  0 4 {@B}8
20   36.27072514 -094.30071595 248.99  0 2 {@L}B{@R}34-16{@@,@Y,safety}{@L}B
20   36.29313262 -094.31091680 248.99  0 2 {@L}B{@R}34-16{@@,@Y,safety}{@L}B
20   36.28943875 -094.30845389 339.80  0 2 {@L}B{@Y,^l}C
20   36.28646209 -094.30635902 159.80  0 2 {@L}B{@Y,^l}D
20   36.28297540 -094.30475084 159.80  0 2 {@L}B{@Y,^l}E{^r}|{^l}FBO
20   36.28193356 -094.30507519 339.80  0 2 {@L}B{@Y,^l}E{^r}|FBO{^r}
20   36.27679872 -094.30195902 159.80  0 2 {@L}B{@Y,^l}J|{^l}CARGO
20   36.28567182 -094.30600986 339.80  0 2 {@L}B{@Y}D{^r}
20   36.27528877 -094.30192937 339.80  0 2 {@L}B{@Y}F{^r}|GATES{^r}
20   36.27616802 -094.30165193 339.80  0 2 {@L}B{@Y}J{^r}|CARGO{^r}{@@}{@L}B{@Y,^l}F|{^l}GATES
20   36.28935505 -094.30918372 248.99  0 2 {@L}C{@R}34-16{@@,@Y,safety}{@L}C
20   36.29000393 -094.30886988  69.80  0 2 {@L}C{@Y}B{^r}
20   36.28582055 -094.30601283 249.80  0 2 {@L}D{@Y,^l}B{^r}
20   36.28189324 -094.30578680 248.99  0 2 {@L}E{@R}34-16{@@,@Y,safety}{@L}E
20   36.28228041 -094.30436122 249.80  0 2 {@L}E{@Y,^l}B{^r}
20   36.28257748 -094.30550516  69.80  0 2 {@L}E{@Y,^l}B{^r}
20   36.27526729 -094.30276705 248.99  0 2 {@L}F{@R}34-16{@@,@Y,safety}{@L}F
20   36.27564460 -094.30128636 249.80  0 2 {@L}F{@Y,^l}B{^r}
20   36.27588110 -094.30244824  69.80  0 2 {@L}F{@Y,^l}B{^r}
20   36.27626533 -094.30157063 249.80  0 2 {@L}J{@Y,^l}B{^r}
20   36.27749144 -094.29924463  69.80  0 2 {@L}J{@Y,^l}G|{^l}CARGO
20   36.27620503 -094.30146665 249.80  0 3 {@Y,^l}16|34{^r}
20   36.27127344 -094.30152525 161.03  0 2 {@Y,^l}B
20   36.28988850 -094.31004896 161.03  0 2 {@Y,^l}C
20   36.28250290 -094.30660392 161.03  0 2 {@Y,^l}E
20   36.27584580 -094.30358393 161.03  0 2 {@Y,^l}F
20   36.27609202 -094.29973283 339.80  0 2 {@Y,^l}F
20   36.27667563 -094.30009595 339.80  0 2 {@Y,^l}J
20   36.29273443 -094.31133550 340.73  0 2 {@Y}B{^r}
20   36.28898113 -094.30961973 340.73  0 2 {@Y}C{^r}
20   36.28151758 -094.30619911 340.73  0 2 {@Y}E{^r}
20   36.27486685 -094.30318276 340.73  0 2 {@Y}F{^r}
50 11942 ASOS
51 12710 CTAF
51 12295 UNICOM
53 12190 GND
54 12710 TWR
55 12100 RAZORBACK APP/DEP
