1      123 0 0 S05  Bandon State
100   18.29   1   0 0.25 0 2 1 16   43.09139400 -124.40808100    0.00    0.00 2  0 0 1 34   43.08152200 -124.40764700    0.00    0.00 2  0 0 1
21   43.08960406 -124.40761831  2 178.16   3.00 16  PAPI-4L
21   43.08331194 -124.40810962  2 358.16   3.00 34  PAPI-4L
10   43.08644100 -124.40854600 xxx 178.16  3601 0.0 0.0    30 161161  1 0 0 0.35 0
10   43.08644100 -124.40865300 xxx 178.16   360 0.0 0.0    60 161161  1 0 0 0.35 0
10   43.08644900 -124.40823400 xxx 268.16   180 0.0 0.0    30 161161  1 0 0 0.35 0
10   43.09130500 -124.40844000 xxx 268.16   180 0.0 0.0    30 161161  1 0 0 0.35 0
10   43.08159600 -124.40801200 xxx 268.16   180 0.0 0.0    30 161161  1 0 0 0.35 0
14   43.08745600 -124.40786700    0 0 ATC Tower
18   43.08646800 -124.40741700 1 BCN
19   43.09140400 -124.40763100 1 WS
19   43.08151200 -124.40809600 1 WS
51 12280 CTAF/UNICOM
