1     4164 0 0 S21  Sunriver
100   21.34   1   0 0.25 0 1 1 18   43.88351400 -121.45021400  301.14    0.00 2  0 0 0 36   43.86912800 -121.45588300    0.00    0.00 2  0 0 0
21   43.87910279 -121.45156763  1 195.86   3.00 18  VASI
10   43.87723900 -121.45371200 xxx 195.86   545 0.0 0.0   170 161161  1 0 0 0.35 0
10   43.87706400 -121.45329300 xxx 285.86   210 0.0 0.0    35 161161  1 0 0 0.35 0
14   43.87731900 -121.45390300    0 0 ATC Tower
15   43.87769300 -121.45359800 100.00 LOC
18   43.87621700 -121.45253800 1 BCN
19   43.88340800 -121.44970700 1 WS
19   43.86923200 -121.45639000 1 WS
51 12280 CTAF/UNICOM
