1     3310 0 1 S80  IDAHO CO
100   22.86   1   0 0.25 0 2 0 07   45.94263300 -116.13343900   30.48    0.00 2  0 0 1 25   45.94248300 -116.11339400    0.00    0.00 2  0 0 0
110   1 0.30  90.61 Default taxiway for RWY 07
111  45.94253239 -116.13344054   3 102 
111  45.94201586 -116.13344844   3 102 
111  45.94186761 -116.11340339   3 102 
111  45.94238414 -116.11339549 
112  45.94238633 -116.11369131  45.94238299 -116.11354343   3 102 
111  45.94225957 -116.11354532   3 102 
112  45.94209500 -116.11354784  45.94197157 -116.11354973   3 102 
111  45.94197266 -116.11369764   3 102 
111  45.94204405 -116.12335039   3 102 
111  45.94245772 -116.12334406 
111  45.94245881 -116.12349197   3 102 
111  45.94204514 -116.12349830   3 102 
112  45.94211653 -116.13315104  45.94211763 -116.13329896   3 102 
111  45.94224106 -116.13329707   3 102 
112  45.94240563 -116.13329455  45.94252905 -116.13329266   3 102 
113  45.94253020 -116.13314471 
120 Default hold RWY 07 (near)
111  45.94232443 -116.13344372   4 
115  45.94232334 -116.13329581 
120 Default hold RWY 07 (centre)
111  45.94225085 -116.12349515   4 
115  45.94224976 -116.12334724 
120 Default hold RWY 07 (far)
111  45.94217728 -116.11354658   4 
115  45.94217618 -116.11339867 
18   45.94327752 -116.12340932 1 BCN
19   45.94294239 -116.13373013 1 WS
19   45.94217356 -116.11310298 1 WS
51 12290 CTAF
55 12395 SEATTLE CNTR
