1      606 0 0 SAA4 OLAVARRIA AEROCLUB
100   29.87   4   0 0.00 0 0 0 09  -36.96333333 -060.27997420    0.00    0.00 0  0 0 0 27  -36.96333333 -060.27280358    0.00    0.00 0  0 0 0
100   29.87   4   0 0.00 0 0 0 14  -36.96058682 -060.27869348    0.00    0.00 0  0 0 0 32  -36.96607984 -060.27408429    0.00    0.00 0  0 0 0
100   29.87   4   0 0.00 0 0 0 18  -36.95885169 -060.27638889    0.00    0.00 0  0 0 0 36  -36.96781497 -060.27638889    0.00    0.00 0  0 0 0
19  -36.96293010 -060.28031061 1 WS
19  -36.96013901 -060.27846168 1 WS
19  -36.95858288 -060.27588428 1 WS
19  -36.96373654 -060.27246713 1 WS
19  -36.96652766 -060.27431609 1 WS
19  -36.96808379 -060.27689356 1 WS
