1     1361 0 0 SBAU Aracatuba
100   35.05   1   0 0.25 0 1 1 05  -21.14976700 -050.42948300    0.00    0.00 2  0 0 1 23  -21.13291400 -050.41973900    0.00    0.00 2  0 0 1
10  -21.14445700 -050.42784900 xxx  28.34  3900 0.0 0.0    78 161161  1 0 0 0.35 0
10  -21.14928400 -050.42999300 xxx 118.34   345 0.0 0.0    98 161161  1 0 0 0.35 0
10  -21.14011000 -050.42466700 xxx 118.34   350 0.0 0.0    86 161161  1 0 0 0.35 0
10  -21.13989300 -050.42549900 xxx  28.32   201 0.0 0.0   100 161161  1 0 0 0.25 0
14  -21.13971500 -050.42578100    0 0 ATC Tower
15  -21.13984500 -050.42548400 300.00 Ramp
18  -21.14104100 -050.42520900 1 BCN
19  -21.14946700 -050.43008000 1 WS
19  -21.13321700 -050.41914400 1 WS
