1     2473 0 0 SBCA Cascavel
100   29.87   1   0 0.25 0 1 1 15  -24.99515300 -053.50641400    0.00    0.00 2  0 0 0 33  -25.00552500 -053.49511100    0.00    0.00 2  0 0 0
10  -25.00123000 -053.50153000 xxx 135.36   600 0.0 0.0   200 161161  1 0 0 0.35 0
10  -25.00072900 -053.50106400 xxx 225.36   294 0.0 0.0    69 161161  1 0 0 0.35 0
14  -24.99934000 -053.50076300    0 0 ATC Tower
15  -25.00145500 -053.50138900 224.00 Ramp
18  -24.99996000 -053.50034000 1 BCN
19  -24.99477600 -053.50599300 1 WS
19  -25.00590300 -053.49553300 1 WS
54 13185 RDO
