1     2146 0 0 SBCH Chapeco
100   44.20   1   0 0.25 0 1 1 11  -27.13245600 -052.66890600    0.00  441.96 2  0 0 0 29  -27.13598300 -052.64420000  429.77    0.00 2  0 0 0
21  -27.13234942 -052.66683848  2  99.12   3.00 11  PAPI-4L
10  -27.13278600 -052.65640300 xxx  99.11   400 0.0 0.0   300 161161  1 0 0 0.35 0
10  -27.13363300 -052.65630700 xxx 189.11   300 0.0 0.0    72 161161  1 0 0 0.35 0
14  -27.13223800 -052.65573100    0 0 ATC Tower
15  -27.13259500 -052.65626500  10.00 Ramp
18  -27.13343400 -052.65640600 1 BCN
19  -27.13167200 -052.66875800 1 WS
19  -27.13676800 -052.64434400 1 WS
54 13085 RDO
