1      431 0 0 SBIZ Prefeito Renato Moreira
100   45.11   1   0 0.25 0 1 1 07  -05.53609700 -047.46663300    0.00   60.96 2  0 0 0 25  -05.52648300 -047.45346400    0.00   60.96 2  0 0 0
21  -05.53470921 -047.46541312  2  53.74   3.00 07  PAPI-4L
10  -05.53226800 -047.45906800 xxx  53.74   450 0.0 0.0   300 161161  1 0 0 0.35 0
10  -05.53132700 -047.45912200 xxx 143.74   300 0.0 0.0    74 161161  1 0 0 0.35 0
14  -05.53353400 -047.45937300    0 0 ATC Tower
15  -05.53234800 -047.45890400 140.00 Ramp
18  -05.53063500 -047.46053300 1 BCN
19  -05.53544200 -047.46711700 1 WS
19  -05.52713800 -047.45298400 1 WS
54 12585 RDO
