1       59 0 0 SBPK Pelotas
100   42.06   2   0 0.25 1 1 1 06  -31.72399700 -052.33590000    0.00    0.00 2  0 0 0 24  -31.71282200 -052.31958900    0.00    0.00 2  0 0 0
100   42.06   4   0 0.25 1 1 0 15  -31.72044200 -052.33031900    0.00    0.00 1  0 0 0 33  -31.72921100 -052.32239400    0.00    0.00 1  0 0 0
10  -31.71742200 -052.32959400 xxx  51.15   650 0.0 0.0   300 161161  2 0 0 0.35 0
10  -31.72027400 -052.33274100 xxx  51.15   600 0.0 0.0   170 161161  2 0 0 0.35 0
10  -31.71867600 -052.32959400 xxx 141.15   414 0.0 0.0    74 161161  2 0 0 0.35 0
10  -31.72123900 -052.33291200 xxx 141.15   314 0.0 0.0    74 161161  2 0 0 0.35 0
10  -31.72032700 -052.33163800 xxx 141.15   314 0.0 0.0    74 161161  2 0 0 0.35 0
14  -31.71741300 -052.32774400    0 0 ATC Tower
15  -31.71736000 -052.32970800 320.00 Ramp
18  -31.71781900 -052.32830400 1 BCN
19  -31.72340800 -052.33646000 1 WS
19  -31.71341100 -052.31903100 1 WS
54 12590 RDO
