1     1722 1 1 SCBA BALMACEDA
100   45.11   1   0 0.25 0 3 0 09  -45.91416700 -071.70540600    0.00   57.91 2  0 0 1 27  -45.91794700 -071.67354200    0.00   54.86 2  5 0 0
21  -45.91804009 -071.67618920  2 279.67   3.00 27  PAPI-4L
110   1 0.30  99.69 Default taxiway for RWY 09
111 -45.91436487 -071.70545455   3 102 
111 -45.91536751 -071.70570058   3 102 
111 -45.91915194 -071.67383877   3 102 
111 -45.91814930 -071.67359273 
112 -45.91808098 -071.67416791 -45.91811736 -071.67388086   3 102 
111 -45.91835746 -071.67393978   3 102 
112 -45.91867760 -071.67401834 -45.91891770 -071.67407726   3 102 
111 -45.91888354 -071.67436485   3 102 
111 -45.91707672 -071.68957678   3 102 
111 -45.91627416 -071.68937984 
111 -45.91624000 -071.68966743   3 102 
111 -45.91704256 -071.68986437   3 102 
112 -45.91523575 -071.70507631 -45.91520159 -071.70536390   3 102 
111 -45.91496149 -071.70530498   3 102 
112 -45.91464135 -071.70522642 -45.91440125 -071.70516751   3 102 
113 -45.91443319 -071.70487937 
120 Default hold RWY 09 (near)
111 -45.91476726 -071.70555329   4 
115 -45.91480142 -071.70526570 
120 Default hold RWY 09 (centre)
111 -45.91664239 -071.68976618   4 
115 -45.91667655 -071.68947859 
120 Default hold RWY 09 (far)
111 -45.91851753 -071.67397906   4 
115 -45.91855169 -071.67369147 
18  -45.91465852 -071.68913222 1 BCN
19  -45.91349842 -071.70583389 1 WS
19  -45.91861546 -071.67311370 1 WS
53 12190 BALMACEDA GND
54 11850 TWR
