1       65 0 1 SKIO CICUCO
100   20.12   1   0 0.25 0 0 0 06   09.26551900 -074.65708600    0.00   70.10 2  0 0 0 24   09.27203900 -074.64758300    0.00   70.10 2  0 0 0
110   1 0.30  55.19 Default taxiway for RWY 06
111  09.26544652 -074.65703495   3 
111  09.26507306 -074.65677189   3 
111  09.27159319 -074.64726906   3 
111  09.27196665 -074.64753213 
112  09.27186331 -074.64768274  09.27191314 -074.64760613   3 
111  09.27182395 -074.64754330   3 
112  09.27170503 -074.64745954  09.27161585 -074.64739672   3 
111  09.27156418 -074.64747203   3 
111  09.26843329 -074.65203518   3 
111  09.26873242 -074.65224589 
111  09.26868075 -074.65232119   3 
111  09.26838162 -074.65211048   3 
112  09.26525073 -074.65667363  09.26519906 -074.65674893   3 
111  09.26528824 -074.65681175   3 
112  09.26540716 -074.65689552  09.26549635 -074.65695834   3 
113  09.26554986 -074.65688434 
120 Default hold RWY 06 (near)
111  09.26529603 -074.65692894   4 
115  09.26534770 -074.65685363 
120 Default hold RWY 06 (centre)
111  09.26853026 -074.65221518   4 
115  09.26858193 -074.65213988 
120 Default hold RWY 06 (far)
111  09.27176449 -074.64750142   4 
115  09.27181616 -074.64742612 
19   09.26563863 -074.65739367 1 WS
19   09.27191936 -074.64727533 1 WS
