1     5687 1 1 SKPP GUILLERMO LEON VALENCIA
100   29.87   1   0 0.25 0 0 0 07   02.45162200 -076.61741700    0.00    0.00 2  0 0 0 25   02.45724400 -076.60136100    0.00    0.00 2  0 0 0
21   02.45253098 -076.61582693  2  70.69   3.00 07  PAPI-4L
110   1 0.30  70.69 Default taxiway for RWY 07
111  02.45149728 -076.61737325   3 
111  02.45086095 -076.61715003   3 
111  02.45648305 -076.60109409   3 
111  02.45711938 -076.60131732 
112  02.45703047 -076.60157123  02.45707280 -076.60144353   3 
111  02.45692059 -076.60139014   3 
112  02.45671764 -076.60131895  02.45656543 -076.60126555   3 
111  02.45652098 -076.60139250   3 
111  02.45382107 -076.60910307   3 
111  02.45433056 -076.60928180 
111  02.45428610 -076.60940876   3 
111  02.45377661 -076.60923003   3 
112  02.45107670 -076.61694060  02.45103225 -076.61706756   3 
111  02.45118446 -076.61712096   3 
112  02.45138741 -076.61719215  02.45153962 -076.61724554   3 
113  02.45158619 -076.61711933 
120 Default hold RWY 07 (near)
111  02.45124148 -076.61728351   4 
115  02.45128594 -076.61715655 
120 Default hold RWY 07 (centre)
111  02.45403030 -076.60931902   4 
115  02.45407476 -076.60919206 
120 Default hold RWY 07 (far)
111  02.45681912 -076.60135454   4 
115  02.45686358 -076.60122758 
19   02.45191361 -076.61780441 1 WS
19   02.45695238 -076.60097360 1 WS
54 11845 TWR
55 11910 CALI APP
