1     6955 1 1 SKRG JOSE MARIA CORDOVA
100   45.11   1   0 0.25 0 3 0 18   06.18035800 -075.42322500    0.00   30.48 2  0 0 0 36   06.14871400 -075.42301400    0.00   30.48 3  1 0 0
21   06.17856085 -075.42280970  2 179.62   3.00 18  PAPI-4L
21   06.15132319 -075.42343469  2 359.62   3.00 36  PAPI-4L
110   1 0.30 179.62 Default taxiway for RWY 18
111  06.18035667 -075.42342690   3 102 
111  06.18034993 -075.42444998   3 102 
111  06.14870593 -075.42423889   3 102 
111  06.14871267 -075.42321588 
112  06.14911862 -075.42321858  06.14891563 -075.42321949   3 102 
111  06.14891402 -075.42346447   3 102 
112  06.14891187 -075.42379111  06.14891025 -075.42403609   3 102 
111  06.14911322 -075.42403744   3 102 
111  06.16442778 -075.42413960   3 102 
111  06.16443318 -075.42332071 
111  06.16463616 -075.42332206   3 102 
111  06.16463076 -075.42414095   3 102 
112  06.17994532 -075.42424310  06.18014829 -075.42424446   3 102 
111  06.18014991 -075.42399947   3 102 
112  06.18015206 -075.42367281  06.18015367 -075.42342781   3 102 
113  06.17995072 -075.42342419 
120 Default hold RWY 18 (near)
111  06.18035396 -075.42383749   4 
115  06.18015098 -075.42383614 
120 Default hold RWY 18 (centre)
111  06.16463345 -075.42373264   4 
115  06.16443047 -075.42373129 
120 Default hold RWY 18 (far)
111  06.14891294 -075.42362779   4 
115  06.14870996 -075.42362644 
18   06.16454626 -075.42169040 4 BCN
19   06.18076799 -075.42261522 1 WS
19   06.14830401 -075.42362374 1 WS
53 12190 GND
54 12720 MEDELLIN FIS
54 11860 TWR
55 12110 MEDELLIN APP
