1     2373 0 1 SN03 Lenora Municipal
100   45.11   3   0 0.25 0 0 0 08   39.62933374 -100.01967670    0.00    0.00 1  0 0 0 26   39.62956348 -100.01113442    0.00    0.00 1  0 0 0
100   79.25   3   0 0.25 0 0 0 17   39.63257919 -100.01554750    0.00    0.00 1  0 0 0 35   39.62631803 -100.01526362    0.00    0.00 1  0 0 0
100   57.91   3   0 0.25 0 0 0 15   39.63200457 -100.01674637    0.00    0.00 1  0 0 0 33   39.62689265 -100.01406475    0.00    0.00 1  0 0 0
19   39.62992812 -100.02023110 1 WS
19   39.63278064 -100.01605874 1 WS
19   39.63332927 -100.01419162 1 WS
19   39.62896906 -100.01058009 1 WS
19   39.62611659 -100.01475235 1 WS
19   39.62556796 -100.01661935 1 WS
