1      321 0 1 Q60  Sierra Sky Park
100   15.24   1   0 0.25 0 1 0 12   36.84305706 -119.87396614    0.00    0.00 2  0 0 0 30   36.83739348 -119.86688942    0.00    0.00 2 12 0 0
110   1 0.30 135.00 Default taxiway for RWY 12
111  36.84301016 -119.87402474   3 102 
111  36.84276611 -119.87432967   3 102 
111  36.83710274 -119.86725240   3 102 
111  36.83734679 -119.86694750 
112  36.83744377 -119.86706868  36.83739369 -119.86701007   3 102 
111  36.83733550 -119.86708277   3 102 
112  36.83725791 -119.86717971  36.83719972 -119.86725241   3 102 
111  36.83724821 -119.86731300   3 102 
111  36.83995867 -119.87070015   3 102 
111  36.84015423 -119.87045582 
111  36.84020272 -119.87051641   3 102 
111  36.84000716 -119.87076074   3 102 
112  36.84271762 -119.87414789  36.84276611 -119.87420849   3 102 
111  36.84282430 -119.87413579   3 102 
112  36.84290189 -119.87403884  36.84296008 -119.87396614   3 102 
113  36.84291318 -119.87390355 
120 Default hold RWY 12 (near)
111  36.84291159 -119.87414791   4 
115  36.84286310 -119.87408732 
120 Default hold RWY 12 (centre)
111  36.84010415 -119.87063957   4 
115  36.84005566 -119.87057898 
120 Default hold RWY 12 (far)
111  36.83729671 -119.86713124   4 
115  36.83724822 -119.86707065 
18   36.84056470 -119.87000353 1 BCN
19   36.84329951 -119.87390556 1 WS
19   36.83715104 -119.86695001 1 WS
