1      768 0 1 XA89 FAITH RANCH
100   22.86   1   0 0.25 0 0 0 14   28.21473700 -100.02345700    0.00    0.00 2  0 0 0 32   28.20259600 -100.01432100    0.00    0.00 2  0 0 0
110   1 0.30 146.45 Default taxiway for RWY 14
111  28.21468139 -100.02355216   3 
111  28.21439590 -100.02404070   3 
111  28.20225520 -100.01490359   3 
111  28.20254069 -100.01441510 
112  28.20271214 -100.01454413  28.20262518 -100.01448175   3 
111  28.20255696 -100.01459848   3 
112  28.20246600 -100.01475411  28.20239778 -100.01487084   3 
111  28.20248350 -100.01493535   3 
111  28.20833954 -100.01934261   3 
111  28.20856818 -100.01895137 
111  28.20865390 -100.01901589   3 
111  28.20842526 -100.01940713   3 
112  28.21428130 -100.02381438  28.21436703 -100.02387890   3 
111  28.21443525 -100.02376216   3 
112  28.21452621 -100.02360650  28.21459443 -100.02348976   3 
113  28.21450994 -100.02342313 
120 Default hold RWY 14 (near)
111  28.21456645 -100.02374885   4 
115  28.21448073 -100.02368433 
120 Default hold RWY 14 (centre)
111  28.20853896 -100.01921257   4 
115  28.20845324 -100.01914805 
120 Default hold RWY 14 (far)
111  28.20251148 -100.01467630   4 
115  28.20242575 -100.01461178 
19   28.21507824 -100.02329548 1 WS
19   28.20225477 -100.01448253 1 WS
