1      308 0 1 11R  BRENHAM MUNI
100   22.86   1   0 0.25 0 2 0 16   30.22645800 -096.37559200    0.00    0.00 2  0 0 1 34   30.21151700 -096.37296900    0.00    0.00 2  0 0 0
21   30.22472364 -096.37493531  2 171.37   3.00 16  PAPI-4L
21   30.21325138 -096.37362556  2 351.38   3.00 34  PAPI-4L
110   1 0.30 171.37 Default taxiway for RWY 16
111  30.22644291 -096.37570713   3 102 
111  30.22636543 -096.37629820   3 102 
111  30.21142446 -096.37367469   3 102 
111  30.21150194 -096.37308371 
112  30.21170533 -096.37311942  30.21160329 -096.37310414   3 102 
111  30.21158478 -096.37324536   3 102 
112  30.21156009 -096.37343365  30.21154158 -096.37357487   3 102 
111  30.21164328 -096.37359272   3 102 
111  30.21885952 -096.37485983   3 102 
111  30.21892157 -096.37438649 
111  30.21902327 -096.37440435   3 102 
111  30.21896122 -096.37487769   3 102 
112  30.22617746 -096.37614479  30.22627916 -096.37616264   3 102 
111  30.22629767 -096.37602140   3 102 
112  30.22632236 -096.37583308  30.22634087 -096.37569184   3 102 
113  30.22623951 -096.37567142 
120 Default hold RWY 16 (near)
111  30.22641171 -096.37594510   4 
115  30.22631001 -096.37592724 
120 Default hold RWY 16 (centre)
111  30.21899207 -096.37464230   4 
115  30.21889037 -096.37462444 
120 Default hold RWY 16 (far)
111  30.21157243 -096.37333951   4 
115  30.21147074 -096.37332165 
18   30.21909709 -096.37345834 1 BCN
19   30.22670748 -096.37527618 1 WS
19   30.21126753 -096.37328478 1 WS
50 12112 AWOS 3
51 12307 CTAF/UNICOM
