1      122 0 1 1B9  MANSFIELD MUNI
100   22.86   1   0 0.25 0 2 1 14   42.00261400 -071.20197500  154.53    0.00 2  0 0 0 32   41.99744200 -071.19112800   71.93    0.00 2  0 0 0
100   30.48   3   0 0.25 0 0 0 04   41.99888900 -071.20361100    0.00    0.00 1  0 0 0 22   42.00444400 -071.20000000    0.00    0.00 1  0 0 0
21   41.99851046 -071.19411800  2 302.69   3.00 32  PAPI-4L
10   42.00066400 -071.19640400 xxx 122.69  3490 0.0 0.0    38 161161  1 0 0 0.35 0
10   42.00417700 -071.20119500 xxx  31.00   600 0.0 0.0   400 101101  1 0 0 0.25 0
10   42.00346400 -071.20047800 xxx  29.00   520 0.0 0.0    40 161161  1 0 0 0.25 0
10   42.00076700 -071.19736500 xxx 214.69   239 0.0 0.0    76 161161  1 0 0 0.35 0
10   42.00423800 -071.20031700 xxx 121.00   240 0.0 0.0    60 161161  1 0 0 0.25 0
10   41.99787100 -071.19131500 xxx 212.69   225 0.0 0.0    58 161161  1 0 0 0.35 0
10   41.99854300 -071.19269600 xxx 227.69   225 0.0 0.0    38 161161  1 0 0 0.35 0
10   42.00295600 -071.20194200 xxx 207.69   225 0.0 0.0    38 161161  1 0 0 0.35 0
14   42.00183900 -071.19596100    0 0 ATC Tower
15   42.00438700 -071.20138500   0.00 LOC
18   42.00037800 -071.19697600 1 BCN
19   42.00296400 -071.20240000 1 WS
19   41.99710100 -071.19215400 1 WS
19   41.99912600 -071.20426900 1 WS
19   42.00420400 -071.19933300 1 WS
51 12300 CTAF/UNICOM
55 12410 BOSTON APP/DEP
