1      399 0 1 1N9  ALLENTOWN QUEEN CITY MUNI
100   22.86   1   0 0.25 0 2 0 07   40.56666700 -075.49610800    0.00    0.00 2  0 0 1 25   40.57222500 -075.48388600    0.00    0.00 2  0 0 1
100   22.86   1   0 0.25 0 2 0 15   40.57444400 -075.49361400    0.00    0.00 2  0 0 0 33   40.56833300 -075.48555800    0.00    0.00 2  0 0 0
21   40.56784971 -075.49427866  2  59.09   3.00 07  PAPI-4L
21   40.57104247 -075.48571572  2 239.10   3.00 25  PAPI-4L
110   1 0.30  59.09 Default taxiway for RWY 07
111  40.56658068 -075.49603996   3 102 
111  40.56613749 -075.49569064   3 102 
111  40.57169613 -075.48346963   3 102 
111  40.57213932 -075.48381898 
112  40.57203364 -075.48405132  40.57208455 -075.48393362   3 102 
111  40.57197865 -075.48385015   3 102 
112  40.57183744 -075.48373884  40.57173154 -075.48365536   3 102 
111  40.57167870 -075.48377153   3 102 
111  40.56903148 -075.48959161   3 102 
111  40.56938642 -075.48987138 
111  40.56933358 -075.48998755   3 102 
111  40.56897864 -075.48970778   3 102 
112  40.56633142 -075.49552785  40.56627858 -075.49564403   3 102 
111  40.56638448 -075.49572750   3 102 
112  40.56652569 -075.49583880  40.56663159 -075.49592227   3 102 
113  40.56668636 -075.49580761 
110   1 0.30 134.96 Default taxiway for RWY 15
111  40.57437281 -075.49370760   3 102 
111  40.57400728 -075.49418813   3 102 
111  40.56789656 -075.48613134   3 102 
111  40.56826209 -075.48565085 
112  40.56840745 -075.48584251  40.56833317 -075.48574877   3 102 
111  40.56824583 -075.48586359   3 102 
112  40.56812937 -075.48601667  40.56804203 -075.48613149   3 102 
111  40.56811471 -075.48622732   3 102 
111  40.57098837 -075.49001614   3 102 
111  40.57128111 -075.48963131 
111  40.57135379 -075.48972714   3 102 
111  40.57106105 -075.49011197   3 102 
112  40.57393471 -075.49390078  40.57400739 -075.49399661   3 102 
111  40.57409473 -075.49388179   3 102 
112  40.57421119 -075.49372869  40.57429853 -075.49361386   3 102 
113  40.57422745 -075.49351594 
120 Default hold RWY 07 (near)
111  40.56640224 -075.49589932   4 
115  40.56645508 -075.49578315 
120 Default hold RWY 15 (near)
111  40.57422564 -075.49390107   4 
115  40.57415296 -075.49380524 
120 Default hold RWY 07 (centre)
111  40.56915514 -075.48984690   4 
115  40.56920798 -075.48973073 
120 Default hold RWY 15 (centre)
111  40.57120662 -075.48992060   4 
115  40.57113394 -075.48982477 
120 Default hold RWY 07 (far)
111  40.57190804 -075.48379449   4 
115  40.57196088 -075.48367832 
120 Default hold RWY 15 (far)
111  40.56818760 -075.48594013   4 
115  40.56811492 -075.48584430 
18   40.57189798 -075.48891816 1 BCN
19   40.56682490 -075.49654810 1 WS
19   40.57480675 -075.49351987 1 WS
19   40.57206706 -075.48344589 1 WS
19   40.56797025 -075.48565217 1 WS
51 12270 CTAF/UNICOM
52 11890 CLNC DEL
55 11820 APP/DEP
55 11965 APP/DEP
55 12445 APP/DEP
