1      538 0 1 1S0  PIERCE CO THUN FLD
100   18.29   1   0 0.25 0 2 0 16   47.10892200 -122.28712200    0.00    0.00 2  0 0 1 34   47.09891700 -122.28727800    0.00    0.00 2  0 0 1
21   47.10711928 -122.28673831  2 180.61   3.00 16  PAPI-4L
21   47.10071972 -122.28766165  2   0.61   3.00 34  PAPI-4L
110   1 0.30 180.61 Default taxiway for RWY 16
111  47.10892285 -122.28723959   3 102 
111  47.10892724 -122.28784739   3 102 
111  47.09892224 -122.28800329   3 102 
111  47.09891785 -122.28739560 
112  47.09908242 -122.28739303  47.09900015 -122.28739763   3 102 
111  47.09900120 -122.28754268   3 102 
112  47.09900260 -122.28773608  47.09900365 -122.28788113   3 102 
111  47.09908594 -122.28787984   3 102 
111  47.10388273 -122.28780510   3 102 
111  47.10387921 -122.28731824 
111  47.10396149 -122.28731695   3 102 
111  47.10396501 -122.28780381   3 102 
112  47.10876180 -122.28772906  47.10884409 -122.28772777   3 102 
111  47.10884304 -122.28758270   3 102 
112  47.10884164 -122.28738926  47.10884059 -122.28724418   3 102 
113  47.10875828 -122.28724216 
120 Default hold RWY 16 (near)
111  47.10892462 -122.28748470   4 
115  47.10884234 -122.28748598 
120 Default hold RWY 16 (centre)
111  47.10396326 -122.28756203   4 
115  47.10388098 -122.28756332 
120 Default hold RWY 16 (far)
111  47.09900190 -122.28763938   4 
115  47.09891962 -122.28764066 
18   47.10391572 -122.28635377 1 BCN
19   47.10908395 -122.28675673 1 WS
19   47.09875505 -122.28764320 1 WS
51 12270 CTAF/UNICOM
52 12185 CLNC DEL
55 12650 SEATTLE APP/DEP
