1       21 0 1 T00  CHAMBERS CO
100   18.29   1   0 0.25 0 1 0 12   29.77273300 -094.66610000    0.00    0.00 2  0 0 0 30   29.76756400 -094.65871400    0.00    0.00 2  0 0 0
100   91.44   3   0 0.25 0 1 0 17   29.77300000 -094.66519400    0.00    0.00 1  0 0 0 35   29.76675000 -094.66519400    0.00    0.00 1  0 0 0
21   29.77182156 -094.66428305  2 128.88   3.00 12  PAPI-4L
110   1 0.30 128.88 Default taxiway for RWY 12
111  29.77267069 -094.66615787   3 102 
111  29.77234862 -094.66645701   3 102 
111  29.76717983 -094.65907061   3 102 
111  29.76750190 -094.65877149 
112  29.76760519 -094.65891910  29.76755179 -094.65884692   3 102 
111  29.76747491 -094.65891832   3 102 
112  29.76737241 -094.65901351  29.76729553 -094.65908491   3 102 
111  29.76734718 -094.65915872   3 102 
111  29.76980246 -094.66266741   3 102 
111  29.77006047 -094.66242778 
111  29.77011212 -094.66250158   3 102 
111  29.76985411 -094.66274121   3 102 
112  29.77230939 -094.66624990  29.77236103 -094.66632370   3 102 
111  29.77243791 -094.66625229   3 102 
112  29.77254041 -094.66615709  29.77261729 -094.66608569   3 102 
113  29.77256740 -094.66601026 
120 Default hold RWY 12 (near)
111  29.77254081 -094.66627850   4 
115  29.77248916 -094.66620469 
120 Default hold RWY 12 (centre)
111  29.76998224 -094.66262221   4 
115  29.76993059 -094.66254841 
120 Default hold RWY 12 (far)
111  29.76742366 -094.65896591   4 
115  29.76737202 -094.65889211 
18   29.76987575 -094.66187598 1 BCN
19   29.77302848 -094.66606911 1 WS
19   29.77382289 -094.66377194 1 WS
19   29.76726852 -094.65874491 1 WS
19   29.76592711 -094.66661595 1 WS
51 12290 CTAF
55 13445 HOUSTON APP/DEP
