1     1500 0 1 TBG  Tabubil
100   30.48   4   0 0.25 0 0 0 32  -05.28521894  141.23110105    0.00    0.00 0  0 0 0 14  -05.27536106  141.22364095    0.00    0.00 0  0 0 0
10  -05.27797800  141.22651800 xxx  60.84   500 0.0 0.0    80 101101  4 0 0 0.25 0
10  -05.27857100  141.22673600 xxx  60.91   328 0.0 0.0   100 101101  4 0 0 0.25 0
10  -05.27831400  141.22745000 xxx 325.88   250 0.0 0.0   250 101101  4 0 0 0.25 0
10  -05.27744400  141.22695400 xxx 325.88   250 0.0 0.0   250 101101  4 0 0 0.25 0
14  -05.27817500  141.22760900    6 0 Tower Viewpoint
15  -05.27722700  141.22703400 180.00 Custom Startup Location
19  -05.27918300  141.22733100 0 Windsock
50 12770 TBG AWOS
