1       84 0 1 PAHO HOMER
100   45.72   1   0 0.25 0 3 0 03   59.64029200 -151.49143100    0.00    0.00 2 10 0 0 21   59.65080300 -151.46175600    0.00    0.00 2  8 0 0
21   59.64163381 -151.48894332  1  54.96   3.00 03  VASI
21   59.64946175 -151.46424567  1 234.99   3.00 21  VASI
110   1 0.30  54.96 Default taxiway for RWY 03
111  59.64012541 -151.49119986   3 102 
111  59.63928138 -151.49002884   3 102 
111  59.64979573 -151.46036270   3 102 
111  59.65063976 -151.46153409 
112  59.65040353 -151.46220060  59.65051980 -151.46186478   3 102 
111  59.65031768 -151.46158426   3 102 
112  59.65004818 -151.46121024  59.64984606 -151.46092972   3 102 
111  59.64972794 -151.46126298   3 102 
111  59.64476605 -151.47526286   3 102 
111  59.64544164 -151.47620035 
111  59.64532353 -151.47653361   3 102 
111  59.64464794 -151.47559613   3 102 
112  59.63968605 -151.48959601  59.63956794 -151.48992927   3 102 
111  59.63977006 -151.49020970   3 102 
112  59.64003956 -151.49058361  59.64024168 -151.49086405   3 102 
113  59.64036164 -151.49053335 
120 Default hold RWY 03 (near)
111  59.63978669 -151.49072992   4 
115  59.63990481 -151.49039666 
120 Default hold RWY 03 (centre)
111  59.64498481 -151.47606359   4 
115  59.64510292 -151.47573033 
120 Default hold RWY 03 (far)
111  59.65018293 -151.46139725   4 
115  59.65030104 -151.46106400 
18   59.64672798 -151.47823498 1 BCN
19   59.64056108 -151.49279859 1 WS
19   59.65053361 -151.46038821 1 WS
50 13565 ASOS
51 12360 CTAF
51 12270 UNICOM
51 12300 UNICOM
51 12305 UNICOM
