1        7 1 0 PAHP HOOPER BAY
100   22.86   1   0 0.25 0 2 0 13   61.52772500 -166.15154200    0.00    0.00 2  0 0 0 31   61.52001900 -166.14170800    0.00    0.00 2 11 0 0
21   61.52632984 -166.14908864  1 148.68   3.00 13  VASI
21   61.52141433 -166.14416036  1 328.69   3.00 31  VASI
10   61.52150340 -166.14219670 xxx  72.00   200 0.0 0.0    60 161161  1 0 0 0.25 0
10   61.52067180 -166.14100650 xxx  56.00   200 0.0 0.0    50 161161  1 0 0 0.25 0
10   61.52134700 -166.14070130 xxx 146.00   400 0.0 0.0   200 161161  1 0 0 0.25 0
18   61.52424641 -166.14533698 1 BCN
19   61.52806045 -166.15121585 1 WS
19   61.51968357 -166.14203418 1 WS
50 13510 AWOS 3
51 12300 CTAF
