1      337 1 0 PAMO Mountain Village
100   22.86   5   0 0.25 0 2 0 02   62.09075800 -163.68833900    0.00    0.00 1  0 0 0 20   62.09882800 -163.67735000    0.00    0.00 1  0 0 0
10   62.09524920 -163.68183900 xxx  80.00   350 0.0 0.0    50 161161  1 0 0 0.25 0
10   62.09500890 -163.68399050 xxx  38.00   450 0.0 0.0   280 161161  1 0 0 0.25 0
10   62.09397890 -163.68391420 xxx 170.00   350 0.0 0.0    50 161161  1 0 0 0.25 0
18   62.09517857 -163.68414211 1 BCN
19   62.09074959 -163.68912870 1 WS
19   62.09883635 -163.67656009 1 WS
50 11835 ASOS
51 12290 CTAF
