1       88 1 0 PANI ANIAK
100   45.72   1   0 0.25 0 3 0 10   61.58584700 -159.55777200    0.00    0.00 3 10 0 0 28   61.57734700 -159.52831700    0.00    0.00 2  0 0 0
21   61.57795849 -159.53196051  1 301.24   3.00 28  VASI
10   61.57887270 -159.53448490 xxx  76.00   200 0.0 0.0   200 161161  1 0 0 0.25 0
10   61.57480620 -159.54071040 xxx  31.23   450 0.0 0.0   250 161161  1 0 0 0.25 0
10   61.57518010 -159.53788760 xxx  31.23  1200 0.0 0.0   400 161161  1 0 0 0.25 0
10   61.57651520 -159.53750610 xxx  31.23  2100 0.0 0.0    90 161161  1 0 0 0.25 0
18   61.58283052 -159.54147349 1 BCN
19   61.58658805 -159.55783922 1 WS
19   61.57660593 -159.52825049 1 WS
50 12430 AWOS 3
51 12210 CTAF
52 11815 ANCHORAGE CLNC DEL
