1       11 0 1 PAOT RALPH WIEN MEM
100   45.72   1   0 0.25 0 3 0 08   66.88943600 -162.60936700    0.00    0.00 3  0 0 1 26   66.88613900 -162.56919700    0.00    0.00 2  0 0 1
100   27.43   5   0 0.25 0 2 0 17   66.88513300 -162.60933100    0.00    0.00 1  0 0 0 35   66.87479700 -162.61584400    0.00    0.00 1  0 0 0
21   66.88925264 -162.60243262  1 101.79   3.00 08  VASI
21   66.88613923 -162.57388127  1 281.83   3.00 26  VASI
110   1 0.30 101.79 Default taxiway for RWY 08
111  66.88923682 -162.60947294   3 102 
111  66.88822771 -162.61000964   3 102 
111  66.88493579 -162.56983414   3 102 
111  66.88594490 -162.56929751 
112  66.88602898 -162.57032364  66.88598474 -162.56981174   3 102 
111  66.88574308 -162.56994025   3 102 
112  66.88542087 -162.57011160  66.88517921 -162.57024011   3 102 
111  66.88522125 -162.57075318   3 102 
111  66.88676211 -162.58955826   3 102 
111  66.88756984 -162.58912869 
111  66.88761188 -162.58964176   3 102 
111  66.88680415 -162.59007133   3 102 
112  66.88834501 -162.60887640  66.88838705 -162.60938946   3 102 
111  66.88862871 -162.60926093   3 102 
112  66.88895092 -162.60908956  66.88919258 -162.60896104   3 102 
113  66.88915274 -162.60844680 
120 Default hold RWY 08 (near)
111  66.88883185 -162.60968832   4 
115  66.88878981 -162.60917525 
120 Default hold RWY 08 (centre)
111  66.88720691 -162.58985713   4 
115  66.88716487 -162.58934406 
120 Default hold RWY 08 (far)
111  66.88558197 -162.57002593   4 
115  66.88553993 -162.56951287 
18   66.87975988 -162.61045133 1 BCN
19   66.89012423 -162.61007181 1 WS
19   66.88528368 -162.60826428 1 WS
19   66.88545059 -162.56849341 1 WS
19   66.87464628 -162.61691021 1 WS
50 13545 ASOS
50 13545 ATIS
51 12360 CTAF
51 12280 UNICOM
