1      358 0 1 PATK TALKEETNA
100   22.86   1   0 0.25 0 2 0 18   62.32477500 -150.08900800    0.00    0.00 2  0 0 0 36   62.31625000 -150.09836400    0.00    0.00 2  0 0 0
21   62.32304716 -150.09024306  1 207.02   3.00 18  VASI
21   62.31797792 -150.09712988  1  27.01   3.00 36  VASI
110   1 0.30 207.02 Default taxiway for RWY 18
111  62.32482070 -150.08920098   3 102 
111  62.32505535 -150.09019179   3 102 
111  62.31653066 -150.09955010   3 102 
111  62.31629601 -150.09855958 
112  62.31647929 -150.09835838  62.31638868 -150.09846329   3 102 
111  62.31644475 -150.09869998   3 102 
112  62.31651951 -150.09901557  62.31657558 -150.09925226   3 102 
111  62.31666722 -150.09915166   3 102 
111  62.32070047 -150.09472398   3 102 
111  62.32051254 -150.09393058 
111  62.32060418 -150.09382999   3 102 
111  62.32079211 -150.09462338   3 102 
112  62.32482536 -150.09019568  62.32491699 -150.09009509   3 102 
111  62.32486092 -150.08985833   3 102 
112  62.32478616 -150.08954265  62.32473009 -150.08930590   3 102 
113  62.32463743 -150.08940218 
120 Default hold RWY 18 (near)
111  62.32491518 -150.08959989   4 
115  62.32482354 -150.08970049 
120 Default hold RWY 18 (centre)
111  62.32069866 -150.09422884   4 
115  62.32060702 -150.09432944 
120 Default hold RWY 18 (far)
111  62.31648213 -150.09885778   4 
115  62.31639049 -150.09895838 
18   62.32018683 -150.09230838 1 BCN
19   62.32481872 -150.08821753 1 WS
19   62.31620622 -150.09915423 1 WS
50 13520 ASOS
50 13520 ATIS
51 12360 CTAF
51 12300 UNICOM
