1       21 0 1 PAUN UNALAKLEET
100   45.72   5   0 0.25 0 2 0 14   63.89802200 -160.80606400    0.00  152.40 1  8 0 0 32   63.88223100 -160.79588300    0.00    0.00 1  0 0 1
100   24.38   5   0 0.25 0 2 0 08   63.88345300 -160.79902500    0.00    0.00 1  0 0 0 26   63.88265300 -160.78675000    0.00    0.00 1  0 0 0
21   63.89639340 -160.80412338  1 164.15   3.00 14  VASI
21   63.88385974 -160.79782204  1 344.16   3.00 32  VASI
18   63.89052006 -160.79782291 1 BCN
19   63.88381073 -160.79940869 1 WS
19   63.89858633 -160.80496987 1 WS
19   63.88229524 -160.78636648 1 WS
19   63.88166675 -160.79697668 1 WS
50 13225 AWOS 3
51 12300 CTAF
