1       14 0 1 PHDH DILLINGHAM
100   22.86   1   0 0.25 0 0 0 08   21.57969200 -158.21053300  607.47    0.00 2  0 0 0 26   21.57925800 -158.18402800  608.08    0.00 2  0 0 0
110   1 0.30  91.00 Default taxiway for RWY 08
111  21.57959140 -158.21053490   3 
111  21.57907492 -158.21054463   3 
111  21.57864302 -158.18403955   3 
111  21.57915950 -158.18402982 
112  21.57916310 -158.18425102  21.57915905 -158.18414046   3 
111  21.57903564 -158.18414278   3 
112  21.57887109 -158.18414588  21.57874767 -158.18414821   3 
111  21.57874947 -158.18425881   3 
111  21.57896092 -158.19723485   3 
111  21.57937455 -158.19722706 
111  21.57937635 -158.19733766   3 
111  21.57896272 -158.19734545   3 
112  21.57917417 -158.21032149  21.57917597 -158.21043209   3 
111  21.57929939 -158.21042976   3 
112  21.57946394 -158.21042666  21.57958735 -158.21042434   3 
113  21.57958780 -158.21031370 
120 Default hold RWY 08 (near)
111  21.57938346 -158.21053881   4 
115  21.57938166 -158.21042821 
120 Default hold RWY 08 (centre)
111  21.57916841 -158.19734157   4 
115  21.57916661 -158.19723097 
120 Default hold RWY 08 (far)
111  21.57895336 -158.18414433   4 
115  21.57895156 -158.18403373 
19   21.58000277 -158.21074841 1 WS
19   21.57894719 -158.18381265 1 WS
51 12300 CTAF/UNICOM
