1      837 1 1 PHHI WHEELER AAF
100   89.92   1   0 0.25 0 3 0 06   21.48048600 -158.04725200  178.00  182.88 2  0 0 0 24   21.48651400 -158.03208000    0.00  182.88 2  0 0 0
110   1 0.30  66.88 Default taxiway for RWY 06
111  21.48011599 -158.04708220   3 102 
111  21.47825350 -158.04622749   3 102 
111  21.48428218 -158.03105608   3 102 
111  21.48614467 -158.03191082 
112  21.48582689 -158.03271053  21.48598371 -158.03230972   3 102 
111  21.48553721 -158.03210481   3 102 
112  21.48494187 -158.03183160  21.48449537 -158.03162669   3 102 
111  21.48433648 -158.03202655   3 102 
111  21.48171937 -158.03861261   3 102 
111  21.48320978 -158.03929658 
111  21.48305089 -158.03969643   3 102 
111  21.48156048 -158.03901246   3 102 
112  21.47894336 -158.04559853  21.47878447 -158.04599838   3 102 
111  21.47923097 -158.04620328   3 102 
112  21.47982631 -158.04647649  21.48027281 -158.04668139   3 102 
113  21.48043377 -158.04628249 
120 Default hold RWY 06 (near)
111  21.47936975 -158.04673974   4 
115  21.47952864 -158.04633988 
120 Default hold RWY 06 (centre)
111  21.48230465 -158.03935397   4 
115  21.48246354 -158.03895412 
120 Default hold RWY 06 (far)
111  21.48523954 -158.03196820   4 
115  21.48539843 -158.03156835 
18   21.48610342 -158.04086163 4 BCN
19   21.48128321 -158.04856339 1 WS
19   21.48571667 -158.03076864 1 WS
50 11967 ATIS
51 12630 CTAF
53 12185 GND
54 12630 TWR
54 11830 VFR ADVSY SVC
54 12090 VFR ADVSY SVC
55 11830 HONOLULU APP
55 11910 HONOLULU APP
56 11830 DEP
56 11910 DEP
56 12480 DEP
