1      454 1 0 PHMK MOLOKAI
100   30.48   1   0 0.25 0 2 0 05   21.14963300 -157.10107200    0.00    0.00 2  0 0 1 23   21.15574200 -157.08960600  180.75    0.00 2  0 0 0
100   30.48   1   0 0.25 0 2 0 17   21.15746400 -157.09757500  129.85    0.00 2  0 0 0 35   21.14888100 -157.09758100    0.00    0.00 2  0 0 0
21   21.15081685 -157.09957462  2  60.26   3.00 05  PAPI-4L
10   21.14999000 -157.10112000 xxx 150.00   200 0.0 0.0   100 161161  2 0 0 0.25 0
10   21.15329000 -157.09565700 xxx  60.11  4494 0.0 0.0   100 161161  2 0 0 0.25 0
10   21.15340000 -157.09474200 xxx  27.00   450 0.0 0.0   100 161161  2 0 0 0.25 0
10   21.15439000 -157.09643600 xxx 130.00  1000 0.0 0.0   100 161161  2 0 0 0.25 0
10   21.15547900 -157.09265100 xxx  60.11   600 0.0 0.0   300 161161  2 0 0 0.25 0
10   21.15599100 -157.08982800 xxx 150.00   200 0.0 0.0   100 161161  2 0 0 0.25 0
10   21.15449000 -157.09283400 xxx 150.00   200 0.0 0.0   150 161161  2 0 0 0.25 0
18   21.15317335 -157.09654859 1 BCN
19   21.14985418 -157.10154622 1 WS
19   21.15773803 -157.09713362 1 WS
19   21.15552079 -157.08913178 1 WS
19   21.14860697 -157.09802235 1 WS
50 12820 ATIS
51 12570 CTAF
53 12190 GND
54 12570 TWR
