1     2671 0 1 PHMU WAIMEA KOHALA
100   30.48   1   0 0.25 0 2 0 04   19.99692200 -155.67406900    0.00    0.00 2  0 0 1 22   20.00573100 -155.66214400    0.00    0.00 2  0 0 1
21   19.99827663 -155.67276594  5  51.83   3.00 04  VASI-3L
21   20.00437646 -155.66344724  5 231.83   3.00 22  VASI-3L
110   1 0.30  51.83 Default taxiway for RWY 04
111  19.99681595 -155.67398028   3 102 
111  19.99627509 -155.67352779   3 102 
111  20.00508449 -155.66160343   3 102 
111  20.00562535 -155.66205594 
112  20.00545582 -155.66228541  20.00553881 -155.66216919   3 102 
111  20.00540943 -155.66206094   3 102 
112  20.00523692 -155.66191661  20.00510754 -155.66180836   3 102 
111  20.00502278 -155.66192310   3 102 
111  20.00082999 -155.66759845   3 102 
111  20.00126303 -155.66796074 
111  20.00117827 -155.66807547   3 102 
111  20.00074523 -155.66771318   3 102 
112  19.99655244 -155.67338852  19.99646767 -155.67350325   3 102 
111  19.99659705 -155.67361149   3 102 
112  19.99676956 -155.67375581  19.99689894 -155.67386406   3 102 
113  19.99698548 -155.67375081 
120 Default hold RWY 04 (near)
111  19.99659854 -155.67379839   4 
115  19.99668330 -155.67368365 
120 Default hold RWY 04 (centre)
111  20.00096086 -155.66789359   4 
115  20.00104562 -155.66777886 
120 Default hold RWY 04 (far)
111  20.00532317 -155.66198878   4 
115  20.00540794 -155.66187405 
18   20.00208108 -155.66873874 1 BCN
19   19.99707593 -155.67456908 1 WS
19   20.00557704 -155.66164390 1 WS
51 12290 CTAF
