1       24 1 1 PHNG KANEOHE BAY MCAF
100   60.96   1   0 0.25 0 3 0 04   21.44381400 -157.77691100    0.00    0.00 2  5 0 1 22   21.45709200 -157.75898300    0.00    0.00 2  5 0 1
110   1 0.30  51.49 Default taxiway for RWY 04
111  21.44360113 -157.77672899   3 102 
111  21.44252625 -157.77580993   3 102 
111  21.45580520 -157.75788346   3 102 
111  21.45688008 -157.75880261 
112  21.45653847 -157.75926379  21.45670752 -157.75903169   3 102 
111  21.45644997 -157.75881146   3 102 
112  21.45610657 -157.75851782  21.45584902 -157.75829758   3 102 
111  21.45567821 -157.75852817   3 102 
111  21.44946575 -157.76691492   3 102 
111  21.45032601 -157.76765051 
111  21.45015520 -157.76788110   3 102 
111  21.44929494 -157.76714551   3 102 
112  21.44308249 -157.77553226  21.44291168 -157.77576285   3 102 
111  21.44316923 -157.77598307   3 102 
112  21.44351263 -157.77627669  21.44377018 -157.77649690   3 102 
113  21.44394275 -157.77626781 
120 Default hold RWY 04 (near)
111  21.44317012 -157.77636047   4 
115  21.44334093 -157.77612988 
120 Default hold RWY 04 (centre)
111  21.44972419 -157.76751255   4 
115  21.44989500 -157.76728196 
120 Default hold RWY 04 (far)
111  21.45627827 -157.75866464   4 
115  21.45644907 -157.75843405 
18   21.45195568 -157.76923270 4 BCN
19   21.44411626 -157.77792271 1 WS
19   21.45678963 -157.75797123 1 WS
51 12070 CTAF
54 12070 TWR
55 12500 APP/DEP
