1     6190 1 1 PHSF BRADSHAW AAF
100   27.43   1   0 0.25 0 2 0 09   19.76096900 -155.55904200    0.00  144.17 2  0 0 0 27   19.75906100 -155.54849200    0.00  177.09 2  0 0 0
21   19.76094503 -155.55709944  2 100.88   3.00 09  PAPI-4L
110   1 0.30 100.88 Default taxiway for RWY 09
111  19.76084999 -155.55906630   3 102 
111  19.76024170 -155.55919049   3 102 
111  19.75833401 -155.54864035   3 102 
111  19.75894230 -155.54851617 
112  19.75898888 -155.54877378  19.75896338 -155.54864543   3 102 
111  19.75881792 -155.54867512   3 102 
112  19.75862398 -155.54871472  19.75847852 -155.54874442   3 102 
111  19.75850181 -155.54887322   3 102 
111  19.75939743 -155.55382628   3 102 
111  19.75988450 -155.55372684 
111  19.75990779 -155.55385564   3 102 
111  19.75942072 -155.55395508   3 102 
112  19.76031634 -155.55890814  19.76033963 -155.55903694   3 102 
111  19.76048509 -155.55900724   3 102 
112  19.76067903 -155.55896764  19.76082449 -155.55893795   3 102 
113  19.76080341 -155.55880870 
120 Default hold RWY 09 (near)
111  19.76060535 -155.55911624   4 
115  19.76058206 -155.55898744 
120 Default hold RWY 09 (centre)
111  19.75966315 -155.55390558   4 
115  19.75963986 -155.55377678 
120 Default hold RWY 09 (far)
111  19.75872095 -155.54869492   4 
115  19.75869766 -155.54856611 
18   19.76086418 -155.55359648 4 BCN
19   19.76137923 -155.55922536 1 WS
19   19.75865075 -155.54830867 1 WS
50 12470 ATIS
51 12630 CTAF
54 12630 TWR
