1       45 0 1 PR18 Camp Garcia Vieques
100   30.48   1   0 0.25 0 2 1 09   18.11452254 -065.42875154    0.00    0.00 2  0 0 0 27   18.11713946 -065.41458646    0.00    0.00 2  0 0 0
10   18.11411300 -065.42852000 xxx 169.00   300 0.0 0.0    50 101101  1 0 0 0.35 0
10   18.11667800 -065.41463500 xxx 169.00   300 0.0 0.0    50 101101  1 0 0 0.35 0
10   18.11539600 -065.42157700 xxx 169.00   300 0.0 0.0    50 101101  1 0 0 0.35 0
10   18.11502600 -065.42150100 xxx  79.00  5000 0.0 0.0    50 101101  1 0 0 0.35 0
10   18.11489100 -065.42147100 xxx  79.00   500 0.0 0.0   100 101101  1 0 0 0.35 0
18   18.11677340 -065.42186179 1 BCN
19   18.11506500 -065.42886400 0 WS
19   18.11660400 -065.41447400 0 WS
