1     1000 0 1 DN54 BAJOGA NORTHEAST
100   22.86   1   0 0.25 0 0 0 05   10.91531900  011.49603300    0.00    0.00 2  0 0 0 23   10.92491900  011.50630300    0.00  304.80 2  0 0 0
110   1 0.30  46.41 Default taxiway for RWY 05
111  10.91524613  011.49610365   3 
111  10.91487201  011.49646639   3 
111  10.92447218  011.50673608   3 
111  10.92484630  011.50637332 
112  10.92470445  011.50622157  10.92477375  011.50629903   3 
111  10.92468435  011.50638572   3 
112  10.92456515  011.50650129  10.92447575  011.50658797   3 
111  10.92440482  011.50651209   3 
111  10.91978205  011.50156694   3 
111  10.92008168  011.50127642 
111  10.92001075  011.50120055   3 
111  10.91971112  011.50149107   3 
112  10.91508835  011.49654590  10.91501743  011.49647003   3 
111  10.91510683  011.49638335   3 
112  10.91522603  011.49626778  10.91531543  011.49618110   3 
113  10.91538798  011.49625539 
120 Default hold RWY 05 (near)
111  10.91509550  011.49624970   4 
115  10.91516643  011.49632557 
120 Default hold RWY 05 (centre)
111  10.91986012  011.50134660   4 
115  10.91993105  011.50142247 
120 Default hold RWY 05 (far)
111  10.92462475  011.50644350   4 
115  10.92469567  011.50651937 
19   10.91539965  011.49566553 1 WS
19   10.92483834  011.50667048 1 WS
