1     1515 1 1 DXNG NIAMTOUGOU INTERNATIONAL
100   45.11   2   0 0.25 0 3 0 03   09.75683300  001.08700000    0.00   99.97 2 10 0 0 21   09.77783300  001.09550000    0.00   99.97 2  0 0 0
21   09.77602269  001.09517576  1 201.75   3.00 21  VASI
110   2 0.30  21.75 Default taxiway for RWY 03
111  09.75675863  001.08718918  53 102 
111  09.75638178  001.08814781  53 102 
111  09.77738189  001.09664735  53 102 
111  09.77775874  001.09568865 
112  09.77738166  001.09553604  09.77756937  001.09561447  53 102 
111  09.77747912  001.09584405  53 102 
112  09.77735880  001.09615015  09.77726855  001.09637973  53 102 
111  09.77708001  001.09630342  53 102 
111  09.76705130  001.09224443  53 102 
111  09.76735295  001.09147708 
111  09.76716441  001.09140077  53 102 
111  09.76686276  001.09216812  53 102 
112  09.75683405  001.08810912  09.75664552  001.08803282  53 102 
111  09.75673577  001.08780326  53 102 
112  09.75685609  001.08749718  09.75694634  001.08726761  53 102 
113  09.75713570  001.08734179 
120 Default hold RWY 03 (near)
111  09.75660739  001.08757391  54 
115  09.75679593  001.08765022 
120 Default hold RWY 03 (centre)
111  09.76701317  001.09178551  54 
115  09.76720171  001.09186182 
120 Default hold RWY 03 (far)
111  09.77741896  001.09599710  54 
115  09.77760750  001.09607340 
18   09.76785881  001.08991030 4 BCN
19   09.75668154  001.08627348 1 WS
19   09.77798445  001.09622657 1 WS
54 12260 A/G VOICE RDO
54 11830 TWR
