1     2648 0 1 FAAG Aggeneys
100   20.12   1   0 0.25 0 2 1 07  -29.28768593  018.80625938    0.00    0.00 2  0 0 0 25  -29.27528007  018.82263862    0.00    0.00 2  0 0 0
21  -29.28628808  018.80760077  2  49.03   3.00 07  PAPI-4L
21  -29.27667808  018.82129763  2 229.03   3.00 25  PAPI-4L
10  -29.28019000  018.81903300 xxx 291.68  4800 0.0 0.0   100 161161  5 0 0 0.25 0
10  -29.27821400  018.81729300 xxx 342.92   600 0.0 0.0    66 161161  2 0 0 0.25 0
10  -29.27736700  018.81642200 xxx  73.50   400 0.0 0.0   200 161161  2 0 0 0.25 0
14  -29.28048300  018.81444900    0 0 Tower Viewpoint
18  -29.28100458  018.81397319 1 BCN
19  -29.27853800  018.81648800 0 WS
