1     3250 0 1 FACV Calvinia
100   14.94   1   0 0.25 0 2 1 09  -31.50216202  019.72061086    0.00    0.00 2  0 0 0 27  -31.49781998  019.73274314    0.00    0.00 2  0 0 0
10  -31.50171600  019.72073500 xxx 159.09   250 0.0 0.0   200 161161  2 0 0 0.25 0
10  -31.50137200  019.72547600 xxx  95.86  2200 0.0 0.0   100 161161  5 0 0 0.25 0
10  -31.50223800  019.72829100 xxx 339.15   550 0.0 0.0   100 161161  5 0 0 0.25 0
10  -31.50045800  019.72811000 xxx   4.59   740 0.0 0.0   100 161161  5 0 0 0.25 0
14  -31.50108700  019.72052400    0 0 Tower Viewpoint
18  -31.49955851  019.72646423 1 BCN
19  -31.50247000  019.72088200 0 WS
19  -31.49751200  019.73232400 0 WS
