1     3531 0 1 FAGY Greytown
100   10.97   1   0 0.25 0 2 1 06  -29.12741518  030.58107768  161.85    0.00 2  0 0 0 24  -29.11655082  030.59215432    0.00    0.00 2  0 0 0
10  -29.12893600  030.58094000 xxx  42.00   851 0.0 0.0   510 161161  2 0 0 0.25 0
10  -29.12726500  030.58168000 xxx  15.00   450 0.0 0.0    66 101101  5 0 0 0.25 0
14  -29.12800200  030.58213300    0 0 Tower Viewpoint
18  -29.12369200  030.58411600 1 BCN
19  -29.12223500  030.58521800 1 WS
51 12350 CTAF
55 11910 DURBAN APP
55 11990 DURBAN APP
