1       50 0 1 FASD Saldanha Vredenburg
100   24.99   1   0 0.25 0 2 1 02  -32.97055419  017.96979689    0.00    0.00 2  0 0 0 20  -32.95770581  017.96917111    0.00    0.00 2  0 0 0
10  -32.97029200  017.96939800 xxx 355.66   200 0.0 0.0   200 161161  2 0 0 0.25 0
10  -32.95924300  017.96989100 xxx  26.57   720 0.0 0.0    50 161161  2 0 0 0.25 0
10  -32.95800300  017.97064000 xxx 206.33   328 0.0 0.0   100 161161  2 0 0 0.25 0
10  -32.95773200  017.96993900 xxx 266.25   450 0.0 0.0    10 161161  2 0 0 0.25 0
10  -32.95795500  017.96990100 xxx   0.00   150 0.0 0.0   100 161161  2 0 0 0.25 0
14  -32.95821000  017.97126700    0 0 Tower Viewpoint
18  -32.96416214  017.96854647 1 BCN
19  -32.96543400  017.96873300 0 WS
55 12250 LANGEBAANWEG APP
