1     4078 0 1 FV77 MHANGURA
100    9.14   1   0 0.25 0 0 0 05  -16.91530300  030.23748900    0.00    0.00 2  0 0 0 23  -16.90496700  030.24740300    0.00    0.00 2  0 0 0
110   1 0.30  42.54 Default taxiway for RWY 05
111 -16.91532930  030.23751895   3 
111 -16.91546992  030.23767911   3 
111 -16.90513416  030.24759364   3 
111 -16.90499354  030.24743349 
112 -16.90505417  030.24737534 -16.90502537  030.24740615   3 
111 -16.90505875  030.24744417   3 
112 -16.90510327  030.24749486 -16.90513665  030.24753288   3 
111 -16.90516697  030.24750380   3 
111 -16.91025906  030.24261923   3 
111 -16.91014626  030.24249076 
111 -16.91017658  030.24246168   3 
111 -16.91028938  030.24259015   3 
112 -16.91538147  030.23770558 -16.91541179  030.23767650   3 
111 -16.91537841  030.23763848   3 
112 -16.91533389  030.23758779 -16.91530051  030.23754976   3 
113 -16.91526867  030.23757711 
120 Default hold RWY 05 (near)
111 -16.91538646  030.23758405   4 
115 -16.91535615  030.23761313 
120 Default hold RWY 05 (centre)
111 -16.91023374  030.24252678   4 
115 -16.91020342  030.24255586 
120 Default hold RWY 05 (far)
111 -16.90508101  030.24746952   4 
115 -16.90505070  030.24749859 
19  -16.91528017  030.23733579 1 WS
19  -16.90498983  030.24755620 1 WS
