1     4100 0 0 FYGL Omaruru Game Lodge
100   11.89   1   1 0.00 0 0 0 06  -21.33000000  016.08210000    0.00    0.00 2  0 0 0 24  -21.32460000  016.09210000    0.00    0.00 2  0 0 0
110   1 0.05  59.90 Default taxiway for RWY 06
111 -21.33004433  016.08212759   3 
111 -21.33027765  016.08227278   3 
111 -21.32487795  016.09227314   3 
111 -21.32464463  016.09212795 
112 -21.32469827  016.09202859 -21.32467340  016.09207949   3 
111 -21.32472893  016.09211404   3 
112 -21.32480297  016.09216011 -21.32485850  016.09219467   3 
111 -21.32488532  016.09214499   3 
111 -21.32751812  016.08726900   3 
111 -21.32733107  016.08715260 
111 -21.32735789  016.08710292   3 
111 -21.32754494  016.08721932   3 
112 -21.33017773  016.08234334 -21.33020456  016.08229366   3 
111 -21.33014903  016.08225911   3 
112 -21.33007499  016.08221303 -21.33001946  016.08217848   3 
113 -21.32999068  016.08222695 
120 Default hold RWY 06 (near)
111 -21.33013883  016.08218639   4 
115 -21.33011201  016.08223607 
120 Default hold RWY 06 (centre)
111 -21.32745239  016.08716173   4 
115 -21.32742557  016.08721141 
120 Default hold RWY 06 (far)
111 -21.32476595  016.09213708   4 
115 -21.32473913  016.09218676 
19  -21.32991601  016.08191499 1 WS
19  -21.32468399  016.09228501 1 WS
