1     2569 1 1 FZRF KALEMIE
100   27.43   1   0 0.25 0 0 0 06  -05.87974200  029.24263600    0.00    0.00 2  0 0 0 24  -05.87135300  029.25604200    0.00    0.00 2  0 0 0
110   1 0.30  57.83 Default taxiway for RWY 06
111 -05.87984458  029.24270087   3 
111 -05.88036889  029.24303243   3 
111 -05.87198005  029.25643862   3 
111 -05.87145574  029.25610707 
112 -05.87158719  029.25589700 -05.87152336  029.25600324   3 
111 -05.87164874  029.25608253   3 
112 -05.87181591  029.25618824 -05.87194129  029.25626752   3 
111 -05.87200702  029.25616248   3 
111 -05.87603713  029.24972198   3 
111 -05.87561730  029.24945649 
111 -05.87568302  029.24935145   3 
111 -05.87610285  029.24961694   3 
112 -05.88013296  029.24317643 -05.88019869  029.24307139   3 
111 -05.88007331  029.24299210   3 
112 -05.87990614  029.24288639 -05.87978076  029.24280710   3 
113 -05.87971313  029.24291094 
120 Default hold RWY 06 (near)
111 -05.88005544  029.24283422   4 
115 -05.87998972  029.24293925 
120 Default hold RWY 06 (centre)
111 -05.87589388  029.24948479   4 
115 -05.87582816  029.24958983 
120 Default hold RWY 06 (far)
111 -05.87173232  029.25613538   4 
115 -05.87166660  029.25624041 
19  -05.87956001  029.24222771 1 WS
19  -05.87153499  029.25645028 1 WS
54 11870 TWR
54 11810 TWR
