1       80 0 0 AGGD Mbambanakira
100   74.07   3   0 1.00 0 0 0 17  -09.74413212  159.83947291    0.00    0.00 0  0 0 0 35  -09.75101794  159.83980240    0.00    0.00 0  0 0 0
110   3 1.00 177.30 New Taxiway 5
111 -09.74618508  159.83984923 
112 -09.74535047  159.84010327 -09.74517163  159.84022425 
111 -09.74471260  159.84041781 
112 -09.74431855  159.84001036 -09.74407330  159.83999572 
111 -09.74364050  159.84044217 
111 -09.74321491  159.84001767 
111 -09.74378477  159.83960050 
111 -09.74296731  159.83808038 
112 -09.74306252  159.83808038 -09.74307839  159.83815284 
112 -09.74375284  159.83912699 -09.74380839  159.83913504 
113 -09.74421306  159.83914309 
14  -09.74373424  159.83934360    6 0 New Tower Viewpoint 23
15  -09.74378193  159.83971862 201.50 New Ramp Start 22
19  -09.74414558  159.83991823 0 New Windsock 24
