1     2250 0 1 HI13 Puu Waa Waa Ranch
100   12.19   1   0 0.25 0 0 0 02   19.78515699 -155.85221180    0.00    0.00 2  0 0 0 20   19.79209301 -155.84778266    0.00    0.00 2  0 0 0
110   1 0.30  31.00 Default taxiway for RWY 02
111  19.78512989 -155.85216388   3 
111  19.78498746 -155.85191195   3 
111  19.79192353 -155.84748299   3 
111  19.79206596 -155.84773492 
112  19.79197192 -155.84779498  19.79201779 -155.84776290   3 
111  19.79198388 -155.84770293   3 
112  19.79193867 -155.84762297  19.79190477 -155.84756300   3 
111  19.79185775 -155.84759303   3 
111  19.78850727 -155.84973243   3 
111  19.78862144 -155.84993438 
111  19.78857442 -155.84996441   3 
111  19.78846025 -155.84976246   3 
112  19.78510977 -155.85190188  19.78506274 -155.85193190   3 
111  19.78509664 -155.85199187   3 
112  19.78514185 -155.85207183  19.78517576 -155.85213180   3 
113  19.78522394 -155.85210383 
120 Default hold RWY 02 (near)
111  19.78507223 -155.85206188   4 
115  19.78511925 -155.85203185 
120 Default hold RWY 02 (centre)
111  19.78851676 -155.84986241   4 
115  19.78856378 -155.84983238 
120 Default hold RWY 02 (far)
111  19.79196128 -155.84766295   4 
115  19.79200830 -155.84763292 
19   19.78514770 -155.85242177 1 WS
19   19.79210229 -155.84757267 1 WS
