1       41 1 1 RJDB IKI
100   30.48   1   0 0.25 0 3 0 02   33.74318900  129.78464700   60.05    0.00 2  0 0 1 20   33.75497800  129.78689400   60.05    0.00 2  0 0 1
21   33.74555283  129.78468942  2   9.01   3.00 02  PAPI-4L
21   33.75261417  129.78685149  2 189.01   3.00 20  PAPI-4L
110   1 0.30   9.01 Default taxiway for RWY 02
111  33.74316789  129.78480723   3 102 
111  33.74306020  129.78562441   3 102 
111  33.75484922  129.78787124   3 102 
111  33.75495691  129.78705394 
112  33.75468599  129.78700231  33.75482109  129.78703080   3 102 
111  33.75479533  129.78722631   3 102 
112  33.75476099  129.78748699  33.75473523  129.78768250   3 102 
111  33.75459977  129.78765668   3 102 
111  33.74904391  129.78659782   3 102 
111  33.74913013  129.78594349 
111  33.74899467  129.78591768   3 102 
111  33.74890845  129.78657200   3 102 
112  33.74335259  129.78551314  33.74321713  129.78548733   3 102 
111  33.74324289  129.78529185   3 102 
112  33.74327723  129.78503120  33.74330299  129.78483572   3 102 
113  33.74343881  129.78485886 
120 Default hold RWY 02 (near)
111  33.74312460  129.78513571   4 
115  33.74326006  129.78516153 
120 Default hold RWY 02 (centre)
111  33.74895138  129.78624618   4 
115  33.74908684  129.78627199 
120 Default hold RWY 02 (far)
111  33.75477816  129.78735665   4 
115  33.75491362  129.78738246 
18   33.74923171  129.78462956 1 BCN
19   33.74298248  129.78410667 1 WS
19   33.75518451  129.78743441 1 WS
54 11820 IKI REMOTE
