1       35 1 0 RKU  Kairuku
100   52.12   3   0 1.00 0 0 0 15  -08.80989174  146.52175285    0.00    0.00 0  0 0 0 33  -08.81800503  146.52565136    0.00    0.00 0  0 0 0
110   3 0.25 154.60 New Taxiway 1
111 -08.81521921  146.52408139 
112 -08.81546472  146.52399858 -08.81558748  146.52404689 
111 -08.81816535  146.52521319 
111 -08.81809033  146.52547544 
113 -08.81530787  146.52426772 
14  -08.81755839  146.52493714    6 0 New Tower Viewpoint 3
15  -08.81780390  146.52515798 343.69 New Ramp Start 1
19  -08.81712874  146.52466800 0 New Windsock 2
50 12660 KKU ATIS
53 12550 KAIRUKU GND
54 12360 KAIRUKU TWR
