1      291 1 1 RPUO BASCO
100   29.87   1   0 0.25 0 0 0 06   20.44828100  121.97533100    0.00   91.44 2  0 0 0 24   20.45436400  121.98443600    0.00    0.00 2  0 0 0
110   1 0.30  54.51 Default taxiway for RWY 06
111  20.44817340  121.97541289   3 
111  20.44762440  121.97583069   3 
111  20.45370764  121.98493535   3 
111  20.45425664  121.98451753 
112  20.45410057  121.98428394  20.45417677  121.98440214   3 
111  20.45404545  121.98450208   3 
112  20.45387035  121.98463534  20.45373903  121.98473528   3 
111  20.45366100  121.98461848   3 
111  20.45081447  121.98035814   3 
111  20.45125404  121.98002361 
111  20.45117600  121.97990681   3 
111  20.45073643  121.98024134   3 
112  20.44788990  121.97598099  20.44781186  121.97586420   3 
111  20.44794318  121.97576426   3 
112  20.44811828  121.97563101  20.44824960  121.97553107   3 
113  20.44832947  121.97564647 
120 Default hold RWY 06 (near)
111  20.44795270  121.97558085   4 
115  20.44803073  121.97569764 
120 Default hold RWY 06 (centre)
111  20.45095530  121.98007477   4 
115  20.45103334  121.98019157 
120 Default hold RWY 06 (far)
111  20.45395790  121.98456871   4 
115  20.45403594  121.98468550 
19   20.44845323  121.97484757 1 WS
19   20.45419175  121.98491944 1 WS
54 12350 TWR
