1       10 0 1 RPVU ROMBLON
100   29.87   1   0 0.25 0 0 0 03   12.30532500  122.08175300    0.00   45.72 2  0 0 0 21   12.31664700  122.08725300    0.00    0.00 2  0 0 0
110   1 0.30  25.39 Default taxiway for RWY 03
111  12.30526834  122.08187520   3 
111  12.30497923  122.08249868   3 
111  12.31630128  122.08799847   3 
111  12.31659039  122.08737497 
112  12.31634755  122.08725701  12.31646800  122.08731807   3 
111  12.31639885  122.08746721   3 
112  12.31630664  122.08766606  12.31623749  122.08781521   3 
111  12.31611607  122.08775623   3 
111  12.31075860  122.08515378   3 
111  12.31099008  122.08465457 
111  12.31086866  122.08459559   3 
111  12.31063718  122.08509480   3 
112  12.30527971  122.08249237  12.30515828  122.08243338   3 
111  12.30522743  122.08228424   3 
112  12.30531964  122.08208540  12.30538879  122.08193626   3 
113  12.30551119  122.08199317 
120 Default hold RWY 03 (near)
111  12.30515212  122.08212584   4 
115  12.30527354  122.08218482 
120 Default hold RWY 03 (centre)
111  12.31075244  122.08484624   4 
115  12.31087386  122.08490522 
120 Default hold RWY 03 (far)
111  12.31635275  122.08756664   4 
115  12.31647417  122.08762562 
19   12.30525503  122.08126219 1 WS
19   12.31671696  122.08774383 1 WS
