1     4742 0 1 U70  CASCADE
100   18.29   1   0 0.25 0 2 0 12   44.49805600 -116.02194400    0.00    0.00 2  0 0 0 30   44.48972200 -116.01055600    0.00    0.00 2  0 0 0
110   1 0.30 135.73 Default taxiway for RWY 12
111  44.49800013 -116.02202435   3 102 
111  44.49771135 -116.02243966   3 102 
111  44.48937792 -116.01104996   3 102 
111  44.48966670 -116.01063471 
112  44.48978454 -116.01079578  44.48972405 -116.01071751   3 102 
111  44.48965512 -116.01081663   3 102 
112  44.48956321 -116.01094878  44.48949428 -116.01104790   3 102 
111  44.48955320 -116.01112843   3 102 
111  44.49357261 -116.01662194   3 102 
111  44.49380395 -116.01628927 
111  44.49386287 -116.01636980   3 102 
111  44.49363153 -116.01670247   3 102 
112  44.49765094 -116.02219598  44.49770987 -116.02227652   3 102 
111  44.49777880 -116.02217739   3 102 
112  44.49787071 -116.02204521  44.49793964 -116.02194608   3 102 
113  44.49788228 -116.02186328 
120 Default hold RWY 12 (near)
111  44.49788367 -116.02219183   4 
115  44.49782475 -116.02211130 
120 Default hold RWY 12 (centre)
111  44.49374641 -116.01653726   4 
115  44.49368749 -116.01645673 
120 Default hold RWY 12 (far)
111  44.48960916 -116.01088270   4 
115  44.48955024 -116.01080216 
18   44.49429221 -116.01567210 1 BCN
19   44.49834618 -116.02185724 1 WS
19   44.48943184 -116.01064281 1 WS
51 12290 CTAF
