1      600 0 1 UK60 KHARKIV NORTH
100   56.39   2   0 0.25 0 0 0 03   50.01831400  036.26047800    0.00    0.00 2  0 0 0 21   50.03196400  036.27408100    0.00    0.00 2  0 0 0
21   50.02007342  036.26139604  2  32.62   3.00 03  PAPI-4L
21   50.03020470  036.27316216  2 212.63   3.00 21  PAPI-4L
110   2 0.30  32.62 Default taxiway for RWY 03
111  50.01817842  036.26080763  53 
111  50.01749327  036.26247346  53 
111  50.03114406  036.27607316  53 
111  50.03182921  036.27440685 
112  50.03140182  036.27398108  50.03161431  036.27419692  53 
111  50.03145017  036.27459612  53 
112  50.03123130  036.27512840  50.03106716  036.27552760  53 
111  50.03085346  036.27531470  53 
111  50.02456230  036.26904714  53 
111  50.02511066  036.26771369 
111  50.02489697  036.26750079  53 
111  50.02434861  036.26883424  53 
112  50.01805745  036.26256667  50.01784376  036.26235378  53 
111  50.01800790  036.26195469  53 
112  50.01822677  036.26142256  50.01839091  036.26102347  53 
113  50.01860581  036.26123340 
120 Default hold RWY 03 (near)
111  50.01790363  036.26147573  54 
115  50.01811733  036.26168863 
120 Default hold RWY 03 (centre)
111  50.02462218  036.26816899  54 
115  50.02483587  036.26838189 
120 Default hold RWY 03 (far)
111  50.03134073  036.27486226  54 
115  50.03155442  036.27507515 
19   50.01829624  036.25905630 1 WS
19   50.03198160  036.27550312 1 WS
