1      508 1 1 UKHH OSNOVA INTL
100   50.29   1   0 0.25 0 3 0 08   49.92485600  036.27453300    0.00   39.62 3  7 0 0 26   49.92471700  036.30544200    0.00   39.62 3  1 0 0
110   1 0.30  90.39 Default taxiway for RWY 08
111  49.92463196  036.27453064   3 102 
111  49.92349826  036.27451870   3 102 
111  49.92336337  036.30542779   3 102 
111  49.92449707  036.30543973 
112  49.92450014  036.30473673  49.92449635  036.30508821   3 102 
111  49.92422480  036.30508535   3 102 
112  49.92386274  036.30508154  49.92359119  036.30507868   3 102 
111  49.92359273  036.30472718   3 102 
111  49.92365634  036.29015138   3 102 
111  49.92456375  036.29016093 
111  49.92456528  036.28980944   3 102 
111  49.92365787  036.28979989   3 102 
112  49.92372148  036.27522408  49.92372302  036.27487259   3 102 
111  49.92399457  036.27487545   3 102 
112  49.92435663  036.27487926  49.92462818  036.27488212   3 102 
113  49.92462889  036.27523363 
120 Default hold RWY 08 (near)
111  49.92417713  036.27452585   4 
115  49.92417560  036.27487735 
120 Default hold RWY 08 (centre)
111  49.92411045  036.28980465   4 
115  49.92410892  036.29015614 
120 Default hold RWY 08 (far)
111  49.92404377  036.30508344   4 
115  49.92404224  036.30543494 
18   49.92637122  036.29000273 1 BCN
19   49.92553657  036.27383714 1 WS
19   49.92403625  036.30613742 1 WS
53 11900 KHARKIV GND
54 11810 KHARKIV TWR
55 11810 KHARKIV RADAR
55 12370 KHARKIV RADAR
