1      110 0 1 CYFB IQALUIT
100   60.96   1   0 0.25 0 3 0 17   63.76497200 -068.57398300    0.00    0.00 2  0 0 1 35   63.74780300 -068.53769400    0.00    0.00 2 10 0 0
21   63.76397999 -068.57042170  2 136.92   3.00 17  PAPI-4L
110   1 0.30 136.92 Default taxiway for RWY 17
111  63.76478618 -068.57443250   3 102 
111  63.76384788 -068.57670228   3 102 
111  63.74668344 -068.54038956   3 102 
111  63.74762174 -068.53812116 
112  63.74802243 -068.53896882  63.74782055 -068.53854870   3 102 
111  63.74759572 -068.53909223   3 102 
112  63.74729596 -068.53981693  63.74707113 -068.54036046   3 102 
111  63.74727148 -068.54078431   3 102 
111  63.75535284 -068.55788093   3 102 
111  63.75610379 -068.55606492 
111  63.75630413 -068.55648874   3 102 
111  63.75555318 -068.55830476   3 102 
112  63.76363454 -068.57540138  63.76383489 -068.57582522   3 102 
111  63.76405972 -068.57528137   3 102 
112  63.76435948 -068.57455623  63.76458431 -068.57401238   3 102 
113  63.76438549 -068.57358484 
120 Default hold RWY 17 (near)
111  63.76440994 -068.57534264   4 
115  63.76420960 -068.57491880 
120 Default hold RWY 17 (centre)
111  63.75592789 -068.55739861   4 
115  63.75572755 -068.55697478 
120 Default hold RWY 17 (far)
111  63.74744584 -068.53945458   4 
115  63.74724550 -068.53903075 
18   63.75770272 -068.55265904 1 BCN
19   63.76593475 -068.57347099 1 WS
19   63.74684038 -068.53820689 1 WS
54 12690 ARCTIC  RDO
54 12220 MF
