1     1435 0 1 CZUC IGNACE MUNI
100   22.86   1   0 0.25 0 1 0 05   49.42638900 -091.72361100    0.00    0.00 2  0 0 0 23   49.43277800 -091.71221900    0.00    0.00 2  0 0 0
110   1 0.30  49.22 Default taxiway for RWY 05
111  49.42631281 -091.72350997   3 102 
111  49.42592164 -091.72299129   3 102 
111  49.43231120 -091.71160069   3 102 
111  49.43270237 -091.71211944 
112  49.43256801 -091.71235896  49.43263349 -091.71223694   3 102 
111  49.43254001 -091.71211298   3 102 
112  49.43241538 -091.71194771  49.43232191 -091.71182375   3 102 
111  49.43225473 -091.71194351   3 102 
111  49.42922790 -091.71733940   3 102 
111  49.42954118 -091.71775483 
111  49.42947400 -091.71787459   3 102 
111  49.42916072 -091.71745916   3 102 
112  49.42613389 -091.72285505  49.42606671 -091.72297481   3 102 
111  49.42616018 -091.72309876   3 102 
112  49.42628481 -091.72326401  49.42637829 -091.72338795   3 102 
113  49.42644717 -091.72327045 
120 Default hold RWY 05 (near)
111  49.42615532 -091.72330114   4 
115  49.42622250 -091.72318138 
120 Default hold RWY 05 (centre)
111  49.42931651 -091.71766574   4 
115  49.42938369 -091.71754598 
120 Default hold RWY 05 (far)
111  49.43247770 -091.71203034   4 
115  49.43254488 -091.71191058 
18   49.43012737 -091.71863853 1 BCN
19   49.42648728 -091.72415900 1 WS
19   49.43267966 -091.71167095 1 WS
51 12280 CTAF
