1      898 0 1 I68  LEBANON WARREN CO
100   19.81   1   0 0.25 0 2 0 01   39.45601100 -084.25242800  192.02    0.00 2  0 0 1 19   39.46833600 -084.25126700  124.97    0.00 2  0 0 1
21   39.45955046 -084.25246752  2   4.16   3.00 01  PAPI-4L
21   39.46539840 -084.25117085  2 184.16   3.00 19  PAPI-4L
110   1 0.30   4.16 Default taxiway for RWY 01
111  39.45600470 -084.25231575   3 102 
111  39.45597221 -084.25173707   3 102 
111  39.46829722 -084.25057616   3 102 
111  39.46832971 -084.25115494 
112  39.46815188 -084.25117168  39.46824062 -084.25116041   3 102 
111  39.46823287 -084.25102220   3 102 
112  39.46822252 -084.25083792  39.46821476 -084.25069971   3 102 
111  39.46812585 -084.25070808   3 102 
111  39.46218563 -084.25126760   3 102 
111  39.46221166 -084.25173116 
111  39.46212275 -084.25173953   3 102 
111  39.46209672 -084.25127597   3 102 
112  39.45615649 -084.25183548  39.45606758 -084.25184386   3 102 
111  39.45607534 -084.25198204   3 102 
112  39.45608569 -084.25216629  39.45609344 -084.25230448   3 102 
113  39.45618252 -084.25229900 
120 Default hold RWY 01 (near)
111  39.45599160 -084.25208254   4 
115  39.45608051 -084.25207417 
120 Default hold RWY 01 (centre)
111  39.46210965 -084.25150630   4 
115  39.46219856 -084.25149793 
120 Default hold RWY 01 (far)
111  39.46822769 -084.25093006   4 
115  39.46831661 -084.25092169 
18   39.46221708 -084.25265213 1 BCN
19   39.45585248 -084.25278844 1 WS
19   39.46849452 -084.25090650 1 WS
50 11892 AWOS 3
51 12307 CTAF/UNICOM
52 11940 DAYTON CLNC DEL
55 11885 DAYTON APP
56 12650 DAYTON DEP
