1     2118 0 1 O22  COLUMBIA
100   22.86   1   0 0.25 0 2 0 17   38.03666700 -120.41162200  181.36   64.62 2  0 0 1 35   38.02404400 -120.41448300  179.53  137.16 2  0 0 1
100   30.48   3   0 0.25 0 0 0 11   38.03302200 -120.42051400    0.00    0.00 1  0 0 0 29   38.02809400 -120.41398300    0.00    0.00 1  0 0 0
21   38.03324037 -120.41204560  1 190.12   3.00 17  VASI
21   38.02745443 -120.41406329  1  10.12   3.00 35  VASI
110   1 0.30 190.12 Default taxiway for RWY 17
111  38.03668468 -120.41174775   3 102 
111  38.03677548 -120.41239339   3 102 
111  38.02415251 -120.41525475   3 102 
111  38.02406171 -120.41460922 
112  38.02426424 -120.41456331  38.02416338 -120.41458908   3 102 
111  38.02418507 -120.41474334   3 102 
112  38.02421400 -120.41494901  38.02423570 -120.41510326   3 102 
111  38.02433696 -120.41508030   3 102 
111  38.03039529 -120.41370699   3 102 
111  38.03032257 -120.41318996 
111  38.03042383 -120.41316701   3 102 
111  38.03049655 -120.41368404   3 102 
112  38.03655488 -120.41231074  38.03665614 -120.41228778   3 102 
111  38.03663444 -120.41213350   3 102 
112  38.03660551 -120.41192779  38.03658382 -120.41177352   3 102 
113  38.03648216 -120.41179366 
120 Default hold RWY 17 (near)
111  38.03672124 -120.41200770   4 
115  38.03661998 -120.41203065 
120 Default hold RWY 17 (centre)
111  38.03046039 -120.41342693   4 
115  38.03035913 -120.41344988 
120 Default hold RWY 17 (far)
111  38.02419954 -120.41484617   4 
115  38.02409827 -120.41486912 
18   38.03023013 -120.41215437 1 BCN
19   38.03350887 -120.42040415 1 WS
19   38.03681552 -120.41119211 1 WS
19   38.02760713 -120.41409289 1 WS
19   38.02389547 -120.41491281 1 WS
50 12465 AWOS 3
51 12297 CTAF/UNICOM
