1     4044 0 0 O81  Tulelake Muni
100   13.41   1   0 0.25 0 2 1 11   41.89027800 -121.36471900    0.00    0.00 2  0 0 0 29   41.88416700 -121.35445000    0.00    0.00 2  0 0 0
10   41.88694000 -121.35988600 xxx 128.64  3568 0.0 0.0    72 101101  4 0 0 0.35 0
10   41.88781400 -121.35849000 xxx 218.64  2532 0.0 0.0    82 101101  4 0 0 0.35 0
10   41.88868000 -121.36344900 xxx 128.64   657 0.0 0.0   244 161161  1 0 0 0.35 0
10   41.89008700 -121.36481500 xxx 218.64   132 0.0 0.0    22 101101  1 0 0 0.35 0
10   41.88902300 -121.36299100 xxx 218.64   132 0.0 0.0    22 161161  1 0 0 0.35 0
14   41.88890100 -121.36351000    0 0 ATC Tower
15   41.88826800 -121.36277800   0.00 LOC
18   41.88755276 -121.35922985 1 BCN
19   41.89046500 -121.36451700 1 WS
19   41.88398000 -121.35465200 1 WS
51 12290 CTAF
