1     1457 0 1 OAUZ KONDUZ
100   45.11   1   0 0.25 0 0 0 11   36.66875000  068.90058300    0.00    0.00 2  0 0 0 29   36.66166700  068.92113900    0.00    0.00 2  0 0 0
110   1 0.30 113.24 Default taxiway for RWY 11
111  36.66856556  068.90048425   3 
111  36.66763094  068.89998386   3 
111  36.66054971  068.92054181   3 
111  36.66148433  068.92104215 
112  36.66164452  068.92057710  36.66156235  068.92080852   3 
111  36.66133854  068.92068871   3 
112  36.66104012  068.92052895  36.66081631  068.92040914   3 
111  36.66089641  068.92017661   3 
111  36.66423679  068.91047895   3 
111  36.66498490  068.91087947 
111  36.66506499  068.91064694   3 
111  36.66431688  068.91024642   3 
112  36.66765726  068.90054877  36.66773736  068.90031625   3 
111  36.66796117  068.90043608   3 
112  36.66825959  068.90059585  36.66848340  068.90071567   3 
113  36.66840537  068.90094930 
120 Default hold RWY 11 (near)
111  36.66819047  068.90028343   4 
115  36.66811038  068.90051596 
120 Default hold RWY 11 (centre)
111  36.66468990  068.91044613   4 
115  36.66460981  068.91067866 
120 Default hold RWY 11 (far)
111  36.66118933  068.92060883   4 
115  36.66110924  068.92084135 
19   36.66946972  068.90041752 1 WS
19   36.66094725  068.92130428 1 WS
54 13035 INFO
