1       50 0 1 OMAH AL HAMRA AUX
100   45.11   1   0 0.25 0 0 0 17   24.08508900  052.46144200    0.00  108.20 2  0 0 0 35   24.06287200  052.46584700    0.00  108.20 2  0 0 0
110   1 0.30 169.74 Default taxiway for RWY 17
111  24.08505324  052.46122564   3 
111  24.08487204  052.46012932   3 
111  24.06265510  052.46453530   3 
111  24.06283630  052.46563144 
112  24.06323577  052.46555223  24.06303564  052.46558941   3 
111  24.06299225  052.46532692   3 
112  24.06293439  052.46497693  24.06289100  052.46471443   3 
111  24.06309073  052.46467483   3 
111  24.07369986  052.46257088   3 
111  24.07384490  052.46344835 
111  24.07404464  052.46340874   3 
111  24.07389960  052.46253127   3 
112  24.08450873  052.46042732  24.08470847  052.46038771   3 
111  24.08475186  052.46065024   3 
112  24.08480972  052.46100029  24.08485311  052.46126283   3 
113  24.08465377  052.46130486 
120 Default hold RWY 17 (near)
111  24.08498052  052.46078566   4 
115  24.08478079  052.46082527 
120 Default hold RWY 17 (centre)
111  24.07397192  052.46296879   4 
115  24.07377218  052.46300841 
120 Default hold RWY 17 (far)
111  24.06296332  052.46515192   4 
115  24.06276358  052.46519153 
19   24.08559695  052.46201912 1 WS
19   24.06236407  052.46526996 1 WS
