1     4576 0 1 OR10 ROARING SPRINGS RANCH
100   15.24   1   0 0.25 0 0 0 18   42.65611100 -118.98888900    0.00    0.00 2  0 0 0 36   42.64305600 -118.99416700    0.00    0.00 2  0 0 0
110   1 0.30 196.56 Default taxiway for RWY 18
111  42.65612991 -118.98897544   3 
111  42.65622829 -118.98942525   3 
111  42.64317341 -118.99470425   3 
111  42.64307503 -118.99425453 
112  42.64320649 -118.99420137  42.64314140 -118.99423089   3 
111  42.64316485 -118.99433811   3 
112  42.64319613 -118.99448108  42.64321959 -118.99458831   3 
111  42.64328532 -118.99456173   3 
111  42.64964844 -118.99198867   3 
111  42.64956961 -118.99162827 
111  42.64963534 -118.99160169   3 
111  42.64971417 -118.99196209   3 
112  42.65607728 -118.98938903  42.65614301 -118.98936245   3 
111  42.65611955 -118.98925520   3 
112  42.65608827 -118.98911220  42.65606482 -118.98900495   3 
113  42.65599845 -118.98902860 
120 Default hold RWY 18 (near)
111  42.65616964 -118.98915713   4 
115  42.65610391 -118.98918370 
120 Default hold RWY 18 (centre)
111  42.64967507 -118.99178336   4 
115  42.64960934 -118.99180994 
120 Default hold RWY 18 (far)
111  42.64318049 -118.99440960   4 
115  42.64311476 -118.99443618 
19   42.65618382 -118.98856771 1 WS
19   42.64298317 -118.99448821 1 WS
