1     1886 0 1 3TA  Stafford Municipal
100   30.48   3   0 0.25 0 1 0 17   37.96172014 -098.65051129    0.00    0.00 1  0 0 0 35   37.95497652 -098.65021261    0.00    0.00 1  0 0 0
100   24.38   3   0 0.25 0 0 0 13   37.96028484 -098.65257341    0.00    0.00 1  0 0 0 31   37.95641182 -098.64815049    0.00    0.00 1  0 0 0
100   79.25   3   0 0.25 0 0 0 03   37.95664075 -098.65205400    0.00    0.00 1  0 0 0 21   37.96005591 -098.64866990    0.00    0.00 1  0 0 0
18   37.95838184 -098.64914507 1 BCN
19   37.95673735 -098.65367999 1 WS
19   37.96066817 -098.65244941 1 WS
19   37.96200863 -098.65000188 1 WS
19   37.95995926 -098.64704383 1 WS
19   37.95602850 -098.64827451 1 WS
19   37.95468803 -098.65072196 1 WS
