1       34 1 1 MMCP INGENIERO ALBERTO ACUNA ONGAY INTL
100   45.11   1   0 0.25 0 3 1 16   19.82779200 -090.50318100    0.00    0.00 2  0 0 0 34   19.80579700 -090.49744700    0.00   48.77 2  0 0 0
21   19.82613948 -090.50231127  2 166.22   3.00 16  PAPI-4L
21   19.80744955 -090.49831656  2 346.22   3.00 34  PAPI-4L
10   19.81344200 -090.50209800 xxx 163.00   700 0.0 0.0   400 161161  1 0 0 0.25 0
10   19.81280700 -090.50125100 xxx  72.00   300 0.0 0.0   100 161161  1 0 0 0.25 0
10   19.80612000 -090.49800100 xxx 165.00   300 0.0 0.0   200 161161  1 0 0 0.25 0
10   19.82725900 -090.50352500 xxx 166.00   300 0.0 0.0   200 161161  1 0 0 0.25 0
10   19.81228800 -090.49994700 xxx 124.00   800 0.0 0.0   100 161161  1 0 0 0.25 0
10   19.81645000 -090.50092300 xxx  12.00  1000 0.0 0.0   100 161161  1 0 0 0.25 0
10   19.81477200 -090.50160200 xxx  40.00   450 0.0 0.0   100 161161  1 0 0 0.25 0
14   19.81326700 -090.50280000   50 0 ATC Tower
15   19.81271200 -090.50225800 250.00 Plataforma 1
18   19.81698800 -090.49947600 1 BCN
19   19.82798500 -090.50234300 1 WS
19   19.80560400 -090.49828500 1 WS
54 11850 CAMPECHE TWR
