1      901 0 1 MMPG PIEDRAS NEGRAS INTL
100   29.87   1   0 0.25 0 3 1 12   28.63287200 -100.54351700   89.92    0.00 2  0 0 0 30   28.62191400 -100.52690300    0.00    0.00 2  0 0 0
21   28.63157057 -100.54091300  2 126.92   3.00 12  PAPI-4L
21   28.62272960 -100.52876963  2 306.93   3.00 30  PAPI-4L
10   28.62186400 -100.52732100 xxx 126.92   180 0.0 0.0   100 161161  1 0 0 0.25 0
10   28.62982700 -100.54005400 xxx  36.92   420 0.0 0.0    90 161161  1 0 0 0.25 0
10   28.62937000 -100.54103900 xxx 126.92   400 0.0 0.0   300 161161  1 0 0 0.25 0
14   28.62907000 -100.54161100   50 0 ATC Tower
15   28.62893700 -100.54090100 217.00 Plataforma 1
18   28.62782300 -100.53484200 1 BCN
19   28.63330200 -100.54314900 1 WS
19   28.62148400 -100.52727200 1 WS
54 12225 INFO
