1      855 0 1 MN63 Stocker - Private
100   30.48   3   0 0.25 0 0 0 05   44.68146070 -093.63976864    0.00    0.00 1  0 0 0 23   44.68513152 -093.63403470    0.00    0.00 1  0 0 0
100   30.48   3   0 0.25 0 0 0 09   44.68339660 -093.63959850    0.00    0.00 1  0 0 0 27   44.68319562 -093.63420484    0.00    0.00 1  0 0 0
100   30.48   3   0 0.25 0 0 0 36   44.68137866 -093.63704300    0.00    0.00 1  0 0 0 18   44.68521356 -093.63676034    0.00    0.00 1  0 0 0
19   44.68382183 -093.63995349 1 WS
19   44.68112627 -093.63764106 1 WS
19   44.68158291 -093.64044254 1 WS
19   44.68546595 -093.63616224 1 WS
19   44.68500928 -093.63336077 1 WS
19   44.68277038 -093.63384989 1 WS
