1       13 1 1 MUCC JARDINES DEL REY
100   45.11   1   0 0.25 0 1 0 08   22.45653900 -078.34238300    0.00   59.44 3  7 0 0 26   22.46535000 -078.31482200    0.00   59.44 2  0 0 0
21   22.45786009 -078.33957872  2  70.91   3.00 08  PAPI-4L
21   22.46438280 -078.31652088  2 250.92   3.00 26  PAPI-4L
110   1 0.00  70.91 Default taxiway for RWY 08
111  22.45634931 -078.34231197   3 102 
111  22.45538808 -078.34195206   3 102 
111  22.46420142 -078.31439278   3 102 
111  22.46516265 -078.31475272 
112  22.46502990 -078.31516784  22.46509414 -078.31495948   3 102 
111  22.46486395 -078.31487329   3 102 
112  22.46455704 -078.31475836  22.46432686 -078.31467217   3 102 
111  22.46426049 -078.31487973   3 102 
111  22.46001976 -078.32814047   3 102 
111  22.46078917 -078.32842857 
111  22.46072279 -078.32863613   3 102 
111  22.45995338 -078.32834803   3 102 
112  22.45571265 -078.34160876  22.45564628 -078.34181632   3 102 
111  22.45587646 -078.34190251   3 102 
112  22.45618337 -078.34201743  22.45641356 -078.34210362   3 102 
113  22.45648206 -078.34189685 
130 Airport Boundary 2
111  22.46473372 -078.34337761 
111  22.45966054 -078.34156387 
111  22.45749892 -078.34858018 
111  22.45542554 -078.34786423 
111  22.45410210 -078.35239857 
111  22.45277866 -078.35211219 
111  22.45432267 -078.34748239 
111  22.45339626 -078.34700509 
111  22.46642075 -078.30597285 
111  22.46993925 -078.30736202 
111  22.46918930 -078.30970079 
111  22.46959700 -078.30994444 
111  22.46508202 -078.32404442 
111  22.46789787 -078.32519994 
111  22.46690745 -078.32792863 
111  22.46861581 -078.32864959 
113  22.46733649 -078.33484760 
120 Default hold RWY 08 (near)
111  22.45596354 -078.34216753   4 
115  22.45602992 -078.34195997 
120 Default hold RWY 08 (centre)
111  22.46033702 -078.32849168   4 
115  22.46040340 -078.32828412 
120 Default hold RWY 08 (far)
111  22.46471050 -078.31481583   4 
115  22.46477688 -078.31460827 
18   22.46228774 -078.32910827 1 BCN
19   22.45698171 -078.34301359 1 WS
19   22.46490718 -078.31419146 1 WS
54 11880 APP/TWR
