1      125 1 1 MUTD ALBERTO DELGADO
100   29.87   1   0 0.25 0 1 0 06   21.78360800 -080.00418900    0.00   59.44 2  0 0 0 24   21.79331700 -079.99021700  297.18    0.00 2  0 0 0
110   1 0.00  53.19 Default taxiway for RWY 06
111  21.78350219 -080.00410372   3 102 
111  21.78296236 -080.00366863   3 102 
111  21.79267195 -079.98969755   3 102 
111  21.79321178 -079.99013267 
112  21.79305071 -079.99036443  21.79312944 -079.99024710   3 102 
111  21.79300032 -079.99014302   3 102 
112  21.79282815 -079.99000424  21.79269902 -079.98990016   3 102 
111  21.79261849 -079.99001604   3 102 
111  21.78796503 -079.99671188   3 102 
111  21.78839725 -079.99706025 
111  21.78831672 -079.99717613   3 102 
111  21.78788450 -079.99682776   3 102 
112  21.78323104 -080.00352360  21.78315050 -080.00363948   3 102 
111  21.78327963 -080.00374355   3 102 
112  21.78345180 -080.00388232  21.78358092 -080.00398639   3 102 
113  21.78366326 -080.00387196 
130 Airport Boundary 11
111  21.78236718 -080.00870658 
111  21.78024255 -080.00694941 
111  21.79086781 -079.99125033 
111  21.78981875 -079.99021108 
111  21.79095174 -079.98754520 
111  21.79397303 -079.98745483 
111  21.79547180 -079.98544499 
113  21.79704189 -079.98665176 
120 Default hold RWY 06 (near)
111  21.78328518 -080.00392882   4 
115  21.78336571 -080.00381294 
120 Default hold RWY 06 (centre)
111  21.78809971 -079.99700122   4 
115  21.78818024 -079.99688534 
120 Default hold RWY 06 (far)
111  21.79291423 -079.99007363   4 
115  21.79299477 -079.98995775 
18   21.78921470 -079.99781251 1 BCN
19   21.78376975 -080.00468094 1 WS
19   21.79315521 -079.98972504 1 WS
54 12250 TRINIDAD TWR
