1      328 1 1 MUVT HERMANOS AMEIJEIRAS
100   45.11   1   0 0.25 0 0 0 05   20.98179200 -076.94195600   99.97    0.00 2  0 0 0 23   20.99349400 -076.92964400    0.00   21.34 2  0 0 0
110   1 0.00  44.49 Default taxiway for RWY 05
111  20.98165134 -076.94180263   3 
111  20.98093857 -076.94102545   3 
111  20.99264101 -076.92871434   3 
111  20.99335378 -076.92949158 
112  20.99306417 -076.92979626  20.99320739 -076.92964220   3 
111  20.99303671 -076.92945607   3 
112  20.99280913 -076.92920791  20.99263844 -076.92902178   3 
111  20.99249364 -076.92917412   3 
111  20.98700444 -076.93494882   3 
111  20.98757497 -076.93557093 
111  20.98743016 -076.93572327   3 
111  20.98685963 -076.93510116   3 
112  20.98137043 -076.94087586  20.98122562 -076.94102820   3 
111  20.98139631 -076.94121431   3 
112  20.98162389 -076.94146246  20.98179457 -076.94164857   3 
113  20.98194096 -076.94149795 
130 Airport Boundary 12
111  20.98670102 -076.94184883 
111  20.97955124 -076.94286638 
111  20.99460171 -076.92648359 
111  20.99635946 -076.92834066 
111  20.98702436 -076.93871990 
113  20.98818828 -076.93996642 
120 Default hold RWY 05 (near)
111  20.98136529 -076.94149072   4 
115  20.98151010 -076.94133838 
120 Default hold RWY 05 (centre)
111  20.98714411 -076.93541136   4 
115  20.98728892 -076.93525902 
120 Default hold RWY 05 (far)
111  20.99292292 -076.92933199   4 
115  20.99306773 -076.92917965 
19   20.98192909 -076.94272595 1 WS
19   20.99335684 -076.92887399 1 WS
54 12250 TUNAS TWR
