1     1070 1 0 EDQH Herzogenaurach
100   20.12   1   0 0.00 0 0 1 08   49.58312157  010.86881317    0.00    0.00 1  0 0 0 26   49.58410703  010.87840993    0.00    0.00 1  0 0 0
110   1 0.00   0.00 Taxiway
111  49.58315688  010.87004414 
112  49.58315688  010.87004414  49.58316485  010.87014720   3 
112  49.58306047  010.87030572  49.58297935  010.87032413 
111  49.58306047  010.87030572   3 
111  49.58290655  010.87034324 
112  49.58290655  010.87034324  49.58281994  010.87036310   3 
112  49.58277574  010.87056450  49.58278962  010.87070318 
111  49.58277574  010.87056450   3 
111  49.58337181  010.87656216   3 
111  49.58306651  010.87664280   3 
111  49.58297645  010.87672859   3 
111  49.58311230  010.87710728   3 
111  49.58310185  010.87732078   3 
111  49.58278653  010.87759048   3 
111  49.58262472  010.87725957   3 
111  49.58240991  010.87745005   3 
111  49.58261455  010.87797024   3 
111  49.58271649  010.87788496   3 
111  49.58278283  010.87808952   3 
111  49.58316755  010.87800006   3 
111  49.58312851  010.87752772   3 
111  49.58319348  010.87751420   3 
111  49.58318371  010.87742209   3 
111  49.58330540  010.87738816   3 
111  49.58329443  010.87711713   3 
111  49.58337841  010.87707590 
112  49.58337841  010.87707590  49.58343137  010.87705034   3 
112  49.58347774  010.87720853  49.58348901  010.87731149 
111  49.58347774  010.87720853   3 
111  49.58361134  010.87845309   3 
111  49.58388849  010.87838756   3 
111  49.58401839  010.87843154 
111  49.58398298  010.87808638 
112  49.58398298  010.87808638  49.58399157  010.87818911   3 
112  49.58387852  010.87828118  49.58384857  010.87828794 
111  49.58387852  010.87828118   3 
111  49.58374646  010.87831058 
112  49.58374646  010.87831058  49.58369330  010.87832210   3 
112  49.58365142  010.87817160  49.58364117  010.87807799 
111  49.58365142  010.87817160   3 
111  49.58353707  010.87714179 
112  49.58353707  010.87714179  49.58352922  010.87707546   3 
112  49.58359176  010.87702746  49.58363371  010.87701584 
111  49.58359176  010.87702746   3 
111  49.58376456  010.87698039 
112  49.58376456  010.87698039  49.58382030  010.87696566   3 
112  49.58388139  010.87709542  49.58389399  010.87720338 
111  49.58388139  010.87709542 
111  49.58383770  010.87667098 
112  49.58383770  010.87667098  49.58384890  010.87678786   3 
112  49.58375125  010.87683922  49.58369304  010.87685479 
111  49.58375125  010.87683922   3 
111  49.58357213  010.87688248 
112  49.58357213  010.87688248  49.58352880  010.87689297   3 
112  49.58346509  010.87673730  49.58345570  010.87664085 
111  49.58346509  010.87673730   3 
111  49.58320183  010.87400915 
112  49.58320183  010.87400915  49.58319029  010.87387581   3 
112  49.58327209  010.87381887  49.58332729  010.87380606 
111  49.58327209  010.87381887   3 
111  49.58341019  010.87378981 
112  49.58341019  010.87378981  49.58347606  010.87377619   3 
112  49.58356042  010.87397241  49.58357470  010.87409068 
111  49.58356042  010.87397241 
111  49.58350420  010.87342401 
112  49.58350420  010.87342401  49.58351422  010.87355096   3 
112  49.58339693  010.87365616  49.58333024  010.87366975 
111  49.58339693  010.87365616   3 
111  49.58325786  010.87368372 
112  49.58325786  010.87368372  49.58320028  010.87369264   3 
112  49.58315014  010.87351335  49.58313481  010.87336214 
111  49.58315014  010.87351335   3 
111  49.58286415  010.87071700 
112  49.58286415  010.87071700  49.58285227  010.87058851   3 
112  49.58293522  010.87046403  49.58298673  010.87045276 
111  49.58293522  010.87046403   3 
111  49.58307342  010.87043186 
112  49.58307342  010.87043186  49.58315782  010.87041359   3 
112  49.58321538  010.87061376  49.58322872  010.87072210 
113  49.58321538  010.87061376 
110   3 0.00   0.00 Grass Apron
111  49.58342572  010.87850361 
111  49.58361134  010.87845309 
111  49.58347774  010.87720853 
112  49.58347774  010.87720853  49.58346601  010.87712506 
112  49.58337841  010.87707590  49.58331888  010.87709955 
111  49.58337841  010.87707590 
111  49.58329443  010.87711713 
113  49.58330540  010.87738816 
110   3 0.00   0.00 Grass Apron
111  49.58276547  010.87739357 
111  49.58269589  010.87719629 
111  49.58262472  010.87725957 
111  49.58278653  010.87759048 
111  49.58310185  010.87732078 
113  49.58311230  010.87710728 
110   2 0.00   0.00 New Taxiway 7
111  49.58303285  010.86883522   3 
111  49.58291147  010.86904142   3 
111  49.58292712  010.86918922   3 
111  49.58295888  010.86918126 
112  49.58295888  010.86918126  49.58300688  010.86916854   3 
112  49.58308404  010.86933302  49.58309203  010.86939786 
113  49.58308404  010.86933302 
130 Airport Boundary
111  49.58201431  010.86768867 
111  49.58275606  010.87418724 
111  49.58214331  010.87733706 
111  49.58284206  010.88010558 
111  49.58484153  010.87949220 
113  49.58348705  010.86720790 
120 Linear Feature 14
112  49.58344055  010.87684325  49.58344929  010.87693859   1 
116  49.58338233  010.87701752  49.58334774  010.87702646 
120 Linear Feature 13
111  49.58355238  010.87696909   1 
115  49.58338233  010.87701752 
120 Linear Feature 12
112  49.58355238  010.87696909  49.58352127  010.87697744   1 
116  49.58350989  010.87715094  49.58351695  010.87722314 
120 Linear Feature 11
111  49.58400636  010.87830755   1 
111  49.58374996  010.87836630 
112  49.58374996  010.87836630  49.58368364  010.87838034   1 
112  49.58362688  010.87823445  49.58361513  010.87811986 
111  49.58362688  010.87823445   1 
111  49.58350989  010.87715094 
112  49.58350989  010.87715094  49.58350123  010.87707960   1 
112  49.58338233  010.87701752  49.58330980  010.87703672 
111  49.58338233  010.87701752   1 
115  49.58330885  010.87703946 
120 Linear Feature 10
112  49.58324909  010.87375536  49.58319796  010.87376619   1 
116  49.58311929  010.87359540  49.58311053  010.87351972 
120 Linear Feature 9
111  49.58353261  010.87369359   1 
111  49.58324909  010.87375536 
112  49.58324909  010.87375536  49.58320015  010.87376721   1 
116  49.58315682  010.87397135  49.58316579  010.87407610 
120 Linear Feature 8
111  49.58318698  010.87034453   1 
111  49.58292151  010.87040568 
112  49.58292151  010.87040568  49.58283429  010.87042928   1 
112  49.58282164  010.87064361  49.58283431  010.87077450 
111  49.58282164  010.87064361   1 
111  49.58311929  010.87359540   1 
111  49.58315682  010.87397135   1 
111  49.58344055  010.87684325 
112  49.58344055  010.87684325  49.58345054  010.87694109   1 
112  49.58355238  010.87696909  49.58359948  010.87695856 
111  49.58355238  010.87696909   1 
115  49.58386027  010.87688604 
120 Linear Feature 6
111  49.58291158  010.87034303   4 
115  49.58292639  010.87046522 
120 Linear Feature 5
111  49.58325639  010.87368513   4 
115  49.58326971  010.87381774 
120 Linear Feature 4
111  49.58372172  010.87831138   4 
115  49.58373436  010.87842366 
120 Linear Feature 3
111  49.58357335  010.87688239   4 
115  49.58358981  010.87702748 
14   49.58322485  010.87843100   29 0 Tower Viewpoint
15   49.58339838  010.87758513 260.91 Ramp Start 1
15   49.58325578  010.87685668  71.56 Ramp Start 2
19   49.58364506  010.87668159 0 Windsock
19   49.58305510  010.87069514 0 Windsock
54 12285 Herzogenaurach INFO
