1     3456 0 1 KBDN BEND MUNI
100   22.86   1   0 0.25 0 2 0 16   44.10169200 -121.20063600    0.00    0.00 2  0 0 1 34   44.08796400 -121.20064700    0.00    0.00 2  0 0 0
21   44.09989199 -121.20025610  1 180.03   3.00 16  VASI
110   1 0.30 180.03 Default taxiway for RWY 16
111  44.10169206 -121.20077611   3 102 
111  44.10169236 -121.20149544   3 102 
111  44.08796436 -121.20150624   3 102 
111  44.08796406 -121.20078707 
112  44.08816978 -121.20078692  44.08806692 -121.20079013   3 102 
111  44.08806699 -121.20096198   3 102 
112  44.08806708 -121.20119111  44.08806716 -121.20136296   3 102 
111  44.08817002 -121.20136288   3 102 
111  44.09477687 -121.20135766   3 102 
111  44.09477663 -121.20078163 
111  44.09487949 -121.20078155   3 102 
111  44.09487973 -121.20135758   3 102 
112  44.10148658 -121.20135236  44.10158944 -121.20135228   3 102 
111  44.10158936 -121.20118039   3 102 
112  44.10158927 -121.20095121  44.10158920 -121.20077932   3 102 
113  44.10148634 -121.20077627 
120 Default hold RWY 16 (near)
111  44.10169218 -121.20106572   4 
115  44.10158932 -121.20106580 
120 Default hold RWY 16 (centre)
111  44.09487961 -121.20107113   4 
115  44.09477675 -121.20107121 
120 Default hold RWY 16 (far)
111  44.08806704 -121.20107654   4 
115  44.08796418 -121.20107662 
18   44.09482865 -121.19964084 1 BCN
19   44.10189754 -121.20020803 1 WS
19   44.08775846 -121.20107487 1 WS
50 13442 AWOS 3
51 12300 CTAF/UNICOM
