1       39 1 1 KTTD PORTLAND TROUTDALE
100   45.72   1   0 0.25 0 2 0 07   45.54919400 -122.41178600    0.00    0.00 2  0 0 1 25   45.54953900 -122.39071900    0.00    0.00 2  0 0 1
21   45.54961292 -122.40922923  1  88.65   3.00 07  VASI
21   45.54912055 -122.39327594  1 268.67   3.00 25  VASI
110   1 0.30  88.65 Default taxiway for RWY 07
111  45.54899058 -122.41177917   3 102 
111  45.54796000 -122.41174456   3 102 
111  45.54830694 -122.39067769   3 102 
111  45.54933752 -122.39071230 
112  45.54932784 -122.39129967  45.54933043 -122.39100590   3 102 
111  45.54908363 -122.39099762   3 102 
112  45.54875457 -122.39098657  45.54850777 -122.39097828   3 102 
111  45.54850293 -122.39127197   3 102 
111  45.54834156 -122.40107119   3 102 
111  45.54916647 -122.40109889 
111  45.54916163 -122.40139258   3 102 
111  45.54833672 -122.40136488   3 102 
112  45.54817534 -122.41116410  45.54817051 -122.41145778   3 102 
111  45.54841731 -122.41146607   3 102 
112  45.54874637 -122.41147712  45.54899317 -122.41148540   3 102 
113  45.54900025 -122.41119180 
120 Default hold RWY 07 (near)
111  45.54857700 -122.41176528   4 
115  45.54858184 -122.41147159 
120 Default hold RWY 07 (centre)
111  45.54874805 -122.40137869   4 
115  45.54875289 -122.40108500 
120 Default hold RWY 07 (far)
111  45.54891910 -122.39099209   4 
115  45.54892394 -122.39069841 
18   45.55080707 -122.40130475 1 BCN
19   45.54980133 -122.41239409 1 WS
19   45.54893157 -122.39011113 1 WS
50 13562 ASOS
50 13562 ATIS
51 12090 CTAF
51 12295 UNICOM
53 12180 GND
54 12090 TROUTDALE TWR
55 11810 APP
55 12435 APP
56 12435 DEP
