1      256 0 1 PHJH KAPALUA
100   30.48   1   0 0.25 0 0 0 02   20.95928900 -156.67509400    0.00    0.00 2  0 0 0 20   20.96658300 -156.67096700    0.00    0.00 2  0 0 0
110   1 0.30  27.85 Default taxiway for RWY 02
111  20.95922598 -156.67496627   3 
111  20.95890459 -156.67431486   3 
111  20.96619864 -156.67018802   3 
111  20.96652003 -156.67083947 
112  20.96627750 -156.67097669  20.96639772 -156.67090595   3 
111  20.96632084 -156.67075011   3 
112  20.96621833 -156.67054233  20.96614145 -156.67038650   3 
111  20.96602018 -156.67045511   3 
111  20.96267632 -156.67234700   3 
111  20.96293364 -156.67286857 
111  20.96281237 -156.67293717   3 
111  20.96255505 -156.67241560   3 
112  20.95921119 -156.67430750  20.95908992 -156.67437611   3 
111  20.95916680 -156.67453194   3 
112  20.95926931 -156.67473971  20.95934619 -156.67489553   3 
113  20.95946851 -156.67482905 
120 Default hold RWY 02 (near)
111  20.95909679 -156.67470443   4 
115  20.95921805 -156.67463582 
120 Default hold RWY 02 (centre)
111  20.96268318 -156.67267532   4 
115  20.96280445 -156.67260672 
120 Default hold RWY 02 (far)
111  20.96626958 -156.67064622   4 
115  20.96639084 -156.67057761 
19   20.95923868 -156.67562079 1 WS
19   20.96663331 -156.67044019 1 WS
50 11852 AWOS
51 12270 CTAF/UNICOM
