1       33 1 1 PHJR KALAELOA
100   60.96   1   0 0.25 0 3 0 04R  21.29989700 -158.07942800    0.00    0.00 2 10 0 0 22L  21.31253900 -158.06018300    0.00    0.00 2  0 0 0
100   60.96   1   0 0.25 0 3 0 11   21.31046900 -158.08148300    0.00    0.00 2  0 0 0 29   21.30271100 -158.06592200    0.00    0.00 2  0 0 0
100   60.96   1   0 0.25 0 3 0 04L  21.30683600 -158.07206100    0.00    0.00 2  0 0 0 22R  21.31394700 -158.06123600    0.00    0.00 2  0 0 0
21   21.30825921 -158.07077431  2  54.81   3.00 04L PAPI-4L
21   21.30132023 -158.07814138  2  54.81   3.00 04R PAPI-4L
21   21.31003629 -158.07954041  2 118.15   3.00 11  PAPI-4L
21   21.31111592 -158.06146992  2 234.82   3.00 22L PAPI-4L
21   21.31252387 -158.06252286  2 234.81   3.00 22R PAPI-4L
21   21.30314389 -158.06786445  2 298.16   3.00 29  PAPI-4L
110   1 0.30  54.81 Default taxiway for RWY 04R
111  21.29967467 -158.07925972   3 102 
111  21.29855200 -158.07840999   3 102 
111  21.31119509 -158.05916657   3 102 
111  21.31231776 -158.06001637 
112  21.31200161 -158.06049757  21.31215785 -158.06025558   3 102 
111  21.31188885 -158.06005196   3 102 
112  21.31153019 -158.05978047  21.31126119 -158.05957685   3 102 
111  21.31110311 -158.05981745   3 102 
111  21.30517676 -158.06883765   3 102 
111  21.30607526 -158.06951775 
111  21.30591718 -158.06975835   3 102 
111  21.30501868 -158.06907825   3 102 
112  21.29909233 -158.07809846  21.29893425 -158.07833906   3 102 
111  21.29920325 -158.07854266   3 102 
112  21.29956191 -158.07881413  21.29983091 -158.07901773   3 102 
113  21.29999083 -158.07877852 
110   1 0.30  54.81 Default taxiway for RWY 04L
111  21.30661367 -158.07189272   3 102 
111  21.30549099 -158.07104296   3 102 
111  21.31260234 -158.06021843   3 102 
111  21.31372502 -158.06106823 
112  21.31340886 -158.06154946  21.31356510 -158.06130746   3 102 
111  21.31329610 -158.06110384   3 102 
112  21.31293743 -158.06083235  21.31266843 -158.06062873   3 102 
111  21.31251035 -158.06086934   3 102 
111  21.30934987 -158.06568006   3 102 
111  21.31024838 -158.06636016 
111  21.31009030 -158.06660078   3 102 
111  21.30919179 -158.06592068   3 102 
112  21.30603131 -158.07073140  21.30587324 -158.07097202   3 102 
111  21.30614224 -158.07117563   3 102 
112  21.30650091 -158.07144711  21.30676991 -158.07165072   3 102 
113  21.30692982 -158.07141149 
110   1 0.30 118.15 Default taxiway for RWY 11
111  21.31022913 -158.08162077   3 102 
111  21.30901788 -158.08231643   3 102 
111  21.30126060 -158.06675457   3 102 
111  21.30247185 -158.06605894 
112  21.30273066 -158.06657815  21.30259927 -158.06631968   3 102 
111  21.30230904 -158.06648636   3 102 
112  21.30192208 -158.06670859  21.30163185 -158.06687527   3 102 
111  21.30176126 -158.06713488   3 102 
111  21.30531638 -158.07426680   3 102 
111  21.30628578 -158.07371005 
111  21.30641519 -158.07396965   3 102 
111  21.30544579 -158.07452640   3 102 
112  21.30900091 -158.08165832  21.30913032 -158.08191793   3 102 
111  21.30942055 -158.08175124   3 102 
112  21.30980751 -158.08152899  21.31009774 -158.08136231   3 102 
113  21.30997031 -158.08110156 
120 Default hold RWY 04R (near)
111  21.29922450 -158.07891900   4 
115  21.29938258 -158.07867840 
120 Default hold RWY 04L (near)
111  21.30616350 -158.07155198   4 
115  21.30632158 -158.07131137 
120 Default hold RWY 11 (near)
111  21.30974344 -158.08189972   4 
115  21.30961403 -158.08164012 
120 Default hold RWY 04R (centre)
111  21.30546701 -158.06941760   4 
115  21.30562509 -158.06917700 
120 Default hold RWY 04L (centre)
111  21.30964013 -158.06626004   4 
115  21.30979821 -158.06601942 
120 Default hold RWY 11 (centre)
111  21.30592950 -158.07424860   4 
115  21.30580009 -158.07398900 
120 Default hold RWY 04L (far)
111  21.31311677 -158.06096809   4 
115  21.31327485 -158.06072747 
120 Default hold RWY 11 (far)
111  21.30211556 -158.06659747   4 
115  21.30198616 -158.06633787 
120 Default hold RWY 04R (far)
111  21.31170952 -158.05991621   4 
115  21.31186759 -158.05967561 
18   21.30828362 -158.07273036 1 BCN
19   21.30719235 -158.07305125 1 WS
19   21.30025334 -158.08041820 1 WS
19   21.31145338 -158.08158549 1 WS
19   21.31218254 -158.05919275 1 WS
19   21.31359058 -158.06024572 1 WS
19   21.30172662 -158.06581962 1 WS
50 11980 ATIS
51 13260 CTAF
52 12170 CLNC DEL
53 12380 GND
54 13260 TWR
55 11830 HONOLULU APP/DEP
