1       24 0 1 PHLU Kalaupapa
100   22.86   1   0 0.25 0 2 0 05   21.20926100 -156.97707800    0.00    0.00 2  0 0 0 23   21.21281900 -156.97011700    0.00    0.00 2  0 0 0
21   21.21039012 -156.97554030  2  61.26   3.00 05  PAPI-4L
110   1 0.30  61.26 Default taxiway for RWY 05
111  21.20917278 -156.97702611   3 102 
111  21.20871984 -156.97675972   3 102 
111  21.21227798 -156.96979888   3 102 
111  21.21273092 -156.97006528 
112  21.21263202 -156.97025877  21.21267950 -156.97016086   3 102 
111  21.21257126 -156.97009720   3 102 
112  21.21242695 -156.97001233  21.21231872 -156.96994867   3 102 
111  21.21226927 -156.97004542   3 102 
111  21.21061383 -156.97328397   3 102 
111  21.21097658 -156.97349732 
111  21.21092712 -156.97359407   3 102 
111  21.21056437 -156.97338072   3 102 
112  21.20890894 -156.97661928  21.20885948 -156.97671602   3 102 
111  21.20896771 -156.97677967   3 102 
112  21.20911202 -156.97686455  21.20922026 -156.97692820   3 102 
113  21.20927169 -156.97683262 
120 Default hold RWY 05 (near)
111  21.20899042 -156.97691886   4 
115  21.20903987 -156.97682211 
120 Default hold RWY 05 (centre)
111  21.21074476 -156.97348682   4 
115  21.21079422 -156.97339007 
120 Default hold RWY 05 (far)
111  21.21249911 -156.97005477   4 
115  21.21254856 -156.96995803 
18   21.21167016 -156.97396832 1 BCN
19   21.20943147 -156.97742992 1 WS
19   21.21264852 -156.96976508 1 WS
51 12290 CTAF
