1      157 0 1 B19  BIDDEFORD MUNI
100   22.86   1   0 0.25 0 2 0 06   43.46185800 -070.47720300    0.00    0.00 2  0 0 1 24   43.46647500 -070.46779700    0.00    0.00 2  0 0 0
21   43.46309321 -070.47536039  1  55.93   3.00 06  VASI
110   1 0.30  55.93 Default taxiway for RWY 06
111  43.46177466 -070.47712534   3 102 
111  43.46134679 -070.47672662   3 102 
111  43.46596418 -070.46732130   3 102 
111  43.46639205 -070.46772005 
112  43.46627679 -070.46795482  43.46633256 -070.46783570   3 102 
111  43.46623031 -070.46774041   3 102 
112  43.46609399 -070.46761337  43.46599175 -070.46751809   3 102 
111  43.46593412 -070.46763548   3 102 
111  43.46376950 -070.47204467   3 102 
111  43.46411217 -070.47236401 
111  43.46405454 -070.47248139   3 102 
111  43.46371187 -070.47216205   3 102 
112  43.46154725 -070.47657124  43.46148962 -070.47668863   3 102 
111  43.46159186 -070.47678390   3 102 
112  43.46172818 -070.47691094  43.46183043 -070.47700621   3 102 
113  43.46188992 -070.47689057 
120 Default hold RWY 06 (near)
111  43.46160239 -070.47696481   4 
115  43.46166002 -070.47684742 
120 Default hold RWY 06 (centre)
111  43.46388227 -070.47232085   4 
115  43.46393990 -070.47220347 
120 Default hold RWY 06 (far)
111  43.46616215 -070.46767689   4 
115  43.46621978 -070.46755951 
18   43.46476151 -070.47305605 1 BCN
19   43.46199721 -070.47767490 1 WS
19   43.46633575 -070.46732508 1 WS
51 12300 CTAF/UNICOM
52 12605 PORTLAND CLNC DEL
55 11975 PORTLAND APP/DEP
