1        6 1 0 BIAR AKUREYRI
100   45.11   1   0 0.25 0 3 0 01   65.64995800 -018.07072200    0.00    0.00 2 12 0 1 19   65.66730300 -018.07400000    0.00    0.00 2  0 0 1
21   65.65146913 -018.07198287  2 355.55   3.00 01  PAPI-4L
21   65.66553974 -018.07269053  2 175.54   3.00 19  PAPI-4L
10   65.65432740 -018.07660290 xxx 175.00   200 0.0 0.0   100 161161  1 0 0 0.25 0
10   65.65198520 -018.07465360 xxx 175.00   378 0.0 0.0    80 161161  1 0 0 0.25 0
10   65.65142820 -018.07275960 xxx  85.00   450 0.0 0.0    80 161161  1 0 0 0.25 0
10   65.65089420 -018.07542420 xxx 175.00   401 0.0 0.0   400 161161  1 0 0 0.25 0
10   65.65342710 -018.07647130 xxx 175.00   470 0.0 0.0   380 161161  1 0 0 0.25 0
10   65.65335850 -018.07344250 xxx 175.00   600 0.0 0.0   530 161161  1 0 0 0.25 0
18   65.65851943 -018.07579661 1 BCN
19   65.64950599 -018.07211798 1 WS
19   65.66775504 -018.07260309 1 WS
54 11820 TWR
55 11870 RADAR
