1       76 1 0 BIEG EGILSSTADIR
100   45.11   1   0 0.25 0 3 0 04   65.27463100 -014.41123100  153.01    0.00 3  0 0 1 22   65.29083300 -014.39277800    0.00   60.05 2  0 0 0
21   65.27874573 -014.40760949  2  25.46   3.00 04  PAPI-4L
21   65.28903568 -014.39376398  2 205.47   3.00 22  PAPI-4L
10   65.27607730 -014.40703680 xxx  25.00   656 0.0 0.0   140 101101  1 0 0 0.25 0
10   65.27555080 -014.40879730 xxx 115.00   215 0.0 0.0    80 101101  1 0 0 0.25 0
10   65.27697750 -014.40721700 xxx 115.00   210 0.0 0.0    80 101101  1 0 0 0.25 0
10   65.29122160 -014.39257430 xxx  25.00   197 0.0 0.0   197 101101  1 0 0 0.25 0
18   65.28334289 -014.40507877 1 BCN
19   65.27452619 -014.41296268 1 WS
19   65.29093759 -014.39104515 1 WS
54 11940 RDO
