1       24 1 0 BIHN HORNAFJORDUR
100   45.11   1   0 0.25 0 3 0 18   64.30224400 -015.23078300    0.00    0.00 1  0 0 1 36   64.28912200 -015.22391100    0.00    0.00 1  0 0 1
21   64.30057772 -015.22896174  2 167.20   3.00 18  PAPI-4L
21   64.29078838 -015.22573108  2 347.21   3.00 36  PAPI-4L
10   64.30651090 -015.23248580 xxx  76.00   240 0.0 0.0    90 101101  1 0 0 0.25 0
10   64.30670930 -015.23098470 xxx  76.00   300 0.0 0.0   300 101101  1 0 0 0.25 0
18   64.29600016 -015.22415203 1 BCN
19   64.30277478 -015.22962099 1 WS
19   64.28859127 -015.22507255 1 WS
54 11810 INFO
