1       18 1 0 BIRF Rif
100   29.87   5   0 0.25 0 2 0 24   64.91469533 -023.81163960    0.00    0.00 1 12 0 0 06   64.90647167 -023.82625400    0.00    0.00 1 12 0 0
100   29.87   5   0 0.25 0 0 0 30   64.90908310 -023.80286498    0.00    0.00 1  0 0 0 12   64.90985610 -023.82020862    0.00    0.00 1  0 0 0
21   64.90810923 -023.82432634  2  36.99   3.00 06  PAPI-4L
21   64.91305796 -023.81356882  2 217.01   3.00 24  PAPI-4L
10   64.91045380 -023.82061390 xxx 127.00   290 0.0 0.0    80 101101  5 0 0 0.25 0
10   64.91104890 -023.82221600 xxx 217.00   400 0.0 0.0   400 101101  5 0 0 0.25 0
19   64.90649960 -023.82739478 1 WS
19   64.91028518 -023.82073981 1 WS
19   64.91466729 -023.81049848 1 WS
19   64.90865396 -023.80233407 1 WS
