1      600 0 0 BISS Sandskeid
100   27.43   5   0 0.25 0 0 0 15   64.06580907 -021.58130216    0.00    0.00 1  0 0 0 33   64.06176973 -021.56989724    0.00    0.00 1  0 0 0
100   45.72   3   0 0.25 0 0 0 14   64.06379355 -021.58263374    0.00    0.00 1  0 0 0 32   64.06145065 -021.57060266    0.00    0.00 1  0 0 0
100   45.72   3   0 0.25 0 0 0 03   64.06027531 -021.57828694    0.00    0.00 1  0 0 0 21   64.06515189 -021.57652106    0.00    0.00 1  0 0 0
10   64.06216430 -021.57978820 xxx 114.00   600 0.0 0.0   600 101101  3 0 0 0.25 0
19   64.05996547 -021.57982760 1 WS
19   64.06452470 -021.58291936 1 WS
19   64.06625221 -021.58120807 1 WS
19   64.06546171 -021.57498007 1 WS
19   64.06071947 -021.57031738 1 WS
19   64.06132659 -021.56999149 1 WS
