1      326 1 0 BIVM VESTMANNAEYJAR
100   45.11   1   0 0.25 0 3 0 13   63.42561100 -020.28702800    0.00   60.96 1  0 0 1 31   63.42200000 -020.26452800    0.00   60.96 1  0 0 0
100   45.11   1   0 0.25 0 3 0 04   63.42005600 -020.28202800    0.00    0.00 1  0 0 0 22   63.42977800 -020.27480600    0.00    0.00 1  0 0 0
21   63.42189047 -020.28161009  2  18.38   3.00 04  PAPI-4L
21   63.42538101 -020.28293829  2 109.72   3.00 13  PAPI-4L
21   63.42794356 -020.27522461  2 198.39   3.00 22  PAPI-4L
21   63.42223064 -020.26861703  2 289.74   3.00 31  PAPI-4L
10   63.42440410 -020.27339170 xxx  20.00   200 0.0 0.0    80 101101  1 0 0 0.25 0
10   63.42390440 -020.27379420 xxx  20.00   200 0.0 0.0    80 101101  1 0 0 0.25 0
10   63.42440030 -020.27259640 xxx  77.00   290 0.0 0.0   140 101101  1 0 0 0.25 0
10   63.42488860 -020.27220920 xxx  20.00   340 0.0 0.0   320 101101  1 0 0 0.25 0
18   63.42514425 -020.27470702 1 BCN
19   63.41986276 -020.28360556 1 WS
19   63.42632122 -020.28742283 1 WS
19   63.42997117 -020.27322781 1 WS
19   63.42128972 -020.26413378 1 WS
54 11850 TWR
56 11900 REYKJAVIK DEP
