1      337 0 1 W66  WARRENTON FAUQUIER
100   30.48   1   0 0.25 0 3 0 14   38.59314000 -077.71817700    0.00    0.00 2  0 0 1 32   38.58280600 -077.70665800    0.00    0.00 2  0 0 1
21   38.59200322 -077.71634089  2 138.93   3.00 14  PAPI-4L
21   38.58394296 -077.70849368  2 318.94   3.00 32  PAPI-4L
110   1 0.30 138.93 Default taxiway for RWY 14
111  38.59305138 -077.71830712   3 102 
111  38.59259939 -077.71897076   3 102 
111  38.58226595 -077.70744999   3 102 
111  38.58271794 -077.70678644 
112  38.58292474 -077.70701700  38.58281986 -077.70690389   3 102 
111  38.58271174 -077.70706262   3 102 
112  38.58256757 -077.70727426  38.58245945 -077.70743299   3 102 
111  38.58256285 -077.70754827   3 102 
111  38.58747107 -077.71302045   3 102 
111  38.58783296 -077.71248914 
111  38.58793636 -077.71260442   3 102 
111  38.58757447 -077.71313573   3 102 
112  38.59248269 -077.71860790  38.59258609 -077.71872319   3 102 
111  38.59269421 -077.71856443   3 102 
112  38.59283838 -077.71835276  38.59294650 -077.71819401   3 102 
113  38.59284458 -077.71807656 
120 Default hold RWY 14 (near)
111  38.59286969 -077.71857388   4 
115  38.59276629 -077.71845860 
120 Default hold RWY 14 (centre)
111  38.58775467 -077.71287116   4 
115  38.58765127 -077.71275588 
120 Default hold RWY 14 (far)
111  38.58263965 -077.70716844   4 
115  38.58253625 -077.70705316 
18   38.58860486 -077.71149165 1 BCN
19   38.59361711 -077.71801068 1 WS
19   38.58232891 -077.70682437 1 WS
51 12270 CTAF/UNICOM
55 12465 POTOMAC APP/DEP
