1     3120 0 0 WALB Long Bawang/Yuvai Semaring (Local Gov)
100   22.86   1   0 0.00 0 0 0 04   03.89930855  115.68972297    0.00   29.87 1  0 0 0 22   03.90569145  115.69472143    0.00   29.87 1  0 0 0
110   1 0.05  38.00 Default taxiway for RWY 04
111  03.89924661  115.68980244   3 
111  03.89892858  115.69021044   3 
111  03.90531149  115.69520886   3 
111  03.90562952  115.69480086 
112  03.90546741  115.69467391  03.90554708  115.69473917   3 
111  03.90547109  115.69483666   3 
112  03.90536976  115.69496665  03.90529377  115.69506415   3 
111  03.90521271  115.69500067   3 
111  03.90222390  115.69266014   3 
111  03.90247860  115.69233339 
111  03.90239754  115.69226991   3 
111  03.90214284  115.69259666   3 
112  03.89915402  115.69025614  03.89907297  115.69019266   3 
111  03.89914896  115.69009517   3 
112  03.89925029  115.68996518  03.89932628  115.68986768   3 
113  03.89940872  115.68992939 
120 Default hold RWY 04 (near)
111  03.89911857  115.68996670   4 
115  03.89919963  115.69003017 
120 Default hold RWY 04 (centre)
111  03.90226950  115.69243417   4 
115  03.90235056  115.69249765 
120 Default hold RWY 04 (far)
111  03.90542043  115.69490166   4 
115  03.90550148  115.69496513 
14   03.90264989  115.69188595   13 0 Viewpoint Yuvai Semaring
19   03.90561203  115.69423969 0 Windsock N
19   03.89946649  115.69011170 0 Windsock S
