1       20 1 1 WALR Taraken Juwata
100   28.96   1   0 0.25 0 1 0 06   03.32228300  117.55851900    0.00   21.34 2  0 0 0 24   03.33110600  117.57261900    0.00    0.00 2  0 0 0
21   03.32349417  117.55988632  1  57.92   3.00 06  VASI
110   1 0.30  57.92 Default taxiway for RWY 06
111  03.32217451  117.55858712   3 102 
111  03.32162062  117.55893489   3 102 
111  03.33044372  117.57303476   3 102 
111  03.33099761  117.57268699 
112  03.33085921  117.57246583  03.33092650  117.57257761   3 102 
111  03.33079403  117.57266078   3 102 
112  03.33061739  117.57277169  03.33048491  117.57285487   3 102 
111  03.33041571  117.57274429   3 102 
111  03.32617716  117.56597080   3 102 
111  03.32662066  117.56569235 
111  03.32655146  117.56558177   3 102 
111  03.32610796  117.56586022   3 102 
112  03.32186941  117.55908674  03.32180021  117.55897615   3 102 
111  03.32193269  117.55889298   3 102 
112  03.32210933  117.55878207  03.32224180  117.55869889   3 102 
113  03.32231291  117.55880829 
120 Default hold RWY 06 (near)
111  03.32195181  117.55872694   4 
115  03.32202101  117.55883752 
120 Default hold RWY 06 (centre)
111  03.32632876  117.56572159   4 
115  03.32639796  117.56583217 
120 Default hold RWY 06 (far)
111  03.33070571  117.57271624   4 
115  03.33077491  117.57282682 
18   03.32746582  117.56508390 1 BCN
19   03.32247463  117.55809062 1 WS
19   03.33091436  117.57304738 1 WS
54 11810 TWR
55 11970 TARAKAN APP
