1      284 1 1 WAML Palu Mutiara
100   29.87   1   0 0.25 0 1 1 15  -00.91000800  119.90586700    0.00   60.05 2  0 0 1 33  -00.92702800  119.91354200    0.00   60.05 2  0 0 1
21  -00.91152325  119.90688533  1 155.73   3.00 15  VASI
21  -00.92551275  119.91252366  1 335.73   3.00 33  VASI
10  -00.91707200  119.90711200 xxx 155.73  1000 0.0 0.0   300 161161  1 0 0 0.35 0
10  -00.91551500  119.90750100 xxx 245.73   500 0.0 0.0    80 161161  1 0 0 0.35 0
10  -00.92101500  119.91083500 xxx 155.73   300 0.0 0.0   150 101101  1 0 0 0.35 0
10  -00.91040100  119.90604400 xxx 155.73   300 0.0 0.0   150 101101  1 0 0 0.35 0
10  -00.92663100  119.91336800 xxx 155.73   300 0.0 0.0   150 101101  1 0 0 0.35 0
10  -00.91524100  119.90810400 xxx 110.73   101 0.0 0.0   100 161161  1 0 0 0.25 0
14  -00.91875400  119.90789800   20 0 ATC Tower
15  -00.91665300  119.90669300  30.00 Platform
18  -00.91829700  119.91019400 1 BCN
19  -00.90978800  119.90635700 1 WS
19  -00.92724800  119.91305500 1 WS
54 12220 TWR
54 11870 TWR
