1      361 1 1 WARI Madiun Iswahyudi
100   56.69   1   0 0.25 1 3 0 17R -07.60310000  111.43236700    0.00    0.00 2  0 0 0 35L -07.63075000  111.43441700    0.00  102.11 2  0 0 0
100   28.04   1   0 0.25 0 2 0 17L -07.60300000  111.43400000    0.00    0.00 2  0 0 0 35R -07.62621700  111.43568300  160.02    0.00 2  0 0 0
21  -07.60477199  111.43445633  2 175.89   3.00 17L PAPI-4L
21  -07.60486181  111.43295595  2 175.80   3.00 17R PAPI-4L
21  -07.62898820  111.43382801  2 355.80   3.00 35L PAPI-4L
21  -07.62300865  111.43512252  2 355.89   3.00 35R PAPI-4L
110   1 0.30 175.80 Default taxiway for RWY 17R
111 -07.60311853  111.43211260   3 102 
111 -07.60321217  111.43082699   3 102 
111 -07.63086217  111.43287676   3 102 
111 -07.63076853  111.43416245 
112 -07.63025971  111.43412473 -07.63051429  111.43414133   3 102 
111 -07.63053672  111.43383330   3 102 
112 -07.63056663  111.43342261 -07.63058907  111.43311459   3 102 
111 -07.63033466  111.43309573   3 102 
111 -07.61714569  111.43211798   3 102 
111 -07.61707074  111.43314695 
111 -07.61681633  111.43312809   3 102 
111 -07.61689128  111.43209912   3 102 
112 -07.60370230  111.43112138 -07.60344789  111.43110252   3 102 
111 -07.60342545  111.43141052   3 102 
112 -07.60339554  111.43182119 -07.60337311  111.43212919   3 102 
113 -07.60362735  111.43215032 
110   1 0.30 175.89 Default taxiway for RWY 17L
111 -07.60300888  111.43387530   3 102 
111 -07.60305425  111.43323819   3 102 
111 -07.62627125  111.43492106   3 102 
111 -07.62622588  111.43555820 
112 -07.62597418  111.43553995 -07.62610019  111.43554681   3 102 
111 -07.62611104  111.43539444   3 102 
112 -07.62612551  111.43519128 -07.62613636  111.43503891   3 102 
111 -07.62601051  111.43502978   3 102 
111 -07.61471664  111.43421116   3 102 
111 -07.61468031  111.43472131 
111 -07.61455446  111.43471218   3 102 
111 -07.61459079  111.43420203   3 102 
112 -07.60329692  111.43338341 -07.60317106  111.43337428   3 102 
111 -07.60316021  111.43352664   3 102 
112 -07.60314574  111.43372979 -07.60313489  111.43388215   3 102 
113 -07.60326059  111.43389354 
120 Default hold RWY 17R (near)
111 -07.60315609  111.43159700   4 
115 -07.60341050  111.43161586 
120 Default hold RWY 17L (near)
111 -07.60302713  111.43361909   4 
115 -07.60315298  111.43362821 
120 Default hold RWY 17R (centre)
111 -07.61685389  111.43261247   4 
115 -07.61710830  111.43263133 
120 Default hold RWY 17L (centre)
111 -07.61457271  111.43445597   4 
115 -07.61469856  111.43446510 
120 Default hold RWY 17R (far)
111 -07.63055168  111.43362796   4 
115 -07.63080609  111.43364682 
120 Default hold RWY 17L (far)
111 -07.62611828  111.43529286   4 
115 -07.62624413  111.43530198 
18  -07.61679214  111.43518852 4 BCN
19  -07.60272116  111.43436266 1 WS
19  -07.60253509  111.43309928 1 WS
19  -07.63131491  111.43368468 1 WS
19  -07.62649584  111.43532032 1 WS
55 12260 MADIUN APP
