1     2134 0 0 WRLP Long Apung (Local Gov)
100   22.86   1   0 0.25 0 0 0 17   01.70770670  114.96968052    0.00    0.00 2  0 0 0 35   01.70068330  114.97091948    0.00    0.00 2  0 0 0
110   1 0.30 170.00 Default taxiway for RWY 17
111  01.70768923  114.96958139   3 
111  01.70759953  114.96907246   3 
111  01.70057613  114.97031142   3 
111  01.70066583  114.97082035 
112  01.70086843  114.97078462  01.70076674  114.97080027   3 
111  01.70074530  114.97067865   3 
112  01.70071673  114.97051650  01.70069529  114.97039489   3 
111  01.70079659  114.97037703   3 
111  01.70405504  114.96980222   3 
111  01.70412688  114.97020981 
111  01.70422818  114.97019194   3 
111  01.70415634  114.96978435   3 
112  01.70741479  114.96920954  01.70751609  114.96919167   3 
111  01.70753753  114.96931328   3 
112  01.70756610  114.96947543  01.70758754  114.96959705   3 
113  01.70748663  114.96961713 
120 Default hold RWY 17 (near)
111  01.70765311  114.96937649   4 
115  01.70755181  114.96939436 
120 Default hold RWY 17 (centre)
111  01.70419206  114.96998704   4 
115  01.70409076  114.97000491 
120 Default hold RWY 17 (far)
111  01.70073101  114.97059758   4 
115  01.70062971  114.97061545 
14   01.70438796  114.97057750    5 0 Viewpoint
19   01.70425128  114.96985358 0 Windsock
