1      890 0 1 72CL IRON MOUNTAIN PUMPING PLANT
100    9.14   1   0 0.25 0 0 0 17   34.13833200 -115.11889000    0.00    0.00 2  0 0 0 35   34.12972300 -115.11945000    0.00    0.00 2  0 0 0
110   1 0.30 183.08 Default taxiway for RWY 17
111  34.13833409 -115.11893692   3 
111  34.13834527 -115.11918783   3 
111  34.12973627 -115.11974786   3 
111  34.12972509 -115.11949698 
112  34.12980726 -115.11949163  34.12976630 -115.11949701   3 
111  34.12976896 -115.11955657   3 
112  34.12977250 -115.11963599  34.12977515 -115.11969555   3 
111  34.12981623 -115.11969288   3 
111  34.13401802 -115.11941954   3 
111  34.13400905 -115.11921828 
111  34.13405013 -115.11921561   3 
111  34.13405910 -115.11941687   3 
112  34.13826089 -115.11914354  34.13830197 -115.11914086   3 
111  34.13829932 -115.11908130   3 
112  34.13829578 -115.11900188  34.13829312 -115.11894231   3 
113  34.13825192 -115.11894227 
120 Default hold RWY 17 (near)
111  34.13833864 -115.11903892   4 
115  34.13829755 -115.11904159 
120 Default hold RWY 17 (centre)
111  34.13405468 -115.11931760   4 
115  34.13401360 -115.11932027 
120 Default hold RWY 17 (far)
111  34.12977073 -115.11959628   4 
115  34.12972964 -115.11959896 
19   34.13840753 -115.11873573 1 WS
19   34.12964747 -115.11960424 1 WS
51 12290 CTAF
