1     1923 0 1 73KS Philip Ranch
100   43.89   3   0 0.25 0 0 0 14   38.78294717 -099.22311834    0.00    0.00 1  0 0 0 32   38.77818781 -099.21930334    0.00    0.00 1  0 0 0
100   43.89   3   0 0.25 0 0 0 18   38.78285460 -099.22079851    0.00    0.00 1  0 0 0 36   38.77828038 -099.22162317    0.00    0.00 1  0 0 0
100   43.89   3   0 0.25 0 0 0 04   38.77929738 -099.22302034    0.00    0.00 1  0 0 0 22   38.78183760 -099.21940134    0.00    0.00 1  0 0 0
19   38.77947336 -099.22390543 1 WS
19   38.78359612 -099.22274230 1 WS
19   38.78316328 -099.21997533 1 WS
19   38.78166158 -099.21851622 1 WS
19   38.77753888 -099.21967938 1 WS
19   38.77797169 -099.22244629 1 WS
