1     2750 0 1 7A8  AVERY CO MORRISON FLD
100   18.29   1   0 0.25 0 0 0 16   35.94844400 -081.98072800    0.00    0.00 2  0 0 0 34   35.94069400 -081.97736100    0.00    0.00 2  0 0 0
110   1 0.30 160.62 Default taxiway for RWY 16
111  35.94841744 -081.98082127   3 
111  35.94828017 -081.98130334   3 
111  35.94053022 -081.97793595   3 
111  35.94066749 -081.97745393 
112  35.94082274 -081.97752139  35.94074437 -081.97749028   3 
111  35.94071160 -081.97760534   3 
112  35.94066791 -081.97775875  35.94063515 -081.97787380   3 
111  35.94071278 -081.97790753   3 
111  35.94439369 -081.97950690   3 
111  35.94450365 -081.97912073 
111  35.94458128 -081.97915446   3 
111  35.94447132 -081.97954063   3 
112  35.94815223 -081.98113999  35.94822985 -081.98117372   3 
111  35.94826261 -081.98105865   3 
112  35.94830630 -081.98090523  35.94833907 -081.98079016   3 
113  35.94826219 -081.98075381 
120 Default hold RWY 16 (near)
111  35.94836209 -081.98101567   4 
115  35.94828446 -081.98098194 
120 Default hold RWY 16 (centre)
111  35.94452593 -081.97934886   4 
115  35.94444830 -081.97931513 
120 Default hold RWY 16 (far)
111  35.94068976 -081.97768204   4 
115  35.94061214 -081.97764831 
19   35.94868116 -081.98050779 1 WS
19   35.94045683 -081.97758120 1 WS
51 12300 CTAF/UNICOM
