1      120 0 1 7B6  SKYLARK AIRPARK
100   18.29   1   0 0.25 0 1 0 10   41.93003600 -072.58040000  182.88    0.00 2  0 0 0 28   41.92849200 -072.56866700   53.34    0.00 2  0 0 0
110   1 0.30 100.03 Default taxiway for RWY 10
111  41.92995718 -072.58041873   3 102 
111  41.92954980 -072.58051555   3 102 
111  41.92800640 -072.56878227   3 102 
111  41.92841378 -072.56868545 
112  41.92844243 -072.56890329  41.92842589 -072.56879490   3 102 
111  41.92832865 -072.56881801   3 102 
112  41.92819900 -072.56884882  41.92810176 -072.56887193   3 102 
111  41.92811609 -072.56898085   3 102 
111  41.92885197 -072.57457519   3 102 
111  41.92917831 -072.57449763 
111  41.92919264 -072.57460655   3 102 
111  41.92886630 -072.57468411   3 102 
112  41.92960219 -072.58027845  41.92961651 -072.58038737   3 102 
111  41.92971375 -072.58036426   3 102 
112  41.92984340 -072.58033345  41.92994064 -072.58031034   3 102 
113  41.92992853 -072.58020089 
120 Default hold RWY 10 (near)
111  41.92979290 -072.58045777   4 
115  41.92977857 -072.58034885 
120 Default hold RWY 10 (centre)
111  41.92902836 -072.57464559   4 
115  41.92901403 -072.57453667 
120 Default hold RWY 10 (far)
111  41.92826382 -072.56883341   4 
115  41.92824950 -072.56872449 
18   41.92983194 -072.57440164 1 BCN
19   41.93030775 -072.58056007 1 WS
19   41.92822023 -072.56850699 1 WS
51 12280 CTAF/UNICOM
